x[nm]                Psi_1[nm^-1/2]       Psi_2[nm^-1/2]       Psi_3[nm^-1/2]       Psi_4[nm^-1/2]       Psi_5[nm^-1/2]       Psi_6[nm^-1/2]      
7.1142317671146      0                    0                    0                    0                    0                    0
7.260978922993       0.001232383351322    -0.0029932584075429  0.00037739754770964  -0.006340904795434   -0.01215183080246    -0.0065704677775089
7.4003918486039      0.0024904994196762   -0.0060213348158185  0.00075858050966881  -0.012660730551937   -0.024030821252241   -0.012969449141399
7.532837099151       0.0038450120043589   -0.0092328958892595  0.0011617975850783   -0.019197811150074   -0.035913122584408   -0.019328133651262
7.6586629098899      0.0053537634144791   -0.012747317846772   0.0016016534938395   -0.026137764979223   -0.0480068122983     -0.025744979336597
7.7782001117354      0.007066013649858    -0.016663492499408   0.0020901878349011   -0.03362739128219    -0.060467585200855   -0.032293090765414
7.891763001107       0.0090249165377949   -0.021065165754069   0.0026375336814683   -0.041783700139059   -0.073410003585313   -0.039025611641196
7.9996501663019      0.011268892885742    -0.026024089624852   0.003252310701818    -0.050699802940342   -0.086915709627898   -0.045979736298856
8.1021452725658      0.013832314112438    -0.031601801088142   0.0039418513137039   -0.060448785490173   -0.10103954986355    -0.053179753905901
8.1995178079279      0.016745761654872    -0.037850553696908   0.0047123236584585   -0.071086300354129   -0.11581425763513    -0.06063940993066
8.2920237917592      0.02003603639667     -0.044813747450442   0.0055687933075726   -0.082652365101528   -0.1312541336684     -0.068363781097053
8.3799064479186      0.023726034853305    -0.052526086397015   0.0065152515083076   -0.095172688246932   -0.14735802460217    -0.076350799280152
8.4633968442558      0.027834571305242    -0.061013616815056   0.0075546284411848   -0.10865973419642    -0.16411180305932    -0.08459251781453
8.5427145001525      0.032376199619149    -0.070293746758365   0.0086888036202553   -0.1231136633569     -0.18149048663257    -0.093076184617352
8.6180679636999      0.037361070555281    -0.080375311416509   0.0099186211486337   -0.13852323189745    -0.19946008761235    -0.10178516640618
8.6896553600291      0.042778899769601    -0.091223941325132   0.011239611802783    -0.15480533836298    -0.21788795524684    -0.11065284968086
8.7576649122373      0.048585935605409    -0.10273619950288    0.01263884842109     -0.17176667997003    -0.23649977983022    -0.11954196403782
8.8222754362784      0.054727027718405    -0.11478813328177    0.014100959221794    -0.18919008597043    -0.25500787805071    -0.12831037398183
8.8836568111193      0.06114531260456     -0.12725599409173    0.015610680341162    -0.20686934451899    -0.27315814436548    -0.13683461771626
8.9419704253995      0.067783335906082    -0.14001849163239    0.017153128992856    -0.22461217739552    -0.29073145728767    -0.14501026819688
8.9973696017656      0.074584225385988    -0.15295901360124    0.018714069549827    -0.24224283369631    -0.30754422688018    -0.15275184934931
9.05                 0.081492801930579    -0.16596760718202    0.020280148272699    -0.2596040711615     -0.32344798378973    -0.15999227864041
9.1                  0.088456556514693    -0.17894260450087    0.021839082965218    -0.27655842982348    -0.33832806027349    -0.16668187785144
9.15                 0.095801653833755    -0.19247983423516    0.023462212594574    -0.29385867003115    -0.35281235381696    -0.17309951905157
9.2                  0.10351517261742     -0.2065321148451     0.025143369642971    -0.31138912096107    -0.36671851230453    -0.17915352213944
9.25                 0.11157854234011     -0.2210406667386     0.026874975321925    -0.32901783617886    -0.37985159511809    -0.18474700796328
9.3                  0.11996696140696     -0.23593426529911    0.028647943826482    -0.34659626021179    -0.39200536286786    -0.18977869312421
9.35                 0.12864883350739     -0.25112848613734    0.030451598942245    -0.36395915175264    -0.40296396973596    -0.19414388359198
9.4                  0.13758523567364     -0.26652507138591    0.032273606521899    -0.38092480324732    -0.41250408016136    -0.19773567409773
9.45                 0.14672943326156     -0.28201144811916    0.034099926596745    -0.39729559651145    -0.42039742522246    -0.20044635658444
9.5                  0.15602645866937     -0.29746043185201    0.03591478908529     -0.4128589328604     -0.42641380621401    -0.2021690366048
9.55                 0.16541277207044     -0.31273014943052    0.037700697190609    -0.42738857387178    -0.4303245435426     -0.20279945146757
9.6                  0.17481602369482     -0.32766421634677    0.039438462625539    -0.44064642518691    -0.43190635819551    -0.2022379781764
9.65                 0.18417290636021     -0.34212671105733    0.041111448440122    -0.45243326263115    -0.43099653146049    -0.20041600915747
9.7                  0.19345668479558     -0.35605252284557    0.042711600616807    -0.46265304990376    -0.42754938121777    -0.19732156510453
9.75                 0.20266367396663     -0.36941980674843    0.044236084302804    -0.47127038969709    -0.42158520121618    -0.19297429316464
9.8                  0.21179021931925     -0.38220759394717    0.045682198700721    -0.47825543494878    -0.41313910323276    -0.18740179490033
9.85                 0.22083269823009     -0.39439582466048    0.047047381853332    -0.48358399222022    -0.40226081036596    -0.18063945104264
9.9                  0.22978752144451     -0.4059653796116     0.048329215182377    -0.48723760549309    -0.3890143643103     -0.17273019685292
9.95                 0.23865113450127     -0.4168981100201     0.049525427773353    -0.4892036200937     -0.373477748336      -0.16372424951959
10                   0.24742001914343     -0.42717686607124    0.050633900398696    -0.48947522652377    -0.35574242819293    -0.15367878932074
10.05                0.25609069471483     -0.43678552381839    0.051652669272237    -0.48805148404589    -0.33591281364178    -0.14265759657694
10.1                 0.2646597195417      -0.44570901047608    0.052579929528275    -0.48493732394181    -0.31410564378249    -0.13073064669917
10.15                0.27312369229876     -0.4539333280642     0.053414038419102    -0.48014353243246    -0.29044929979837    -0.1179736659032
10.2                 0.28147925335931     -0.46144557536616    0.054153518225317    -0.47368671331873    -0.26508304916217    -0.10446765041104
10.25                0.28972308612882     -0.46823396816663    0.054797058873777    -0.46558923047244    -0.23815622575326    -0.090298352192281
10.3                 0.29785191836133     -0.47428785773703    0.055343520258544    -0.45587913037678    -0.20982735071285    -0.075555734510372
10.35                0.30586252345835     -0.47959774753984    0.055791934260707    -0.44459004498428    -0.18026319921276    -0.060333400730712
10.4                 0.31375172174959     -0.48415530812554    0.056141506463522    -0.43176107522909    -0.14963781863182    -0.044728000017084
10.45                0.3215163817551      -0.48795339019867    0.056391617559808    -0.41743665559671    -0.11813150392       -0.028838613689822
10.5                 0.3291534214282      -0.49098603583277    0.056541824449121    -0.40166640022055    -0.085929736182422   -0.012766126141806
10.55                0.33665980937891     -0.49324848781636    0.056591861022759    -0.3845049310381     -0.053222090731896   0.0033874156935629
10.6                 0.34403256607716     -0.49473719711539    0.056541638635203    -0.36601168860214    -0.020201121038401   0.019519450255546
10.65                0.35126876503549     -0.49544982844055    0.056391246261163    -0.34625072620214    0.012938774854147    0.035527552536709
10.7                 0.35836553397066     -0.49538526391049    0.056140950337948    -0.32529048800892    0.046002498770354    0.051310084396567
10.75                0.36532005594373     -0.49454360480548    0.055791194293444    -0.30320357201113    0.078795400967541    0.06676683987927
10.8                 0.37212957047825     -0.49292617140849    0.055342597760528    -0.28006647856442    0.11112442605997     0.081799681438118
10.85                0.37879137465592     -0.49053550093409    0.05479595547932     -0.25595934542447    0.14279924955695     0.096313163027387
10.9                 0.38530282418951     -0.48737534354845    0.054152235889208    -0.2309656701814     0.17363339832377     0.11021513610537
10.95                0.39166133447245     -0.48345065648656    0.053412579413146    -0.20517202105712    0.20344534836943     0.123417334701
11                   0.39786438160473     -0.47876759627597    0.052578296437269    -0.17866773706719    0.23205959349807     0.13583593582939
11.05                0.40390950339476     -0.47333350907925    0.051650864989388    -0.15154461858572    0.2593076785331      0.1473920916981
11.1                 0.40979430033663     -0.4671569191703     0.050631928120498    -0.12389660938517    0.28502919103115     0.15801243032505
11.15                0.41551643656261     -0.46024751556263    0.049523290993922    -0.095819471252159   0.30907270564756     0.16762952138961
11.2                 0.42107364077031     -0.45261613681048    0.048326917687264    -0.067410452306506   0.33129667559394     0.17618230435909
11.25                0.42646370712424     -0.4442747540068     0.047044927712811    -0.038767950172105   0.35157026593946     0.18361647617235
11.3                 0.43168449613135     -0.4352364520045     0.045679592262584    -0.0099911711664195  0.36977412385037     0.18988483601907
11.35                0.43673393549032     -0.42551540889076    0.044233330184653    0.018820213311021    0.3858010812331      0.1949475850257
11.4                 0.44161002091404     -0.41512687374628    0.042708703697879    0.047566412000998    0.39955678564452     0.19877257894516
11.45                0.44631081692529     -0.40408714272455    0.04110841385264     0.076147859422124    0.41096025575504     0.20133553224614
11.5                 0.45083445762489     -0.39241353348865    0.039435295745622    0.10446556072635     0.41994435809451     0.20262017230599
11.55                0.45517914743239     -0.38012435804553    0.037692313497111    0.13242143457803     0.42645620227426     0.20261834272837
11.6                 0.45934316179877     -0.36723889402065    0.03588255499972     0.15991865286895     0.4304574523586      0.20133005512957
11.65                0.46332484789101     -0.35377735441773    0.034009226447834    0.18686197609264     0.43192455255263     0.19876348906478
11.7                 0.4671226252481      -0.33976085591134    0.032075646657464    0.21315808321642     0.43084886587776     0.19493494009469
11.75                0.47073498640841     -0.3252113857218     0.030085241186593    0.23871589490866     0.42723672501857     0.18986871632224
11.8                 0.47416049750805     -0.31015176712462    0.028041536266399    0.26344688900152     0.42110939504158     0.18359698405636
11.85                0.47739779885        -0.2946056236483     0.02594815255414     0.28726540709688     0.41250294820553     0.17615956358268
11.9                 0.48044560544383     -0.27859734201697    0.023808798718741    0.31008895125317     0.4014680516         0.1676036763378
11.95                0.48330270751575     -0.26215203389565    0.021627264870461    0.33183846972565     0.38806966886279     0.15798364509243
12                   0.48596797098882     -0.24529549649846    0.019407415846286    0.35243863077045     0.37238667773189     0.14736054904697
12.05                0.48844033793308     -0.22805417212137    0.017153184362919    0.371818083564       0.35451140568366     0.13580183602936
12.1                 0.49071882698551     -0.21045510666302    0.014868564049527    0.38990970533411     0.33454908639091     0.12338089425744
12.15                0.49280253373952     -0.19252590719873    0.01255760237257     0.4066508338467      0.31261724020082     0.11017658638481
12.2                 0.49469063110399     -0.17429469867417    0.010224393465248    0.4219834844431      0.28884498227984     0.0962727487885
12.25                0.49638236963152     -0.15579007978671    0.0078730708742769   0.43585455087598     0.26337226249869     0.081757659277722
12.3                 0.49787707781594     -0.13704107812356    0.0055078002368378   0.4482159892484      0.2363490415322      0.066723476603145
12.35                0.49917416235886     -0.11807710462713    0.0031327719006726   0.45902498441895     0.20793440802448     0.051265655325465
12.4                 0.50027310840514     -0.098927907459123   0.00075219350040386  0.46824409829646     0.17829564201679     0.035482339758294
12.45                0.50117347974727     -0.079623525335487   -0.001629717496772   0.47584139951077     0.14760723015168     0.019473740833371
12.5                 0.50187491899851     -0.060194240405723   -0.0040087412628105  0.48179057401036     0.11604983845118     0.0033414998444576
12.55                0.50237714773476     -0.040670530750254   -0.0063806630847277  0.4860710162039      0.083809248716179    -0.012811956890375
12.6                 0.50267996660507     -0.021083022570467   -0.0087412808314469  0.48866790032983     0.051075264808825    -0.028884068350704
12.65                0.50278325541075     -0.0014624421463949  -0.011086412398355   0.48957223180696     0.018040595256458    -0.044772789990973
12.7                 0.50268697315312     0.018160432362586    -0.013411903116378   0.48878087838813     -0.015100281244446   -0.060377241638512
12.75                0.50239115804972     0.037754819198445    -0.015713633112457   0.48629658100912     -0.048152260745544   -0.075598347998768
12.8                 0.50189592751923     0.057289981290827    -0.017987524608371   0.48212794429507     -0.080920762644806   -0.090339467701049
12.85                0.50120147813479     0.076735274473284    -0.020229549144989   0.47628940675753     -0.11321287520371    -0.10450700689089
12.9                 0.50030808554599     0.096060195553774    -0.022435734719147   0.46880119078508     -0.14483849123966    -0.1180110134732
12.95                0.49921610436947     0.11523443016401     -0.024602172820509   0.45968923260101     -0.17561142730763    -0.1307657482333
13                   0.49792596804815     0.13422790031262     -0.026725025355933   0.44898509243048     -0.20535051978245    -0.14269022920963
13.05                0.49643818867921     0.1530108115675      -0.028800531449102   0.43672584518836     -0.2338806913887     -0.15370874586192
13.1                 0.49475335681076     0.17155369979335     -0.030825014103339   0.42295395206633     -0.26103398189978    -0.16375133977012
13.15                0.4928721412075      0.18982747737112     -0.032794886715833   0.40771711346413     -0.286650536938      -0.17275424881224
13.2                 0.49079528858521     0.20780347882677     -0.034706659431713   0.39106810377418     -0.3105795490547     -0.1806603120008
13.25                0.48852362331441     0.22545350579788     -0.036556945326728   0.37306458859193     -0.33268014555016    -0.18741933240758
13.3                 0.48605804709309     0.24274987126747     -0.038342466407569   0.35376892498502     -0.3528222178065     -0.19298839587241
13.35                0.48339953858883     0.25966544299577     -0.040060059419212   0.33324794551299     -0.37088718725126    -0.19733214347234
13.4                 0.4805491530503      0.27617368608157     -0.041706681448983   0.31157272674571     -0.38676870344242    -0.20042299602147
13.45                0.47750802188845     0.29224870458677     -0.04327941531743    0.2888183430822      -0.40037327016497    -0.20224132917582
13.5                 0.47427735222736     0.30786528215838     -0.044775474746436   0.26506360672257     -0.41162079585335    -0.20277559803161
13.55                0.47085842642513     0.32299892158465     -0.046192209295435   0.24039079469363     -0.4204450650992     -0.2020224104258
13.6                 0.46725260156486     0.33762588322302     -0.047527109056965   0.21488536387383     -0.42679412846868    -0.19998654847348
13.65                0.46346130891598     0.3517232222397      -0.048777809103264   0.18863565500432     -0.43063060833445    -0.19668093820545
13.7                 0.45948605336612     0.3652688246025      -0.049942093676001   0.16173258671153     -0.43193191892182    -0.19212656749866
13.75                0.45532841282379     0.3782414417704      -0.051017900111753   0.13426934060093     -0.43069039927367    -0.18635235282064
13.8                 0.45099003759205     0.39062072402538     -0.052003322496246   0.10634103851278     -0.42691335835136    -0.17939495563395
13.85                0.44647264971345     0.4023872523944      -0.052896615040903   0.078044413057597    -0.42062303200603    -0.17129854962641
13.9                 0.44177804228649     0.41352256911132     -0.053696195175704   0.049477472572601    -0.41185645207378    -0.16211454024489
13.95                0.43690807875389     0.42400920657091     -0.054400646352894   0.020739161659544    -0.40066522836517    -0.15190123831345
14                   0.43186469216292     0.43383071472982     -0.055008720556557   -0.0080709815203293  -0.38711524483267    -0.14072348980811
14.05                0.42664988439812     0.44297168691113     -0.055519340513621   -0.036853170007165   -0.37128627170467    -0.12865226413878
14.1                 0.42126572538667     0.45141778397234     -0.05593160160237    -0.06550771366513    -0.35327149586944    -0.11576420355257
14.15                0.4157143522768      0.45915575679869     -0.056244773455084   -0.093935364469674   -0.33317697227375    -0.10214113651916
14.2                 0.40999796858946     0.46617346708665     -0.056458301251969   -0.1220376602635     -0.31112099956593    -0.087869558188119
14.25                0.40411884334366     0.47245990638484     -0.056571806704086   -0.14971726579059    -0.28723342365876    -0.073040081216579
14.3                 0.39807931015586     0.47800521336262     -0.056585088723531   -0.17687830982713    -0.26165487331248    -0.057746860454212
14.35                0.39188176631364     0.48280068927928     -0.056498123779686   -0.2034267172415     -0.23453593223799    -0.042086995138204
14.4                 0.3855286718242      0.48683881162942     -0.056311065940905   -0.22927053483348    -0.2060362525941     -0.026159912393836
14.45                0.37902254843781     0.49011324594329     -0.056024246601567   -0.25432024982374    -0.17632361509792    -0.010066735954893
14.5                 0.37236597864693     0.49261885572344     -0.055638173894971   -0.27848909989083    -0.14557294128152    0.0060903558879658
14.55                0.36556160466109     0.49435171050221     -0.055153531793118   -0.30169337368154    -0.11396526370979    0.022208779034405
14.6                 0.35861212735814     0.49530909200726     -0.054571178894982   -0.32385270075403    -0.081686660222038   0.038186194898165
14.65                0.35152030521214     0.49548949842573     -0.053892146905395   -0.34489032994926    -0.048927158471503   0.053921160171996
14.7                 0.34428895319849     0.49489264675998     -0.053117638807273   -0.36473339522673    -0.01587961721185    0.069313770908324
14.75                0.3369209416765      0.4935194732716      -0.052249026730388   -0.38331316804365    0.017261409083305    0.084266296826259
14.8                 0.32941919525014     0.4913721320127      -0.051287849520483   -0.40056529540349    0.050300815583761    0.098683801817624
14.85                0.32178669160709     0.4884539914469      -0.050235810013035   -0.41643002274933    0.083044095706114    0.11247474671231
14.9                 0.31402646033685     0.48476962916536     -0.049094772016482   -0.43085240093009    0.11529848619519     0.12555157047592
14.95                0.30614158172817     0.48032482470604     -0.047866757010277   -0.44378247652264    0.14687410194232     0.1378312461495
15                   0.29813518554639     0.47512655048755     -0.046553940563603   -0.45517546485076    0.17758505385963     0.14923580800174
15.05                0.29001044979113     0.46918296087173     -0.045158648481103   -0.46499190510158    0.20725054322938     0.15969284654655
15.1                 0.28177059943488     0.4625033793722      -0.043683352682454   -0.47319779700224    0.23569592608567     0.16913596828305
15.15                0.27341890514282     0.45509828402881     -0.042130666823075   -0.47976471858341    0.26275374136248     0.17750521723914
15.2                 0.26495868197466     0.44697929097114     -0.040503341663737   -0.48466992462179    0.28826469675521     0.18474745564208
15.25                0.25639328806875     0.43815913619666     -0.038804260197279   -0.48789642542056    0.31207860649184     0.19081670129914
15.3                 0.24772612330915     0.42865165559214     -0.037036432541051   -0.48943304565498    0.33405527549288     0.19567441954632
15.35                0.23896062797607     0.4184717632298      -0.035202990604151   -0.48927446307932    0.3540653247151      0.19928976791141
15.4                 0.23010028138033     0.40763542797207     -0.033307182538888   -0.487421226961      0.37199095282002     0.20163979193807
15.45                0.22114860048233     0.39615964842175     -0.031352366986306   -0.48387975617815    0.38772662968326     0.20270957092751
15.5                 0.212109138496       0.38406242625691     -0.02934200712597    -0.47866231698718    0.40117971766181     0.20249231267257
15.55                0.20298548347847     0.37136273799218     -0.027279664540546   -0.47178698053724    0.41227101696197     0.20098939658252
15.6                 0.19378125690583     0.35808050521098     -0.025168992906047   -0.46327756027896    0.42093523189713     0.19821036492503
15.65                0.18450011223562     0.34423656331514     -0.023013731518934   -0.45316352948406    0.42712135529062     0.19417286224067
15.7                 0.1751457334567      0.32985262884111     -0.020817698671515   -0.44147991916153    0.43079296876047     0.18890252331473
15.75                0.16574489283221     0.31499392538983     -0.018587825706771   -0.42832247866598    0.43197861868628     0.18245668476874
15.8                 0.15636101295649     0.29979704262922     -0.016334957232586   -0.41389039964975    0.43082489811559     0.1749422651915
15.85                0.14706660035225     0.28441938150807     -0.014069696989023   -0.39842197052253    0.42754224212126     0.166486440195
15.9                 0.13792535380252     0.2690038983751      -0.011800528117123   -0.38214372018762    0.42234919105998     0.15721379466797
15.95                0.12899240254972     0.25367892572587     -0.0095338011956993  -0.36526862984707    0.41546851121252     0.14724445128092
16                   0.12031464634441     0.23855824945387     -0.0072737369644903  -0.3479947882972     0.40712371945893     0.13669245477732
16.05                0.11193117781634     0.22374140771796     -0.0050224387085237  -0.33050445852435    0.39753603122925     0.12566440651037
16.1                 0.10387376890189     0.20931417726174     -0.0027799093195664  -0.31296351968565    0.38692174005934     0.11425833841264
16.15                0.096167404526482    0.19534921439096     -0.00054406811316848 -0.29552124618496    0.37549002758249     0.10256281118184
16.2                 0.088830848344039    0.18190681970531     0.0016892374544344   -0.27831038438638    0.36344119474023     0.090656217894646
16.25                0.081877227021988    0.16903579797265     0.0039262299746322   -0.26144748739754    0.35096529839877     0.078606271467879
16.3                 0.075314621279882    0.15677438711734     0.0061752149673012   -0.24503346915031    0.33824117237405     0.066469652301455
16.35                0.069146653601617    0.14515123307238     0.0084466132744164   -0.22915434055595    0.3254358080347      0.054291790977954
16.4                 0.063373064210687    0.13418639013228     0.010753017887797    -0.21388209267335    0.31270406708221     0.042106759969367
16.45                0.057990268498073    0.12389232936682     0.013109280319942    -0.19927569446574    0.30018869770148     0.029937247815506
16.5                 0.0529918906027      0.1142749405555      0.01553263191974     -0.18538217571131    0.2880206249237      0.017794589091982
16.55                0.048369269250663    0.10533451593044     0.018042845953028    -0.1722377688656     0.27631948663364     0.0056788235778101
16.6                 0.044111933252928    0.097066706735879    0.02066244683358     -0.15986908705189    0.26519438807456     -0.0064212417364031
16.65                0.040208045238358    0.089463446201226    0.023416973627683    -0.14829431879932    0.25474484984819     -0.018527993888041
16.7                 0.036644813260468    0.082513834967417    0.02633530589309     -0.13752442359027    0.24506192717716     -0.030675024305001
16.75                0.033403740865293    0.076193702485776    0.029447857480919    -0.12754565869255    0.23619866636399     -0.042906993057783
16.8                 0.030459321556818    0.070461917667409    0.032781885738658    -0.11831268306777    0.22815025924545     -0.055267373389183
16.85                0.027785406435136    0.065274221182552    0.036362465817408    -0.10977150934975    0.2208889398973      -0.067793157310003
16.9                 0.025358248903193    0.060590555007969    0.040216527178937    -0.10187219529977    0.21438965774245     -0.080521831849093
16.95                0.023156293777195    0.056374753109468    0.044373056131553    -0.094568551782558   0.20862999112985     -0.093491491244126
17                   0.021159985858592    0.052594262177326    0.048863313835475    -0.087817872687648   0.20359006998279     -0.10674095094961
17.05                0.019351596267605    0.049219890258228    0.053721071417311    -0.081580685216788   0.1992525072498      -0.12030986380334
17.1                 0.017715064995974    0.046225581342703    0.058982863961936    -0.075820519077247   0.19560233892169     -0.13423883869903
17.15                0.016235858280695    0.043588214167496    0.064688265292039    -0.070503693231494   0.19262697240767     -0.14856956212009
17.2                 0.014900839532076    0.041287423679272    0.070880185601951    -0.065599118956305   0.19031614309264     -0.16334492289853
17.25                0.013698152669859    0.039305443781056    0.07760519418424     -0.061078118059725   0.18866187892564     -0.17860914057217
17.3                 0.01261711683134     0.037626970147113    0.084913869676314    -0.056914255192985   0.18765847291735     -0.19440789772438
17.35                0.011648131516395    0.036239042046986    0.092861180461202    -0.053083183276836   0.18730246345172     -0.21078847670245
17.4                 0.010782591327028    0.035130942266156    0.10150689808353     -0.049562501138489   0.18759262234387     -0.22779990112361
17.45                0.010012809544263    0.034294114350541    0.11091604678993     -0.046331622526722   0.18852995060305     -0.24549308259247
17.5                 0.0093319498636607   0.033722096535813    0.12115939257496     -0.043371655739256   0.19011768188592     -0.26392097306861
17.55                0.0087327206632116   0.033406476836102    0.13230296710719     -0.040659526596451   0.1923398609644      -0.2831133594004
17.6                 0.0082067297226256   0.033333349664346    0.14438707985038     -0.038164991442524   0.19513808428355     -0.30303281615929
17.65                0.0077458133573832   0.033486970989487    0.15743110636436     -0.035857120891825   0.19843074160775     -0.3235898711846
17.7                 0.00734277145407     0.033853076799999    0.17144912007704     -0.033708085780456   0.2021345084294      -0.34467742063668
17.75                0.0069912281412813   0.034418486302808    0.18644862208278     -0.031692792350665   0.20616351983184     -0.36616967966489
17.8                 0.0066855108952778   0.035170736439777    0.20242920704286     -0.029788577875968   0.21042869423743     -0.38792131693018
17.85                0.0064205454841672   0.036097743495467    0.21938117393743     -0.027974959626932   0.21483721299413     -0.40976681687076
17.9                 0.0061917645716065   0.037187488696089    0.23728409394216     -0.026233431039414   0.21929216369575     -0.43152011612374
17.95                0.0059950281571323   0.038427725729947    0.25610535146884     -0.024547299726012   0.22369235657061     -0.4529745622739
18                   0.0058265543347242   0.039805709068891    0.27579867838508     -0.022901562591003   0.22793232417874     -0.47390324391495
18.05                0.0056828591119461   0.04130794284866     0.2963027055669      -0.021282813788904   0.23190251498915     -0.49405974069194
18.1                 0.0055607042554122   0.042919950879604    0.31753956017539     -0.019679181624468   0.23548969112553     -0.51317934035884
18.15                0.0054570523196595   0.044626069110437    0.33941354130301     -0.018080290742799   0.23857753962838     -0.53098076674854
18.2                 0.005369028180024    0.046409262555335    0.36180991080751     -0.016477246116292   0.24104750494559     -0.54716845774056
18.25                0.0052938865292161   0.048250969314242    0.38459384012264     -0.01486263541342    0.24277984799752     -0.56143542566845
18.3                 0.0052289849146683   0.050130974860494    0.4076095574696      -0.013230546345623   0.24365493404407     -0.57346672400699
18.35                0.0051717619914663   0.052027320228633    0.43067974303586     -0.011576595544978   0.24355474769745     -0.58294353352553
18.4                 0.0051197207453582   0.05391624809622     0.45360522217031     -0.0098979654397853  0.24236462878194     -0.58954786834166
18.45                0.0050704165031419   0.055772191002216    0.4761650082811      -0.0081934454802849  0.23997521736583     -0.59296788746955
18.5                 0.005021449594491    0.057567806065355    0.49811674772082     -0.0064634739362113  0.23628459023021     -0.59290378060377
18.55                0.0049710647284446   0.059280346574855    0.51925030673852     -0.0047114063357413  0.23122962306861     -0.58914468821167
18.6                 0.0049187066847655   0.060899895953853    0.53946395438712     -0.0029430202840946  0.22481338193968     -0.58164501685927
18.65                0.0048643962460679   0.062423913668491    0.55872187987548     -0.00116444077228    0.21707363995355     -0.57045238322448
18.7                 0.0048081549699353   0.063850009042291    0.57698996558371     0.00061817190257263  0.208055961814       -0.55563785122544
18.75                0.0047500051803635   0.065175945006329    0.59423584750639     0.0023986434740493   0.19781343557408     -0.53729548082365
18.8                 0.0046899699588995   0.066399641608458    0.61042897258915     0.0041708070916727   0.18640636010097     -0.51554173082149
18.85                0.0046280731354797   0.067519179276052    0.62554065285692     0.0059285246804369   0.17390189009        -0.49051471944558
18.9                 0.0045643392789709   0.068532801827184    0.6395441162379      0.0076657082006761   0.1603736407176      -0.46237334741092
18.95                0.0044987936874183   0.069438919225487    0.65241455399341     0.0093763407346294   0.14590125426078     -0.43129628903343
19                   0.0044314623780038   0.07023611007439     0.6641291646694      0.011054497326668    0.13056993123438     -0.39748085779662
19.05                0.0043623720767188   0.070923123846822    0.6746671944918      0.012694365505004    0.11446992880632     -0.36114175357497
19.1                 0.0042915502077563   0.071498882846868    0.68400997413424     0.014290265413793    0.09769602944388     -0.32250969946827
19.15                0.0042190248826244   0.071962483900315    0.69214095179291     0.015836669485917    0.08034698291894     -0.28182997690175
19.2                 0.0041448248889888   0.072313199771433    0.69904572250994     0.01732822158829     0.062524924957363    -0.23936086829293
19.25                0.0040689796792458   0.072550480303769    0.70471205369346     0.018759755573394    0.044334775954838    -0.19537201717301
19.3                 0.0039915193588313   0.072673953283152    0.70912990678901     0.020126313172765    0.025883623299088    -0.15014271617467
19.35                0.0039124746742716   0.072683425021579    0.71229145506402     0.021423161170486    0.0072800909347641   -0.10396013375598
19.4                 0.0038318770009786   0.072578880661047    0.71419109747375     0.022645807797173    -0.011366300117551   -0.057117490919512
19.45                0.003749758330796    0.072360484196856    0.71482546858418     0.023790018287692    -0.029945776523509   -0.0099121995026913
19.5                 0.0036661512593009   0.072028578220358    0.71419344453423     0.024851829548711    -0.048348958882571   0.03735602614005
19.55                0.0035810889728653   0.071583683381545    0.7122961450269      0.025827563885296    -0.066467505656449   0.084387072074285
19.6                 0.0034946052354834   0.071026497572323    0.70913693134547     0.026713841738988    -0.084194750987535   0.13088233025954
19.65                0.0034067343753697   0.07035789483175     0.7047214003987      0.027507593393262    -0.10142633265242    0.17654659446208
19.7                 0.003317511271333    0.069578923974961    0.6990573748052      0.028206069605813    -0.11806080645366    0.22108993456912
19.75                0.0032269713389316   0.068690806947927    0.69215488903482     0.028806851130844    -0.13400024343283    0.26422953740392
19.8                 0.0031351505164161   0.067694936910625    0.68402617163138     0.02930785709838     -0.14915080638894    0.30569150235438
19.85                0.003042085250464    0.066592876051638    0.67468562354844     0.029707352221579    -0.16342330230827    0.34521258041417
19.9                 0.0029478124817129   0.065386353137601    0.66414979263636     0.030003952807082    -0.17673370745336    0.38254184559511
19.95                0.0028523696300979   0.064077260801335    0.65243734432589     0.030196631547577    -0.18900366201987    0.41744228809854
20                   0.0027557945799978   0.062667652572947    0.63956902856021     0.03028472107999     -0.20016093144933    0.44969231913047
20.05                0.0026581256651982   0.061159739658515    0.62556764303403     0.030267916296963    -0.21013983168178    0.47908717780626
20.1                 0.002559401653675    0.059555887471447    0.61045799280488     0.03014627540363     -0.21888161584506    0.50544023121194
20.15                0.0024596617322065   0.057858611921933    0.5942668463481      0.029920219716013    -0.226334820104      0.5285841593681
20.2                 0.0023589454908188   0.05607057547032     0.5770228881334      0.029590532201753    -0.23245556663361    0.54837201757261
20.25                0.0022572929070711   0.054194582950599    0.55875666780709     0.029158354768216    -0.23720782193264    0.56467816937733
20.3                 0.0021547443301875   0.052233577170551    0.53950054606983     0.028625184307382    -0.24056360895673    0.57739908427508
20.35                0.002051340465041    0.050190634295465    0.51928863734599     0.027992867511195    -0.24250317182229    0.58645399503232
20.4                 0.0019471223559962   0.048068959022655    0.49815674934599     0.027263594475358    -0.24301509211154    0.59178541049393
20.45                0.0018423877837878   0.045878103217151    0.47620661431132     0.026443307140184    -0.24212507318431    0.59342838430672
20.5                 0.0017378418715922   0.043638006825935    0.45364837757618     0.02554433186712     -0.23992466984664    0.59158367481292
20.55                0.0016342904600385   0.041371611751502    0.43072441103144     0.024581399986483    -0.23653951157542    0.58654279716871
20.6                 0.0015324412635246   0.039099731053329    0.40765572094611     0.02356850928028     -0.2320982665215     0.57861084312833
20.65                0.0014329065179543   0.036841022935446    0.38464150302939     0.022518813615178    -0.22673045757451    0.56810060544684
20.7                 0.0013362067595377   0.034612002058533    0.36185909951785     0.02144453998709     -0.22056452181799    0.5553272576506
20.75                0.0012427755170732   0.032427083037205    0.33946430600603     0.020356930972342    -0.21372612054612    0.54060362416055
20.8                 0.0011529647141509   0.030298651088723    0.31759197633721     0.019266210350666    -0.20633670089742    0.52423605890797
20.85                0.0010670505939826   0.028237154998776    0.29635687550884     0.018181569518913    -0.19851230488739    0.50652093569128
20.9                 0.00098523999736449  0.02625121784448     0.27585473302923     0.017111172242578    -0.19036261719968    0.48774174067432
20.95                0.0009076768429933   0.02434776124677     0.2561634523056      0.016062175285541    -0.18199023951014    0.46816674664583
21.002630398234      0.00083072826840743  0.02243937601402     0.23638193360867     0.014988003998118    -0.17304188096677    0.44697992279195
21.058029574601      0.00075497912558226  0.020540977015229    0.21666531632654     0.013897163278112    -0.16358206016616    0.42432663669073
21.116343188881      0.00068104400626744  0.018668694536083    0.19718227476742     0.012799381989668    -0.1536943144142     0.40040318413569
21.177724563722      0.00060955636042779  0.016839635821476    0.17811262257575     0.011705534160338    -0.14348194185557    0.37545968379507
21.242335087763      0.0005411561217613   0.015071594387411    0.15964434782127     0.010627516392752    -0.13306823270655    0.34980170835009
21.310344639971      0.0004764766429641   0.013382724382703    0.1419702520544      0.0095780873882242   -0.12259616120385    0.32379052965806
21.3819320363        0.00041613219534873  0.01179120989771     0.12528449996423     0.0085706838952931   -0.11222759434754    0.2978420622428
21.457285499847      0.0003606100902444   0.010312225332842    0.10975037765214     0.0076172659081812   -0.10211687438604    0.27235798447779
21.536603155744      0.00031002487593888  0.0089508127533923   0.09542433696036     0.006722975064815    -0.092338638179985   0.24753321968004
21.620093552081      0.00026426349201696  0.0077056760203761   0.082295715818519    0.0058885070414297   -0.082912009148657   0.22341643988417
21.707976208241      0.00022316383572312  0.0065742613394414   0.070340773630566    0.0051138519133598   -0.07385104381586    0.20004496002303
21.800482192072      0.00018651635128933  0.0055527476723792   0.059522498578435    0.0043982384851671   -0.065163691047792   0.17744203349691
21.897854727434      0.00015406601451238  0.0046360438698022   0.049790476253726    0.0037400761243731   -0.056850599791089   0.15561371201862
22.000349833698      0.00012551431385674  0.0038177830698943   0.041080722199145    0.0031368888712978   -0.04890372364373    0.13454514016298
22.108236998893      0.0001005206295189   0.0030902995778035   0.033315325131367    0.0025852334006522   -0.04130464496454    0.11419609616903
22.221799888265      7.8702128412879e-05  0.0024445658029396   0.026401667510306    0.0020805877610215   -0.034022503972253   0.094495505478495
22.34133709011       5.9630874863518e-05  0.0018700555893987   0.020230872223534    0.0016171909815981   -0.027011364133175   0.075334530646744
22.467162900849      4.2826216238956e-05  0.0013544832545631   0.014674945975352    0.0011878034362541   -0.020206766182665   0.0565576634519
22.599608151396      2.7739488607357e-05  0.00088334118308767  0.0095818136827984   0.00078334238927126  -0.013521107363476   0.037950986522066
22.739021077007      1.3726437221311e-05  0.00043911665832961  0.0047669996004479   0.00039232329384317  -0.0068373114351026  0.019226393607726
22.885768232885      0                    0                    0                    0                    0                    0
