x[nm]                Psi^2_1[nm^-1]       Psi^2_2[nm^-1]       Psi^2_3[nm^-1]       Psi^2_4[nm^-1]       Psi^2_5[nm^-1]       Psi^2_6[nm^-1]      
7.1142317671146      0                    0                    0                    0                    0                    0
7.260978922993       1.5187687246158e-06  8.959595894326e-06   1.4242890901725e-07  4.0207073624758e-05  0.00014766699185162  4.3171046815282e-05
7.4003918486039      6.2025873594077e-06  3.6256472964188e-05  5.754443896494e-07   0.00016029409810875  0.00057748037005717  0.00016820661103133
7.532837099151       1.4784117313664e-05  8.5246366501906e-05  1.3497736286937e-06  0.0003685559529539   0.0012897523737627   0.00037357675044106
7.6586629098899      2.8662782698215e-05  0.00016249411228663  2.5652939143283e-06  0.00068318275810911  0.0023046540270442   0.00066280396104181
7.7782001117354      4.992854889998e-05   0.00027767198227782  4.3688851851687e-06  0.0011308014444455   0.0036563288600227   0.0010428437111833
7.891763001107       8.1449118514163e-05  0.00044374120824639  6.9565839208798e-06  0.0017458775973108   0.0053890286263957   0.0015229983639694
7.9996501663019      0.00012698794687033  0.00067725324080232  1.057752490116e-05   0.0025704700181895   0.007554340580121    0.0021141361501124
8.1021452725658      0.00019133291370515  0.0009986738320145   1.5538191779349e-05  0.0036540556672369   0.01020899063663     0.0028280862254922
8.1995178079279      0.00028042053340179  0.0014326644151625   2.2205994262067e-05  0.0050532620980374   0.013412942271575    0.0036771380367386
8.2920237917592      0.00040144275448869  0.002008271960552    3.1011458902466e-05  0.0068314134568763   0.017227647605041    0.0046736065658858
8.3799064479186      0.00056292472986023  0.0027589897521867   4.2448502216504e-05  0.0090578405881478   0.021714387414653    0.0058294445507181
8.4633968442558      0.00077476335974663  0.0037226614368545   5.7072410884358e-05  0.011806937835638    0.02693268390338     0.0071558940702015
8.5427145001525      0.001048218301779    0.0049412108333291   7.5495308351362e-05  0.015156974105156    0.032938796738129    0.0086631761429234
8.6180679636999      0.0013958495930366   0.0064601906853009   9.8379045490123e-05  0.019188685775313    0.039784326550324    0.010360220100334
8.6896553600291      0.0018300342654976   0.0083218074708911   0.00012632887347725  0.023964692785677    0.047475161041649    0.012244053142496
8.7576649122373      0.002360593138653    0.010554726688295    0.00015974048941129  0.029503792347927    0.055932145859741    0.01429028116602
8.8222754362784      0.0029950475628911   0.013176315542314    0.00019883705097471  0.035792888629499    0.065029017867925    0.016463552071357
8.8836568111193      0.0037387492535094   0.016194088032274    0.00024369334071394  0.042794925701716    0.074615371833193    0.018723712605555
8.9419704253995      0.0045945806265568   0.019605177999011    0.00029422983424555  0.050450630234358    0.084524780256612    0.021027977882532
8.9973696017656      0.0055628066764279   0.023396459841865    0.00035021639911577  0.05868159047722     0.09458345148733     0.023333127479635
9.05                 0.0066410767664965   0.027545246633724    0.00041128441396264  0.067394273763626    0.10461859821764     0.025597529224552
9.1                  0.0078245623904371   0.032020455705554    0.00047694554476165  0.076484565106429    0.11446587636843     0.027782848404082
9.15                 0.0091779568772827   0.037048486587195    0.000550475419833    0.086352917952478    0.12447655700587     0.029963443495884
9.2                  0.010715390962015    0.042655514462391    0.00063218903700306  0.09696318465291     0.13448246726685     0.032095984494967
9.25                 0.012449771110745    0.048858976352246    0.0007222642985541   0.10825273652382     0.14428723431376     0.034131456951383
9.3                  0.01439207182922     0.055664977542229    0.00082070468548525  0.1201289675928      0.15366820451716     0.036015952363932
9.35                 0.016550522362812    0.063065516549633    0.00092729987813931  0.1324662641445      0.16237996090537     0.037691847536176
9.4                  0.018929697075372    0.071035613677262    0.0010415856779304   0.14510370572901     0.17015961614977     0.039099396810885
9.45                 0.02152952658526     0.079530456870263    0.0011628049939034   0.15784379100739     0.17673399513368     0.040178741867975
9.5                  0.024344255804906    0.088482708517584    0.0012898720750409   0.17045249844263     0.18182873412992     0.040872319361712
9.55                 0.027361385164029    0.097800146362833    0.001421342568658    0.18266099307616     0.18517921277514     0.041127617515547
9.6                  0.030560642140466    0.10736383867414     0.001555392334266    0.19416927203001     0.18654310224971     0.040900199816878
9.65                 0.033919659437166    0.11705068641891     0.0016901511928448   0.20469585713506     0.18575801013097     0.040166576726605
9.7                  0.037425488892095    0.1267733990247      0.0018242808272496   0.21404784458525     0.1827984733797      0.038935800055302
9.75                 0.041072564745653    0.13647099361805     0.0019568311544448   0.22209578020525     0.17773408188449     0.037239077822393
9.8                  0.044855096999297    0.14608264487088     0.0020868632781322   0.22872826105805     0.17068391861997     0.035119432731864
9.85                 0.048767080607583    0.15554806650962     0.0022134561392532   0.23385347753165     0.16181375955628     0.032630611272986
9.9                  0.052802305011611    0.16480788944319     0.0023357130401445   0.23740048420664     0.15133217563975     0.029835720904849
9.95                 0.056954363998745    0.17380403413833     0.0024527679961336   0.23932018191278     0.13948562850213     0.026805629880753
10                   0.061216665872936    0.18248007490645     0.002563791869585    0.2395859973805      0.1265526752166      0.02361717028709
10.05                0.065582443919525    0.19078159381731     0.0026679982429471   0.2381942510794      0.11283741836874     0.020351189861109
10.1                 0.07004476714789     0.19865652201957     0.0027646489891984   0.23516420815185     0.098662355456011    0.017090501986384
10.15                0.074596551294905    0.20605546632744     0.0028530595002373   0.23053781173672     0.084360795753362    0.013917785846641
10.2                 0.079230570071717    0.212932019025       0.0029326035361797   0.2243791023747      0.070269022953112    0.010913489982404
10.25                0.083939466636009    0.21924304894507     0.0030027176612162   0.21677333153192     0.056718387865038    0.0081537924086412
10.3                 0.088715765271525    0.22494897199678     0.0030629052346079   0.20782578151309     0.044027517107175    0.0057086690174018
10.35                0.09355188325631     0.23001399944529     0.0031127399285511   0.19766030809913     0.03249482099042     0.0036401192437327
10.4                 0.098440142900835    0.23440636238613     0.0031518687479937   0.18641762608298     0.022391476764889    0.0020005939855282
10.45                0.10337278373689     0.23809851100637     0.0031800145310116   0.17425336143577     0.0139550522184      0.00083166563955078
10.5                 0.10834197483789     0.24106728738278     0.0031969779120352   0.16133589706614     0.0073839195603806   0.0001629739766685
10.55                0.11333982725104     0.24329407073312     0.0032026387340193   0.14784404199261     0.0028325909418742   1.1474585080996e-05
10.6                 0.11835840652164     0.2447648942096      0.0031969568995539   0.13396455619339     0.00040808529120813  0.00038100893827873
10.65                0.12338974528956     0.24547053250177     0.0031799726548871   0.11988956539551     0.00016741189472631  0.0012622069892486
10.7                 0.12842585593807     0.24540655969967     0.003151806304848    0.10581390158908     0.0021162298931165   0.0026327247607828
10.75                0.13345874327473     0.244573377054       0.0031126573606888   0.091932406080308    0.0062087152136355   0.0044578109074641
10.8                 0.13848041722433     0.24297621045943     0.0030628031268836   0.078437232415477    0.012348638067159    0.0066911878833777
10.85                0.14348290551372     0.24062507767666     0.0030025967368916   0.065515186510124    0.020391625674027    0.0092762253723401
10.9                 0.14845826632841     0.23753472549897     0.0029324646518004   0.053345140802343    0.030148557013461    0.012147376226725
10.95                0.15339860092074     0.23372453725729     0.0028529036395657   0.042095558224664    0.041390009773158    0.015231838504699
11                   0.15829606614972     0.22921841124387     0.0027644772562454   0.03192216026871     0.05385165493449     0.018451401462647
11.05                0.1631428869326      0.22404461081727     0.002667811854152    0.022965771422292    0.067240472146227    0.021724428695142
11.1                 0.16793136858838     0.21823558712868     0.0025635921451992   0.015350369817141    0.08124163973987     0.024967928137228
11.15                0.17265390905369     0.21182777558157     0.0024525563508687   0.0091813710710434   0.095525937376305    0.028099656441309
11.2                 0.17730301095157     0.20486136730125     0.0023354909731515   0.0045441690801677   0.1097574872596      0.031040204369279
11.25                0.18187129349415     0.1973800570478      0.0022132252235036   0.0015029539605468   0.12360165189274     0.03371501032195
11.3                 0.18635150420018     0.18943076915347     0.0020866251492759   9.9823501276692e-05  0.13673290266931     0.03605625094999
11.35                0.19073653040886     0.18106336320347     0.0019565874992246   0.00035420042907232  0.14884247428063     0.038004560907352
11.4                 0.1950194105717      0.17233032130636     0.0018240333715532   0.0022625635506487   0.15964562495458     0.039510538140511
11.45                0.19919334530452     0.16328641891529     0.0016899016894799   0.0057984964945716   0.16888833181025     0.040535996544837
11.5                 0.20325170818193     0.15398838126504     0.0015551425505447   0.010913053377871    0.17635326389541     0.041054934225309
11.55                0.20718805625727     0.14449452757953     0.0014207104967645   0.017535436335704    0.18186489245819     0.04105419280999
11.6                 0.21099614029129     0.13486440528151     0.001287557753308    0.025573975535419    0.18529361829106     0.040533791098477
11.65                0.21466991467323     0.12515841649881     0.00115662748358     0.034917398109245    0.18655881909779     0.039506924585207
11.7                 0.21820354701868     0.11543743920961     0.0010288471084945   0.0454363684405      0.18563074522815     0.037999630869722
11.75                0.22159142742893     0.10576244540309     0.00090512173725548  0.056985278482041    0.18253121920459     0.036050129437855
11.8                 0.22482817739708     0.096194118650522    0.0007863277561798   0.069404263324579    0.17733312259229     0.033707852554591
11.85                0.22790865834683     0.086792473485205    0.00067330662097294  0.082521414114538    0.17015868227825     0.031032191841639
11.9                 0.23082797979029     0.077616478978921    0.00056685889642951  0.096155157689291    0.1611765964555      0.028090992321945
11.95                0.23358150709205     0.068723688875626    0.0004677385857771   0.11011676998986     0.15059806789128     0.02495883211669
12                   0.23616486882699     0.060169880602428    0.00037664778983068  0.12421298845935     0.1386718377522      0.021715131415424
12.05                0.23857396372018     0.052008705421964    0.00029423173378829  0.13824868726521     0.12567833675981     0.018442138668945
12.1                 0.24080496715803     0.044291351920543    0.00022107419689489  0.15202957831373     0.11192309120499     0.015222845067766
12.15                0.24285433726009     0.037066224942693    0.00015769337734758  0.16536490066822     0.097729538870775    0.012138880187409
12.2                 0.24471882050206     0.03037864198592     0.0001045382217322   0.17807006114274     0.083431423788241    0.0092684421592937
12.25                0.246395456881       0.02427054895995     6.1985244991387e-05  0.1899691895193      0.06936494865368     0.006684314850572
12.3                 0.24788158461454     0.018780257093267    3.033586344891e-05   0.20089757301792     0.055860869433188    0.0044520223300105
12.35                0.24917484436667     0.013942202637127    9.814259781644e-06   0.21070393632082     0.043236718040491    0.0026281674159494
12.4                 0.25027318299334     0.0097867308742409   5.6579506204981e-07  0.21925253558947     0.031789335962178    0.001258996434723
12.45                0.25117485680199     0.0063399057868509   2.6559791192849e-06  0.22642503748836     0.021787894393052    0.00037922658204531
12.5                 0.25187843431976     0.003623346578022    1.6070006512159e-05  0.23212215720523     0.013467565004544    1.116562121051e-05
12.55                0.25238279856612     0.0016540920715074   4.0712861400807e-05  0.23626503279349     0.0070239901703703   0.00016414623936082
12.6                 0.25268714882608     0.00044449384070682  7.640999057422e-05   0.23879631681277     0.0026086826752916   0.00083428940448814
12.65                0.25279100192144     2.1387370315521e-06  0.00012290853986639  0.23968097015645     0.00032546307720735  0.0020046027235758
12.7                 0.25269419297784     0.00032980130359607  0.00017987914520311  0.23890674707787     0.00022801849366137  0.0036454113078753
12.75                0.25239687568654     0.0014254263727073   0.00024691826559291  0.23648436470116     0.0023186402149068   0.0057151102201429
12.8                 0.25189952206039     0.0032821419563033   0.00032355104153674  0.23244735467019     0.006548169827017    0.008161219424509
12.85                0.2512029216845      0.0058883023484903   0.00040923465860952  0.22685159898944     0.012817155111891    0.010921714489292
12.9                 0.25030818046269     0.0092275611698293   0.00050336219238796  0.2197745564815      0.02097818854458     0.013926599300971
12.95                0.24921671886183     0.013278973895224    0.00060526690749018  0.2113141905693      0.030839373401024    0.017099680911014
13                   0.24793026965669     0.018017129222335    0.00071422698027527  0.20158761322481     0.042168835974921    0.020360501511898
13.05                0.24645087517909     0.023412308456545    0.0008294706117507   0.19072946385549     0.054700177804458    0.023626378554445
13.1                 0.24478088407551     0.029430671912788    0.00095018149447104  0.17889004556853     0.068138739706457    0.026814501276509
13.15                0.24292294757846     0.036034471165083    0.0010755045947043   0.16623324461152     0.082168530326842    0.02984403048268
13.2                 0.24088001529744     0.043182285812507    0.0012045522089089   0.15293426178953     0.096459656291019    0.032638148332225
13.25                0.23865533053624     0.050829283276553    0.0013364102516214   0.13917718726127     0.11067607924327     0.035126006160104
13.3                 0.23625242514395     0.058927500000375    0.0014701447302156   0.12515245228506     0.12448351737789     0.037244520941404
13.35                0.23367511390789     0.067426142286187    0.0016048083606708   0.11105419318863     0.13755730566715     0.038939974847386
13.4                 0.23092748849737     0.076271904883884    0.001739447277487    0.097077564051757    0.14959002996253     0.040169377334221
13.45                0.22801391096782     0.085409305332646    0.0018731077902186   0.08341603530075     0.16029875546259     0.040901555226803
13.5                 0.2249390068358      0.09478103195846     0.0020048431387687   0.070258715608777    0.16943167957895     0.041117943157078
13.55                0.22170765773555     0.10432830334485     0.0021337201995932   0.057787734173437    0.17677405276627     0.04081305431425
13.6                 0.21832499366913     0.11399123702212     0.0022588260953127   0.04617571960719     0.18215322809534     0.039994619570334
13.65                0.21479638486211     0.12370922506268     0.0023792746609144   0.03558341033891     0.1854427208345      0.038683391453376
13.7                 0.21112743323797     0.13342131422649     0.0024942127207424   0.026157429604403    0.18656518258348     0.036912617938818
13.75                0.20732396352463     0.14306658827255     0.0026028261318128   0.01802825582541     0.18549422002651     0.034727199401787
13.8                 0.20339201400728     0.15258455003811     0.0027043455506486   0.011308416471977    0.18225501553884     0.032182550106906
13.85                0.19933782694215     0.16191550088952     0.0027980518827855   0.0060909304095048   0.17692373505395     0.029343193104112
13.9                 0.19516783864648     0.17100091516442     0.0028832813763473   0.0024480202921724   0.1696257371148      0.026281124158812
13.95                0.19088866928041     0.1797838072569      0.0029594303236126   0.00043011282634068  0.16053262522091     0.02307398620116
14                   0.18650711233697     0.18820908904299     0.0030259593372694   6.5140742701498e-05  0.14985821278186     0.019803100583773
14.05                0.18203012385692     0.19622391540489     0.0030823971710674   0.001358156139577    0.13785349555636     0.016551405068036
14.1                 0.17746481138556     0.20377801568649     0.0031283440578062   0.0042912605496327   0.12480074979383     0.013401350824161
14.15                0.17281842268892     0.21082400900138     0.0031634745410137   0.0088238526980505   0.11100689485351     0.010432811769426
14.2                 0.16809833424748     0.21731770141559     0.0031875397802581   0.014893190522589    0.096796276370905    0.0077210592561752
14.25                0.16331203954542     0.22321836314117     0.0032003693137645   0.022415259675812    0.082503039666732    0.0053348534641245
14.3                 0.15846713717416     0.22848898400184     0.0032018722658499   0.0312859364873      0.068463272728172    0.0033346998923183
14.35                0.1535713187691      0.23309650556855     0.0031920379906247   0.041382429287653    0.055007103510743    0.0017713151597632
14.4                 0.14863235679853     0.23701202850875     0.003170936147401    0.052564978142829    0.042450937383019    0.00068434101645316
14.45                0.14365809222429     0.24021099384907     0.0031387162072732   0.064678789470412    0.0310900172412      0.00010133917278553
14.5                 0.13865642205368     0.24267333701427     0.003095606394367    0.077556178758005    0.021191481233353    3.709243484208e-05
14.55                0.13363528680239     0.24438361367646     0.0030419120692545   0.091018891723352    0.012988081332441    0.00049322986619905
14.6                 0.12860265788833     0.24533109662506     0.0029780135659881   0.10488057178568     0.0066727104582306   0.0014581854808006
14.65                0.12356652497644     0.24550984305018     0.0029043634980727   0.11894933969251     0.0023938668360956   0.002907491514294
14.7                 0.11853488329451     0.2449187318171      0.0028214835524599   0.13303044959362     0.00025216224279489  0.0048043988375317
14.75                0.11351572094018     0.24356147049828     0.0027299607942728   0.14692898479566     0.00029795624354119  0.0071008087808113
14.8                 0.10851700619925     0.24144657211871     0.0026304435084357   0.16045255588168     0.0025301720483915   0.0097384927411801
14.85                0.10354667489544     0.23858730176041     0.0025236366076657   0.17341396384701     0.0068963218316462   0.012650568647999
14.9                 0.098612617791692    0.23500159336112     0.0024102966393503   0.18563379138723     0.013293740918902    0.015763196848969
14.95                0.093722668063024    0.23071193722889     0.0022912264266809   0.19694288646857     0.021572001821362    0.018997452415123
15                   0.088884588860778    0.2257452389782      0.0021672693819994   0.20718470380211     0.031536451354328    0.022271326389933
15.05                0.084106060988056    0.22013265077237     0.0020393035326398   0.21621747180999     0.042952787668874    0.02550180523814
15.1                 0.079394670705891    0.2139093759307      0.0019082353015797   0.22391615508777     0.055552569573381    0.028606975767044
15.15                0.074757897689497    0.20711444812596     0.0017749930869569   0.23017418519742     0.069039528599979    0.031508102147114
15.2                 0.070203103153748    0.19979048655707     0.0016405206859294   0.23490493583289     0.083096535395374    0.034131622366222
15.25                0.065737518166707    0.1919834286326      0.0015057706094581   0.23804292193816     0.097393056629889    0.036411013494685
15.3                 0.061368232169781    0.18374224184189     0.0013716973353678   0.23954470617911     0.11159292708462     0.038288478464788
15.35                0.057102181722717    0.17511861662066     0.001239250547476    0.23938950022156     0.12536225416561     0.039716411594184
15.4                 0.052946139491308    0.16616664213797     0.0011093684086788   0.23757945249217     0.13837726897995     0.040658605692828
15.45                0.048906703495291    0.15694246703765     0.000982970915644    0.23413961843903     0.15033193936554     0.041091170145617
15.5                 0.044990286633515    0.14750394726234     0.00086095338218047  0.22911761370353     0.16094516586321     0.041003136691484
15.55                0.041203106502989    0.13791028316905     0.0007441800974447   0.22258295500444     0.16996739142686     0.040396737538605
15.6                 0.037551175528001    0.12822164821215     0.00063347820390466  0.21462609785803     0.17718646945229     0.039287348763715
15.65                0.034040291414955    0.11849881152302     0.00052963183842556  0.20535718445445     0.1824326521453      0.037703100430734
15.7                 0.030676027948087    0.10880275675339     0.00043337657797799  0.19490451902287     0.18558258193346     0.035684163314671
15.75                0.027471369499962    0.099221173032496    0.0003455072645053   0.18346014573057     0.18660552700211     0.033290441816801
15.8                 0.02444876637278     0.089878266769229    0.00026683082779041  0.17130526292223     0.18561009283631     0.030604796150332
15.85                0.021628584939168    0.080894384577434    0.00019795637336291  0.15874006659506     0.18279236879807     0.027717734768805
15.9                 0.019023403221551    0.072363097340999    0.000139252463843    0.14603382287884     0.17837883918902     0.024716177233902
15.95                0.016639039915549    0.06435299735743     9.0893365239116e-05  0.13342117195035     0.17261408380914     0.021680928433018
16                   0.01447561412498     0.056910038382496    5.2907249428593e-05  0.12110037268202     0.16574972294607     0.01868482719305
16.05                0.012528588567352    0.050060217527613    2.5224890580877e-05  0.10923319710447     0.15803489612551     0.015791543063603
16.1                 0.010789759865883    0.043812424802757    7.7278958250119e-06  0.097946164654028    0.14970843293055     0.013054967896817
16.15                0.00924816969336     0.038161315563165    2.9601011176671e-07  0.087332806946713    0.1409927608139      0.010519130237522
16.2                 0.0078909196175216   0.033090091055301    2.853523177464e-06   0.077456670057293    0.1320895020342      0.0082185498429615
16.25                0.0067038803048101   0.028573100996251    1.54152818137e-05    0.068354788666489    0.12317664068014     0.0061789459140819
16.3                 0.005672292178532    0.024578208456016    3.8133279892381e-05  0.060041401003836    0.11440709068897     0.0044182146770763
16.35                0.004781259704302    0.021068880462432    7.1345275807547e-05  0.052511711795631    0.1059084651512      0.0029475985675939
16.4                 0.0040161452674519   0.018005987296733    0.00011562739369528  0.045745549566331    0.097783833569754    0.0017729792351179
16.45                0.0033628712404786   0.015349309275937    0.00017185323050682  0.039710802404801    0.090113254227713    0.00089623880676701
16.5                 0.0028081404696485   0.013058762038964    0.00024126265435413  0.034366551071458    0.082955880381441    0.00031664740095247
16.55                0.0023395862078431   0.011095360246301    0.00032554429008469  0.0296658490238      0.076352458693476    3.2249037227892e-05
16.6                 0.0019458626553108   0.0094219455565492   0.0004269367091505   0.025558124994805    0.070328063466242    4.1232345437325e-05
16.65                0.0016166869018898   0.0080037082061996   0.0005483546538796   0.021991204988155    0.064894938524175    0.00034328655751527
16.7                 0.0013428423388946   0.0068085329610302   0.0006935483364826   0.018912967083836    0.060055348151782    0.00094095711611239
16.75                0.0011158099037957   0.0058054802984909   0.00086717631021651  0.016267895051316    0.055789809992128    0.0018410100532607
16.8                 0.00092777026970166  0.0049648818413687   0.0010746520325825   0.013997890974693    0.052052540793767    0.0030544825613394
16.85                0.00077202881076571  0.0042607239509887   0.0013222289203222   0.012049784264923    0.048791923768953    0.0045959121780588
16.9                 0.00064304078743629  0.0036712153561737   0.0016173690583342   0.010377944175195    0.045962925346924    0.0064837654043337
16.95                0.00053621394149575  0.0031781127881534   0.0019689681104539   0.0089432109862504   0.04352647319884     0.0087406589350504
17                   0.00044774500153583  0.0027661564139773   0.0023876234389841   0.007711978763384    0.041448916595596    0.011393630609626
17.05                0.00037448427810436  0.002422597597032    0.0028859535142238   0.0066554082004406   0.039701561645333    0.014474463328379
17.1                 0.00031382352781158  0.0021368043704709   0.0034789782411522   0.0057487511131431   0.038260274991637    0.018020065815264
17.15                0.00026360309411082  0.0018999324143115   0.0041845716664932   0.0049707707592806   0.037105150498946    0.022072914788555
17.2                 0.00022203501876068  0.0017046513540717   0.005024000710967    0.0043032444078434   0.036220234321659    0.026681563836726
17.25                0.00018763938656678  0.0015449179108258   0.0060225661643736   0.0037305365057177   0.035593304559754    0.031901225095929
17.3                 0.00015919163713569  0.0014157888824517   0.007210365263406    0.0032392324441722   0.035215702457672    0.037794430697615
17.35                0.00013567896782323  0.0013132681684832   0.008623198836648    0.0028178243468022   0.035082212815082    0.044431781910538
17.4                 0.00011626427572571  0.001234183104508    0.010303650358539    0.0024564415191027   0.035190991957851    0.051892794951928
17.45                0.00010025635496969  0.001176086279088    0.012302369435505    0.0021466192459586   0.035543542274388    0.060266853600752
17.5                 8.7085288257876e-05  0.0011371797947707   0.014679598409134    0.0018811005215646   0.036144732965677    0.069654280025484
17.55                7.6260410181683e-05  0.001115992694601    0.017504075105367    0.0016531971030475   0.036994622115803    0.08015317427098
17.6                 6.7350412740226e-05  0.0011111121998455   0.020847628827719    0.0014565665718079   0.038078871937854    0.091828887669432
17.65                5.9997624567415e-05  0.0011213772260507   0.024784553251105    0.001285733118651    0.039374759215001    0.10471040473326
17.7                 5.3916292626705e-05  0.0011460308088267   0.029394800775192    0.0011362350469826   0.040858359497995    0.11880252429675
17.75                4.8877270923443e-05  0.0011846321993766   0.034763088676569    0.0010044330869824   0.042503396909454    0.13408023430589
17.8                 4.4696055930878e-05  0.0012369807017162   0.040977583864002    0.00088735937187261  0.044280235358468    0.15048294812884
17.85                4.122340431426e-05   0.0013030470854645   0.048128099478164    0.00078259836612849  0.046155028087084    0.1679088442084
17.9                 3.8337948510202e-05  0.0013829093155217   0.056303741237952    0.00068819290409968  0.048089053058363    0.18620961061945
17.95                3.5940362604809e-05  0.001476690104776    0.065589951050981    0.00060256992383865  0.050038270388112    0.20518595406723
18                   3.3948735415493e-05  0.0015844944744772   0.076064910998958    0.00052448156910965  0.05195314440552     0.22458428459311
18.05                3.2294887686229e-05  0.0017063461423882   0.087795293326266    0.00045295816277317  0.053778776458292    0.24409502737259
18.1                 3.0921431816159e-05  0.0018421221835076   0.10083137227638     0.00038727018940879  0.055455394626396    0.26335303537113
18.15                2.9779420019501e-05  0.0019914860442495   0.11520155201985     0.00032689691334416  0.056919242415133    0.28194057465687
18.2                 2.8826463597892e-05  0.00215381965093     0.13090641155854     0.00027149963957685  0.058103899640495    0.29939332114619
18.25                2.8025234584215e-05  0.002328156039764    0.14791242186028     0.00022089793143226  0.058942054593698    0.31520973719551
18.3                 2.7342283237829e-05  0.0025131146404635   0.16614555134057     0.00017504735660367  0.059367726884018    0.32886408354331
18.35                2.6747122096376e-05  0.0027068420501728   0.18548504106143     0.00013401756441201  0.059318915125966    0.33982316327923
18.4                 2.6211540510451e-05  0.0029069618087731   0.20575769758018     9.7969719847184e-05  0.058740613284608    0.34756668906619
18.45                2.5709123515334e-05  0.0031105372891876   0.22673311511134     6.7132548838402e-05  0.057588104949779    0.3516109155701
18.5                 2.5214956030014e-05  0.0033140522951783   0.24812029435996     4.1776495324083e-05  0.055830407580261    0.35153489305425
18.55                2.4711484534386e-05  0.0035141594900349   0.26962088104804     2.2197349660463e-05  0.053467138584451    0.34709146364803
18.6                 2.4193675450757e-05  0.0037087973271901   0.29102135808299     8.6613683925922e-06  0.050541056699155    0.33831092563722
18.65                2.3662350838759e-05  0.0038967449976913   0.3121701390516      1.355922312148e-06   0.047120965162682    0.32541592152649
18.7                 2.3118354214914e-05  0.0040768236547006   0.33291742038429     3.8213650113027e-07  0.043287283246347    0.30873342171442
18.75                2.256254921348e-05   0.0042479038074681   0.35311624246164     5.7534905155993e-06  0.039130155293619    0.28868643371352
18.8                 2.199581821538e-05   0.0044089124057316   0.37262353057625     1.7395631795947e-05  0.034747331086093    0.26578327621841
18.85                2.1419060947349e-05  0.0045588395701117   0.39130110837666     3.514740488655e-05   0.030241867376874    0.24060468999277
18.9                 2.0833193053556e-05  0.0046967449262841   0.40901667661452     5.8763082217913e-05  0.025719704637017    0.21378911239598
18.95                2.0239144641954e-05  0.0048217635032036   0.42564475026243     8.791576557187e-05   0.021287175994869    0.18601648893401
19                   1.9637858807663e-05  0.0049331111583818   0.44106754736447     0.00012220191114532  0.01704850694255     0.15799103231473
19.05                1.9030290135736e-05  0.0050300894961917   0.45517582332343     0.00016114691557463  0.013103364600925    0.1304233661752
19.1                 1.8417403185693e-05  0.0051120902483501   0.46786964471513     0.00020421168559664  0.0095445141690994   0.10401250625111
19.15                1.7800170960203e-05  0.005178599089103    0.4790590971488      0.00025080010040616  0.0064556376641764   0.07942813588044
19.2                 1.7179573360381e-05  0.0052291988611832   0.48866492215945     0.00030026726341289  0.0039093662409239   0.057293625269943
19.25                1.6556595630115e-05  0.0052635721923075   0.49661907862085     0.00035192842917348  0.0019655723589657   0.038170225094252
19.3                 1.5932226791925e-05  0.0052815034858017   0.50286522470259     0.00040506848192822  0.00066996195508912  0.022542835220308
19.35                1.5307458076817e-05  0.0052828802728675   0.50735911695723     0.00045895183453663  5.2999724018435e-05  0.010807709410562
19.4                 1.4683281350629e-05  0.0052676939180105   0.51006892371077     0.00051283261078651  0.00012919277836223  0.0032624077689405
19.45                1.4060687539374e-05  0.0052360396732034   0.51097545053659     0.0005659649701287   0.00089674953159593  9.8251698981154e-05
19.5                 1.3440665056074e-05  0.0051881160804462   0.51007227621567     0.0006176134319182   0.0023376218250285   0.0013954726889761
19.55                1.2824198231577e-05  0.0051242237264693   0.50736579822018     0.00066706305624906  0.0044179293081901   0.0071211779332706
19.6                 1.2212265751868e-05  0.0050447633573912   0.50287518739807     0.00071362934045572  0.007088756093853    0.017130184374166
19.65                1.1605839104326e-05  0.0049502333651556   0.4966322521799      0.00075666769428905  0.010287300955319    0.03116870001616
19.7                 1.1005881035422e-05  0.0048412266615135   0.48868121326954     0.00079558236260797  0.013938354020489    0.048880759167779
19.75                1.0413344022286e-05  0.0047184269591574   0.4790783904148      0.00082983467207459  0.017956065240057    0.069817248436691
19.8                 9.8291687605842e-06  0.0045826044833335   0.46789180347668     0.00085895048769904  0.022245963046471    0.093447294611676
19.85                9.2542826710903e-06  0.0044346111408289   0.45520069062294     0.00088252677601695  0.026707175737341    0.11917172567621
19.9                 8.6895984273423e-06  0.004275375176635    0.44109494705892     0.00090023718404958  0.03123480335021     0.14633826363132
19.95                8.1360125067046e-06  0.0041058953518024   0.42567448827102     0.00091183655682011  0.035722384256923    0.17425806389294
20                   7.5944037671452e-06  0.0039272346790036   0.40904854229345     0.00091716433089276  0.040064398478662    0.20222318188494
20.05                7.0656320519852e-06  0.0037405137550973   0.39133487601116     0.00091614675695995  0.044158748859247    0.22952452393836
20.1                 6.5505368248342e-06  0.0035469037325116   0.37265896097937     0.0009087979207115   0.047909161754945    0.25546982732758
20.15                6.0499358368811e-06  0.0033476189735328   0.35315308466851     0.00089521954785449  0.051227450791509    0.27940121353489
20.2                 5.5646238286543e-06  0.0031439094335729   0.33295541342981     0.00087559959598296  0.054035590458951    0.30071186965666
20.25                5.0953712683136e-06  0.0029370528211893   0.31220901381888     0.00085020965278917  0.056267550786028    0.31886143497133
20.3                 4.6429231284753e-06  0.0027283465840319   0.29106083920965     0.00081940117663159  0.057870849954287    0.3333897025217
20.35                4.2079977035146e-06  0.0025190997709811   0.26966068887665     0.00078360063149933  0.058807788343869    0.34392828828937
20.4                 3.7912854692203e-06  0.0023106248215217   0.24816014691896     0.00074330358371679  0.059056334993979    0.35020997207347
20.45                3.3943927458506e-06  0.0021048003548036   0.22677273951385     0.00069924849251012  0.058624551064507    0.35215724730088
20.5                 3.020094370659e-06   0.0019042756397404   0.2057968504775      0.00065251289053757  0.057563847201021    0.34997124430516
20.55                2.6709053077729e-06  0.001711610258917    0.18552351825838     0.00060424522529545  0.055950940536338    0.34403245291049
20.6                 2.3483762261528e-06  0.0015287889684427   0.16618318682009     0.00055547462969463  0.053869605322285    0.33479050778568
20.65                2.0532210891959e-06  0.0013572609709301   0.14794908585271     0.00050709696663512  0.051406700391946    0.32273829790906
20.7                 1.7854485042343e-06  0.0011979906864999   0.13094200790387     0.00045986829525791  0.048648708284797    0.30838836308974
20.75                1.5444909858365e-06  0.0010515157143018   0.11523601505216     0.00041440463861272  0.045678854603693    0.29225227845552
20.8                 1.3293276320771e-06  0.00091800825779616  0.10086466343378     0.0003711868612761   0.042574834137233    0.27482344545936
20.85                1.1385969701186e-06  0.00079733692242492  0.087827397661362    0.00033056947017107  0.039407135191702    0.25656345829357
20.9                 9.7069785240678e-07  0.00068912643831837  0.07609583373463     0.00029279221551516  0.036237926027112    0.23789200559601
20.95                8.2387725130628e-07  0.00059281347772971  0.065619714297126    0.00025799347490346  0.033120447276957    0.21918010266494
21.002630398234      6.9010945593121e-07  0.00050352559589857  0.055876418536571    0.00022464026384762  0.029943492568518    0.1997910513791
21.058029574601      5.6999348006496e-07  0.00042193173674015  0.046943859298878    0.0001931311471785   0.026759090408204    0.18005309460527
21.116343188881      4.638209384728e-07   0.00034852015568157  0.038880849482455    0.00016382417931744  0.023621942283251    0.160322709866
21.177724563722      3.7155895653797e-07  0.00028357333459994  0.031724106320811    0.00013701952997883  0.020587067638646    0.1409699741555
21.242335087763      2.9284994811973e-07  0.00022715295737864  0.025486317791279    0.00011294410467821  0.017707154555644    0.12236123516464
21.310344639971      2.2702999129034e-07  0.00017909731190338  0.02015555246839     9.173975801646e-05   0.01502981874192     0.10484030709625
21.3819320363        1.7316600400575e-07  0.00013903263085186  0.015696205931286    7.3456622433036e-05  0.012595032933036    0.088709894041044
21.457285499847      1.3003963718607e-07  0.0001063419913153   0.012045145394788    5.802273991594e-05   0.010427856034374    0.074178871708804
21.536603155744      9.6115423700917e-08  8.0117048946291e-05  0.0091058040843243   4.5198393722124e-05  0.0085264241009342   0.061272694845166
21.620093552081      6.9835193212999e-08  5.9377442930999e-05  0.0067725848420824   3.4674515176968e-05  0.006874401261067    0.049914905610517
21.707976208241      4.9802097574655e-08  4.3220912159274e-05  0.0049478244349466   2.6151481391773e-05  0.005453976672692    0.040017986030615
21.800482192072      3.4788349298285e-08  3.0833006713112e-05  0.0035429278370198   1.9344501772405e-05  0.0042463066309722   0.03148567525152
21.897854727434      2.3736336827728e-08  2.1492902762731e-05  0.0024790915255728   1.3988169416105e-05  0.0032319906966066   0.024215627368212
22.000349833698      1.5753842982928e-08  1.4575467568772e-05  0.0016876257364034   9.8400717908721e-06  0.0023915741862223   0.018102394741475
22.108236998893      1.0104396958877e-08  9.5499514805727e-06  0.0011099108886087   6.6834317358478e-06  0.0017060736956467   0.013040748380245
22.221799888265      6.1940250167172e-09  5.9759019649018e-06  0.00069704804732473  4.3288454313124e-06  0.001157530776542    0.0089294005556362
22.34133709011       3.5558412369886e-09  3.4971079074413e-06  0.00040928819092497  2.6153066709622e-06  0.00072961379233499  0.0056752915077652
22.467162900849      1.8340847973458e-09  1.8346248868918e-06  0.00021535403937951  1.410877003177e-06   0.00040831339956088  0.0031987692951384
22.599608151396      7.6947922819769e-10  7.8029164573872e-07  9.1811153451862e-05  6.1362529882921e-07  0.00018282034433464  0.0014402773779981
22.739021077007      1.884150787906e-10   1.9282343962257e-07  2.272428519067e-05   1.5391756689196e-07  4.6748827660584e-05  0.00036965421115919
22.885768232885      0                    0                    0                    0                    0                    0
