x[nm]                       Envelope_real_part[nm^-1/2] Envelope_imag_part[nm^-1/2]
7.1142317671146             -1.882290148767e-16         3.1217412090171e-16
7.260978922993              2.879586261606e-16          -3.7867169903189e-15
7.4003918486039             -5.6883480140817e-16        -1.3115391629768e-15
7.532837099151              4.7390213155714e-16         9.0130150525141e-16
7.6586629098899             5.0380399546165e-16         2.8286516905632e-15
7.7782001117354             6.8137804212666e-16         3.947980695332e-15
7.891763001107              9.6292254679151e-16         5.2866523251219e-15
7.9996501663019             9.8353292660607e-16         6.2120261965159e-15
8.1021452725658             8.0241255987162e-16         6.5568708634283e-15
8.1995178079279             6.0375048981688e-16         7.4541086811373e-15
8.2920237917592             4.2081788765104e-16         8.2891623030562e-15
8.3799064479186             -5.3238199323861e-17        8.2111859959137e-15
8.4633968442558             -9.7993154645006e-16        8.2827396007533e-15
8.5427145001525             -9.7007466331536e-16        8.6292658897428e-15
8.6180679636999             -7.4733815232234e-16        8.830668551195e-15
8.6896553600291             -1.4169667180455e-15        9.4568861906744e-15
8.7576649122373             -1.0181051644628e-15        1.0439136507098e-14
8.8222754362784             -9.3868053134785e-16        1.073272067433e-14
8.8836568111193             -8.894769107118e-16         1.1389849014941e-14
8.9419704253995             -7.675489464762e-16         1.2101527590463e-14
8.9973696017656             -7.9438255677811e-16        1.2313486173307e-14
9.05                        -1.0364969165795e-15        1.2451562348933e-14
9.1                         -1.2431052989326e-15        1.2435968622811e-14
9.15                        -1.0693815886378e-15        1.2588986631325e-14
9.2                         -9.1583000116907e-16        1.2883116041467e-14
9.25                        -1.0048094621969e-15        1.3002117518809e-14
9.3                         -8.7771680683716e-16        1.3225829484717e-14
9.35                        -1.1103056154486e-15        1.34665324955e-14
9.4                         -1.2621245351453e-15        1.3948470757535e-14
9.45                        -1.5254675022632e-15        1.4558198728176e-14
9.5                         -1.7380718484812e-15        1.5159382572954e-14
9.55                        -1.5799308271781e-15        1.5808827100486e-14
9.6                         -1.6843746067676e-15        1.6190901089712e-14
9.65                        -1.8237064200289e-15        1.6419319982832e-14
9.7                         -1.9157756012642e-15        1.6568940716935e-14
9.75                        -2.1062698392e-15           1.6700719515277e-14
9.8                         -2.0169760955498e-15        1.6929430398716e-14
9.85                        -2.2398651976499e-15        1.7026820127181e-14
9.9                         -2.6071255358973e-15        1.7049107098755e-14
9.95                        -2.8345586068873e-15        1.7002873991241e-14
10                          -3.0180640709846e-15        1.6916067117681e-14
10.05                       -3.1847046907608e-15        1.6908930438079e-14
10.1                        -3.4956269378407e-15        1.6774197200219e-14
10.15                       -3.7780773468186e-15        1.6708618539239e-14
10.2                        -4.0060186462466e-15        1.6554914764514e-14
10.25                       -4.2113544420496e-15        1.6401210989798e-14
10.3                        -4.3747217247823e-15        1.6217930147983e-14
10.35                       -4.4515923305376e-15        1.6084590911431e-14
10.4                        -4.4602404211893e-15        1.5966767511999e-14
10.45                       -4.3641740407528e-15        1.5893067285645e-14
10.5                        -4.2371026161428e-15        1.5828579549409e-14
10.55                       -4.2391684903365e-15        1.5606509269039e-14
10.6                        -4.3847220146811e-15        1.5218127725602e-14
10.65                       -4.3403807573873e-15        1.4908783715634e-14
10.7                        -4.17426580411e-15          1.4603788482963e-14
10.75                       -4.123825892809e-15         1.4069506931491e-14
10.8                        -4.1148977245657e-15        1.3424712807522e-14
10.85                       -4.1483571890916e-15        1.2735456401066e-14
10.9                        -4.1670165005636e-15        1.2053087137713e-14
10.95                       -4.0406736549436e-15        1.1491240840925e-14
11                          -3.9043109210088e-15        1.1023958669404e-14
11.05                       -3.9636376866456e-15        1.0507263978967e-14
11.1                        -4.1386253432436e-15        9.8967889126146e-15
11.15                       -4.2897672519614e-15        9.2892909452706e-15
11.2                        -4.326474377281e-15         8.7398136048871e-15
11.25                       -4.3504553200273e-15        8.2569708348936e-15
11.3                        -4.4412941784454e-15        7.7792471097866e-15
11.35                       -4.5857732768094e-15        7.2062158635536e-15
11.4                        -4.784145615717e-15         6.5219861332096e-15
11.45                       -4.9422858368059e-15        5.832346483243e-15
11.5                        -5.1270212042513e-15        5.1801548366487e-15
11.55                       -5.3351671868266e-15        4.5235468124417e-15
11.6                        -5.5737681836087e-15        3.8800501584731e-15
11.65                       -5.9250233946176e-15        3.3261956435943e-15
11.7                        -6.2175432919273e-15        2.8392377338195e-15
11.75                       -6.5828208587588e-15        2.4036670467455e-15
11.8                        -6.8844270012402e-15        2.049855106628e-15
11.85                       -7.3045979932225e-15        1.7287505840707e-15
11.9                        -7.59806179599e-15          1.4160002511629e-15
11.95                       -7.8697547374212e-15        1.1435903360102e-15
12                          -8.0630108466177e-15        9.2758112101991e-16
12.05                       -8.3370144994186e-15        7.4988335845438e-16
12.1                        -8.5706222911863e-15        6.138241936998e-16
12.15                       -8.8819934836428e-15        5.7202743563238e-16
12.2                        -9.0057769206956e-15        6.3501354449614e-16
12.25                       -9.1217190728801e-15        7.0662291700062e-16
12.3                        -9.2104372136156e-15        6.9361921569251e-16
12.35                       -9.2117428608074e-15        5.9886678710446e-16
12.4                        -9.1413311518335e-15        4.4361680189337e-16
12.45                       -9.0139975712348e-15        2.9810486741979e-16
12.5                        -8.9934003950448e-15        2.8682778513316e-16
12.55                       -8.9202989665639e-15        3.3698148984771e-16
12.6                        -9.2094960856085e-15        3.2422228371254e-16
12.65                       -9.5918561693392e-15        2.5846066073342e-16
12.7                        -1.0072151898994e-14        6.7336173415389e-17
12.75                       -1.0766285944528e-14        -2.7807941123929e-16
12.8                        -1.0995726181044e-14        -5.7711869434628e-16
12.85                       -1.1250096177559e-14        -6.8922234052575e-16
12.9                        -1.1203140785188e-14        -7.5929789849255e-16
12.95                       -1.1298447283868e-14        -9.6241268141773e-16
13                          -1.1360618543394e-14        -1.2304005421428e-15
13.05                       -1.1290712127275e-14        -1.4104465092036e-15
13.1                        -1.1319633749399e-14        -1.5772921091859e-15
13.15                       -1.1409624916252e-14        -1.8718095018773e-15
13.2                        -1.1525541999331e-14        -2.1808049722869e-15
13.25                       -1.162199583061e-14         -2.388740424581e-15
13.3                        -1.1693880627203e-14        -2.5953885281679e-15
13.35                       -1.1854155449242e-14        -2.8717868782306e-15
13.4                        -1.2015772275535e-14        -3.1353067662428e-15
13.45                       -1.2242710589965e-14        -3.3120734746701e-15
13.5                        -1.231490696818e-14         -3.4243820964078e-15
13.55                       -1.2649109264532e-14        -3.539875871452e-15
13.6                        -1.3022940209328e-14        -3.6440664921668e-15
13.65                       -1.3471929784701e-14        -3.6981462143502e-15
13.7                        -1.3896009166299e-14        -3.7873017495559e-15
13.75                       -1.4164375452189e-14        -3.9854110906243e-15
13.8                        -1.4585599375003e-14        -4.2720580609669e-15
13.85                       -1.4735546528782e-14        -4.6187522226955e-15
13.9                        -1.4913702247027e-14        -4.98050390001e-15
13.95                       -1.4944197053884e-14        -5.366368963024e-15
14                          -1.4986142094156e-14        -5.8379047169893e-15
14.05                       -1.4922201771071e-14        -6.3507844411168e-15
14.1                        -1.4700100961793e-14        -6.7783041680301e-15
14.15                       -1.4507854251995e-14        -7.0788639713476e-15
14.2                        -1.4304790356213e-14        -7.332567652228e-15
14.25                       -1.4067365543039e-14        -7.6448006729658e-15
14.3                        -1.3813649057309e-14        -8.0147664938527e-15
14.35                       -1.3530228390483e-14        -8.3288139093438e-15
14.4                        -1.3099943084642e-14        -8.5460143467737e-15
14.45                       -1.2687399895141e-14        -8.6867708815585e-15
14.5                        -1.2334045906647e-14        -8.7160770384573e-15
14.55                       -1.1827807077744e-14        -8.6585856259765e-15
14.6                        -1.1419160841252e-14        -8.5443778895879e-15
14.65                       -1.1076132544529e-14        -8.3806638081502e-15
14.7                        -1.071228298388e-14         -8.2783600358107e-15
14.75                       -1.0473219369361e-14        -8.2509905265094e-15
14.8                        -1.0167400905422e-14        -8.2118241395189e-15
14.85                       -9.7202485326009e-15        -8.1272793837289e-15
14.9                        -9.310003096815e-15         -7.9808163056769e-15
14.95                       -8.9433959566916e-15        -7.7996601381264e-15
15                          -8.4969822529381e-15        -7.680402532925e-15
15.05                       -8.0558718142825e-15        -7.6455474586338e-15
15.1                        -7.6910071755484e-15        -7.6741184294851e-15
15.15                       -7.3879634556696e-15        -7.7781613366712e-15
15.2                        -7.0024918439838e-15        -7.8719562435497e-15
15.25                       -6.766845047406e-15         -7.8859194022046e-15
15.3                        -6.4453762693585e-15        -7.8588719427165e-15
15.35                       -5.9365037744312e-15        -7.7955968487617e-15
15.4                        -5.6588199506366e-15        -7.7101166104843e-15
15.45                       -5.4717338614605e-15        -7.6625089076484e-15
15.5                        -5.1869766422331e-15        -7.6612858434628e-15
15.55                       -4.9570076645778e-15        -7.6898273791723e-15
15.6                        -5.0186597056648e-15        -7.7301803072426e-15
15.65                       -4.7673072356457e-15        -7.7606137897919e-15
15.7                        -4.4340576290835e-15        -7.8135310460277e-15
15.75                       -4.0910307827361e-15        -7.8728295703902e-15
15.8                        -3.680947492602e-15         -7.8966978154518e-15
15.85                       -3.3473742581606e-15        -7.9421907197673e-15
15.9                        -3.1344632625474e-15        -8.0048970197722e-15
15.95                       -2.8309185929769e-15        -8.0086643964687e-15
16                          -2.7810419937902e-15        -7.9702652737539e-15
16.05                       -2.7885896165465e-15        -7.862907604568e-15
16.1                        -2.8826954773795e-15        -7.7968446139285e-15
16.15                       -2.8633697281459e-15        -7.8096476243661e-15
16.2                        -2.7325065607396e-15        -7.9254057023352e-15
16.25                       -2.7764650430461e-15        -8.1124828906424e-15
16.3                        -2.5146667155723e-15        -8.3067108749963e-15
16.35                       -2.264429491615e-15         -8.4424037811457e-15
16.4                        -1.8658795424736e-15        -8.5447647512841e-15
16.45                       -1.4173047940791e-15        -8.7311541745345e-15
16.5                        -1.0061450061208e-15        -9.0230507947838e-15
16.55                       -6.8450535392752e-16        -9.3552878478843e-15
16.6                        -3.3039075656871e-16        -9.707698220416e-15
16.65                       -1.3082260986669e-16        -1.0165070179226e-14
16.7                        6.6648340726559e-17         -1.0724607528064e-14
16.75                       6.658137810217e-16          -1.121958815031e-14
16.8                        1.3207449157074e-15         -1.1596070621523e-14
16.85                       2.0879920815033e-15         -1.1868614808892e-14
16.9                        2.4035888654194e-15         -1.2259141553382e-14
16.95                       2.540985980299e-15          -1.2910494665963e-14
17                          2.6138078596448e-15         -1.3479128071201e-14
17.05                       2.8848225743573e-15         -1.3797442533902e-14
17.1                        2.9837293396873e-15         -1.4022203206394e-14
17.15                       2.8075386915922e-15         -1.4266469298828e-14
17.2                        2.6705198993276e-15         -1.4575472400633e-14
17.25                       2.6911594477388e-15         -1.4922488148028e-14
17.3                        2.683253655772e-15          -1.5255469881232e-14
17.35                       2.865910690985e-15          -1.552581996677e-14
17.4                        3.195459048894e-15          -1.5836710256082e-14
17.45                       3.2343002986713e-15         -1.6329891379127e-14
17.5                        3.0239887815911e-15         -1.6994784818171e-14
17.55                       3.009109208396e-15          -1.7776293937377e-14
17.6                        2.9417529220003e-15         -1.854623719118e-14
17.65                       3.2003432277897e-15         -1.931450399367e-14
17.7                        3.3432452610107e-15         -2.0123595036667e-14
17.75                       3.7164688861868e-15         -2.0898494313107e-14
17.8                        4.2117961646691e-15         -2.1536824428863e-14
17.85                       4.7333580855705e-15         -2.1942413455546e-14
17.9                        5.3718303227869e-15         -2.2188448830009e-14
17.95                       5.9905993283841e-15         -2.2398989704038e-14
18                          6.7175350991244e-15         -2.2581708905004e-14
18.05                       7.4761825603141e-15         -2.2780071075636e-14
18.1                        8.2437063614622e-15         -2.3030084594623e-14
18.15                       8.7475236483479e-15         -2.3277175292871e-14
18.2                        9.2437122830915e-15         -2.3480158487996e-14
18.25                       9.7907365018448e-15         -2.3608682083529e-14
18.3                        1.0343245811928e-14         -2.3669799555681e-14
18.35                       1.0898906776698e-14         -2.3700330168774e-14
18.4                        1.1371170109757e-14         -2.372330817916e-14
18.45                       1.18124017659e-14           -2.3723035792294e-14
18.5                        1.2309016498419e-14         -2.3717847882083e-14
18.55                       1.2793194871829e-14         -2.3760332235904e-14
18.6                        1.3251953834178e-14         -2.3865515368407e-14
18.65                       1.3642732283115e-14         -2.4000222513364e-14
18.7                        1.408772446088e-14          -2.4135083538438e-14
18.75                       1.4547407548197e-14         -2.4278231155396e-14
18.8                        1.5028244185183e-14         -2.4450180272642e-14
18.85                       1.5517200818869e-14         -2.4650161796447e-14
18.9                        1.6116031305079e-14         -2.4877601509302e-14
18.95                       1.6729423511605e-14         -2.5138096534019e-14
19                          1.7241932752326e-14         -2.5410819142341e-14
19.05                       1.7653814032317e-14         -2.5684509734202e-14
19.1                        1.8031085233592e-14         -2.5964481870434e-14
19.15                       1.8474378534042e-14         -2.6214736428691e-14
19.2                        1.8840765967469e-14         -2.64306168441e-14
19.25                       1.9221318800776e-14         -2.6667787425109e-14
19.3                        1.9573502953857e-14         -2.69149680804e-14
19.35                       1.977493611446e-14          -2.7127800099227e-14
19.4                        1.998973350311e-14          -2.7307008173767e-14
19.45                       2.0234592828772e-14         -2.7432247824109e-14
19.5                        2.0559455696482e-14         -2.7489760811315e-14
19.55                       2.0949776007686e-14         -2.7508808831594e-14
19.6                        2.1435130829444e-14         -2.7481281973903e-14
19.65                       2.1900605983178e-14         -2.7379173160749e-14
19.7                        2.2265228186936e-14         -2.7209810380796e-14
19.75                       2.2823798371417e-14         -2.6980911976832e-14
19.8                        2.3242726009777e-14         -2.6694416697703e-14
19.85                       2.3770264517342e-14         -2.6355933518409e-14
19.9                        2.4096097124956e-14         -2.5966043712132e-14
19.95                       2.4390898055654e-14         -2.5543823717803e-14
20                          2.456157227869e-14          -2.5124427786013e-14
20.05                       2.484085737093e-14          -2.472349492348e-14
20.1                        2.4989708782823e-14         -2.4339774428554e-14
20.15                       2.5218893021445e-14         -2.39947807025e-14
20.2                        2.526204747925e-14          -2.3732531339645e-14
20.25                       2.5128124942531e-14         -2.3550264708693e-14
20.3                        2.5027114196743e-14         -2.3386418581438e-14
20.35                       2.4620537010485e-14         -2.3205609296357e-14
20.4                        2.4203086710259e-14         -2.3027090290241e-14
20.45                       2.3876844993624e-14         -2.2865429326593e-14
20.5                        2.3483403332105e-14         -2.2704119182176e-14
20.55                       2.3133509053133e-14         -2.2509005918675e-14
20.6                        2.2647669361423e-14         -2.2235002074464e-14
20.65                       2.2224499110985e-14         -2.1866664701687e-14
20.7                        2.1695021123612e-14         -2.1425053218228e-14
20.75                       2.1163603656433e-14         -2.0902280344974e-14
20.8                        2.0527454279663e-14         -2.0307107458084e-14
20.85                       1.9751662356778e-14         -1.9687993393821e-14
20.9                        1.9162060495381e-14         -1.904202270653e-14
20.95                       1.8708144408882e-14         -1.8401628256263e-14
21.002630398234             1.838392893483e-14          -1.7756979163722e-14
21.058029574601             1.8100516629743e-14         -1.7060524933285e-14
21.116343188881             1.7762946144298e-14         -1.6379929288819e-14
21.177724563722             1.7382487763403e-14         -1.5765408367582e-14
21.242335087763             1.6871809108286e-14         -1.5098317748872e-14
21.310344639971             1.6379128849321e-14         -1.42866610719e-14
21.3819320363               1.5613383975308e-14         -1.3345568566123e-14
21.457285499847             1.488955391903e-14          -1.2452603876769e-14
21.536603155744             1.4160441751354e-14         -1.1765790746847e-14
21.620093552081             1.3209429334797e-14         -1.0819007379992e-14
21.707976208241             1.1852719805843e-14         -9.6673633968509e-15
21.800482192072             1.0437994541402e-14         -8.509864394337e-15
21.897854727434             9.2628888329077e-15         -7.4368754799665e-15
22.000349833698             8.3759184728904e-15         -6.4279028257709e-15
22.108236998893             7.4406552779845e-15         -4.843824451572e-15
22.221799888265             6.101057504429e-15          -3.1379745382408e-15
22.34133709011              3.9463141513103e-15         -1.531065681656e-15
22.467162900849             1.8174795981118e-15         9.4020832839163e-17
22.599608151396             -1.0993156571132e-15        1.7241604874099e-15
22.739021077007             -4.1880855843993e-15        4.6948445877157e-15
22.885768232885             3.1540359710055e-16         -3.7613254114277e-16
