x[nm]                       Envelope_real_part[nm^-1/2] Envelope_imag_part[nm^-1/2]
7.1142317671146             -1.0003980465853e-06        -7.8059796785891e-15
7.260978922993              -2.3393305064965e-05        -1.8231098805656e-13
7.4003918486039             -3.032946145271e-05         -2.3574163482786e-13
7.532837099151              -3.2096644245791e-05        -2.493724854497e-13
7.6586629098899             -3.117684175983e-05         -2.4181371899751e-13
7.7782001117354             -2.9118434479915e-05        -2.2573220564635e-13
7.891763001107              -2.6665772594381e-05        -2.0651088810672e-13
7.9996501663019             -2.4184229180056e-05        -1.8724155059115e-13
8.1021452725658             -2.1843754827301e-05        -1.691333648946e-13
8.1995178079279             -1.9714920046092e-05        -1.5258021362122e-13
8.2920237917592             -1.7818644463385e-05        -1.3739080456764e-13
8.3799064479186             -1.6152133111891e-05        -1.2500806950568e-13
8.4633968442558             -1.4702369974899e-05        -1.1438303226446e-13
8.5427145001525             -1.3452971708629e-05        -1.0556389413389e-13
8.6180679636999             -1.238721998916e-05         -9.6811925797703e-14
8.6896553600291             -1.1488925106795e-05        -8.9892076740244e-14
8.7576649122373             -1.072825426331e-05         -8.447290573972e-14
8.8222754362784             -1.0077951026632e-05        -7.967703143143e-14
8.8836568111193             -9.5173184354393e-06        -7.536856423641e-14
8.9419704253995             -9.030402383391e-06         -7.1535706506063e-14
8.9973696017656             -8.6047130007994e-06        -6.8200498748671e-14
9.05                        -8.23032906937e-06          -6.5334701698469e-14
9.1                         -7.8992645341385e-06        -6.2637004206987e-14
9.15                        -7.589986039679e-06         -6.0048490087547e-14
9.2                         -7.3005748595175e-06        -5.759146542944e-14
9.25                        -7.0292344788692e-06        -5.5356909131747e-14
9.3                         -6.7742533720734e-06        -5.3413709263198e-14
9.35                        -6.5339730258793e-06        -5.141028784018e-14
9.4                         -6.3067609770755e-06        -4.9691493568394e-14
9.45                        -6.0909894018599e-06        -4.7868412666664e-14
9.5                         -5.8850205202661e-06        -4.6593049201288e-14
9.55                        -5.6872009017817e-06        -4.5162441130453e-14
9.6                         -5.4958677434374e-06        -4.3934581598614e-14
9.65                        -5.3092815602833e-06        -4.2533360809109e-14
9.7                         -5.1268014030947e-06        -4.1075174411556e-14
9.75                        -4.9488450069039e-06        -3.972607604951e-14
9.8                         -4.7756876083294e-06        -3.828193750959e-14
9.85                        -4.6074998240795e-06        -3.7064396198934e-14
9.9                         -4.4443748868291e-06        -3.5881288486893e-14
9.95                        -4.2863484149844e-06        -3.4825291166557e-14
10                          -4.1334129109238e-06        -3.373894696713e-14
10.05                       -3.9855285069621e-06        -3.2422059413835e-14
10.1                        -3.8426310196411e-06        -3.111054129333e-14
10.15                       -3.7046380525648e-06        -2.9800688540595e-14
10.2                        -3.5714536689524e-06        -2.8522785391997e-14
10.25                       -3.4429720063503e-06        -2.6948943705969e-14
10.3                        -3.3190800961602e-06        -2.528494333845e-14
10.35                       -3.1996600810519e-06        -2.380051162164e-14
10.4                        -3.0845909703199e-06        -2.2474748877481e-14
10.45                       -2.9737500342202e-06        -2.1509405021307e-14
10.5                        -2.8670139176711e-06        -2.0394301429244e-14
10.55                       -2.7642595279743e-06        -1.9511923935347e-14
10.6                        -2.6653647443408e-06        -1.8446386703984e-14
10.65                       -2.5702089828327e-06        -1.731932597517e-14
10.7                        -2.4786736421897e-06        -1.6248789633988e-14
10.75                       -2.3906424565677e-06        -1.5137057100569e-14
10.8                        -2.3060017663101e-06        -1.4520086433684e-14
10.85                       -2.224640727578e-06         -1.3852921069656e-14
10.9                        -2.1464514662155e-06        -1.3430330345841e-14
10.95                       -2.0713291889392e-06        -1.3144124506535e-14
11                          -1.9991722587489e-06        -1.2823510962661e-14
11.05                       -1.929882239878e-06         -1.2568361720043e-14
11.1                        -1.8633639192189e-06        -1.2047089094763e-14
11.15                       -1.7995253075014e-06        -1.1520787190896e-14
11.2                        -1.7382776241602e-06        -1.1185828263477e-14
11.25                       -1.6795352699547e-06        -1.0834369630695e-14
11.3                        -1.623215788223e-06         -1.0745307961563e-14
11.35                       -1.5692398187988e-06        -1.0644509719869e-14
11.4                        -1.5175310453934e-06        -1.067204576758e-14
11.45                       -1.4680161372541e-06        -1.0749206729404e-14
11.5                        -1.4206246886496e-06        -1.0684379911278e-14
11.55                       -1.37528915439e-06          -1.0768915375901e-14
11.6                        -1.331944785941e-06         -1.0586086352795e-14
11.65                       -1.2905295642094e-06        -1.0384860887858e-14
11.7                        -1.250984134229e-06         -1.000421483184e-14
11.75                       -1.2132517384499e-06        -9.711115798054e-15
11.8                        -1.1772781526532e-06        -9.3626803147436e-15
11.85                       -1.1430116212457e-06        -8.9462636990598e-15
11.9                        -1.1104027948728e-06        -8.5892679000678e-15
11.95                       -1.0794046696507e-06        -8.2102013039236e-15
12                          -1.049972527851e-06         -7.9714991498306e-15
12.05                       -1.0220638809716e-06        -7.7241019401082e-15
12.1                        -9.9563841444204e-07        -7.6532045343334e-15
12.15                       -9.7065793472467e-07        -7.4740998672819e-15
12.2                        -9.470863189295e-07         -7.2395855659619e-15
12.25                       -9.248894658299e-07         -6.9458129583036e-15
12.3                        -9.0403525036381e-07        -6.7806466191035e-15
12.35                       -8.8449347955376e-07        -6.4758312523159e-15
12.4                        -8.6623585109843e-07        -6.3267144104698e-15
12.45                       -8.4923591471364e-07        -6.2044738991864e-15
12.5                        -8.3346903483805e-07        -6.3457049880983e-15
12.55                       -8.1891235692796e-07        -6.3887019644563e-15
12.6                        -8.0554477493064e-07        -6.4646861417097e-15
12.65                       -7.9334690166991e-07        -6.5435727658518e-15
12.7                        -7.8230104175821e-07        -6.4827470626531e-15
12.75                       -7.7239116575714e-07        -6.5374856701255e-15
12.8                        -7.6360288787779e-07        -6.400599715987e-15
12.85                       -7.5592344514055e-07        -6.2153530582134e-15
12.9                        -7.4934167863488e-07        -5.8539632633809e-15
12.95                       -7.4384801759329e-07        -5.4982898913495e-15
13                          -7.3943446447384e-07        -5.0465325950195e-15
13.05                       -7.3609458396347e-07        -4.6053426502607e-15
13.1                        -7.3382349188208e-07        -4.223219908238e-15
13.15                       -7.3261784796638e-07        -3.931415885202e-15
13.2                        -7.3247584980543e-07        -3.6129306974383e-15
13.25                       -7.3339722865397e-07        -3.5017304938946e-15
13.3                        -7.3538324778615e-07        -3.3034151889174e-15
13.35                       -7.3843670216739e-07        -3.3363633233286e-15
13.4                        -7.4256192035442e-07        -3.2995215696797e-15
13.45                       -7.4776476805615e-07        -3.3612308947061e-15
13.5                        -7.5405265328687e-07        -3.4288008370457e-15
13.55                       -7.6143453357673e-07        -3.4980991745823e-15
13.6                        -7.6992092423056e-07        -3.7078201496967e-15
13.65                       -7.7952390865266e-07        -3.8516105888432e-15
13.7                        -7.9025714930878e-07        -4.1140863399395e-15
13.75                       -8.0213590087962e-07        -4.241799034015e-15
13.8                        -8.1517702307987e-07        -4.4492348155763e-15
13.85                       -8.2939899591219e-07        -4.5388021435386e-15
13.9                        -8.4482193413187e-07        -4.7428030464048e-15
13.95                       -8.6146760285572e-07        -4.6529398632502e-15
14                          -8.7935943302853e-07        -4.5796443246235e-15
14.05                       -8.9852253598751e-07        -4.3278183256886e-15
14.1                        -9.1898371809864e-07        -4.0124320639601e-15
14.15                       -9.4077149279546e-07        -3.8744010179884e-15
14.2                        -9.6391609179462e-07        -3.4558183905806e-15
14.25                       -9.8844947209157e-07        -3.2481580852277e-15
14.3                        -1.0144053202963e-06        -2.9625548138375e-15
14.35                       -1.0418190513721e-06        -2.6783239942622e-15
14.4                        -1.0707278015048e-06        -2.5736060248861e-15
14.45                       -1.101170412608e-06         -2.3532655929476e-15
14.5                        -1.133187407842e-06         -2.1261279540883e-15
14.55                       -1.1668209543246e-06        -1.8962092121306e-15
14.6                        -1.2021148120375e-06        -1.5649485423375e-15
14.65                       -1.2391142639639e-06        -1.2508016201005e-15
14.7                        -1.2778660247654e-06        -1.0067620887464e-15
14.75                       -1.318418122727e-06         -7.3938857072387e-16
14.8                        -1.3608197482951e-06        -5.229726198191e-16
14.85                       -1.4051210635761e-06        -4.0044566415189e-16
14.9                        -1.4513729617131e-06        -3.1741681149737e-16
14.95                       -1.4996267657113e-06        -4.2355401008448e-16
15                          -1.549933852129e-06         -4.1368842616991e-16
15.05                       -1.602345178818e-06         -3.9673242628745e-16
15.1                        -1.6569106944041e-06        -3.8156013368561e-16
15.15                       -1.7136785937241e-06        -1.3764530640531e-16
15.2                        -1.7726943767155e-06        7.302760329221e-18
15.25                       -1.8339996501099e-06        3.4172278119613e-16
15.3                        -1.8976305889788e-06        6.5362346073776e-16
15.35                       -1.9636159443912e-06        8.9889543118541e-16
15.4                        -2.031974436388e-06         1.1611304374554e-15
15.45                       -2.1027113069905e-06        1.1805544883954e-15
15.5                        -2.1758137120169e-06        1.2153672107043e-15
15.55                       -2.2512444920029e-06        1.1113478447043e-15
15.6                        -2.3289336636531e-06        9.377142952835e-16
15.65                       -2.4087666784897e-06        7.9261834668992e-16
15.7                        -2.4905680691387e-06        5.9800137349606e-16
15.75                       -2.5746373612315e-06        4.0888381358888e-16
15.8                        -2.6617771029477e-06        2.392790773371e-16
15.85                       -2.7527690021958e-06        1.1232793141554e-16
15.9                        -2.8483966557822e-06        1.6686781329099e-17
15.95                       -2.9494445432098e-06        9.0317567585296e-17
16                          -3.0567025805051e-06        1.5751815534515e-16
16.05                       -3.1709749624473e-06        3.6191504334555e-16
16.1                        -3.2930924513196e-06        5.1294655546732e-16
16.15                       -3.4239276230302e-06        7.0641971787007e-16
16.2                        -3.5644128651728e-06        9.4406588657848e-16
16.25                       -3.715561170221e-06         1.086240257371e-15
16.3                        -3.878489982763e-06         1.2456811644897e-15
16.35                       -4.0544485668412e-06        1.2932619604922e-15
16.4                        -4.2448495555989e-06        1.2958362641472e-15
16.45                       -4.4513055329002e-06        1.1971894625395e-15
16.5                        -4.6756716463863e-06        1.0247150970491e-15
16.55                       -4.9200952637766e-06        8.2129978641983e-16
16.6                        -5.1870732830896e-06        5.0024042836181e-16
16.65                       -5.4795160282855e-06        1.959369357772e-16
16.7                        -5.8008110688848e-06        -1.2625818794654e-16
16.75                       -6.1526454950168e-06        -3.0845915653221e-16
16.8                        -6.5351100543676e-06        -4.3830202174816e-16
16.85                       -6.9490523415105e-06        -4.0857387854668e-16
16.9                        -7.3956026817609e-06        -3.4252965280056e-16
16.95                       -7.8762145735912e-06        -1.6691667949817e-16
17                          -8.392682623145e-06         4.1461169847599e-17
17.05                       -8.9471570661662e-06        3.6438365975351e-16
17.1                        -9.5421626624421e-06        6.707015306815e-16
17.15                       -1.0180625383779e-05        9.695251185692e-16
17.2                        -1.0865908723356e-05        1.1686483244343e-15
17.25                       -1.1601860909474e-05        1.3390431616867e-15
17.3                        -1.2392874008404e-05        1.4305583074127e-15
17.35                       -1.3243955223225e-05        1.455738530137e-15
17.4                        -1.4160808649497e-05        1.4047925919791e-15
17.45                       -1.5149920038073e-05        1.3172150719267e-15
17.5                        -1.6218622135951e-05        1.1732072207579e-15
17.55                       -1.7368225711965e-05        1.0319452086103e-15
17.6                        -1.8595199526846e-05        8.7926502797739e-16
17.65                       -1.9898316945716e-05        7.5000804173179e-16
17.7                        -2.1276440059151e-05        6.7931995799694e-16
17.75                       -2.272848319732e-05         6.1771892054021e-16
17.8                        -2.4253326941435e-05        6.1104236181083e-16
17.85                       -2.5849723902886e-05        6.3123640459868e-16
17.9                        -2.7516209762833e-05        7.1852197166707e-16
17.95                       -2.9251023706011e-05        8.5097094384825e-16
18                          -3.1052039050811e-05        9.7164389691061e-16
18.05                       -3.2916703508058e-05        1.1029696269037e-15
18.1                        -3.4841987636922e-05        1.2171450867329e-15
18.15                       -3.6824339120019e-05        1.3081423596463e-15
18.2                        -3.8859639152388e-05        1.3724310120673e-15
18.25                       -4.094315531225e-05         1.3981612995464e-15
18.3                        -4.3069482539492e-05        1.3712980644193e-15
18.35                       -4.5232460040139e-05        1.2577271740746e-15
18.4                        -4.7425046742228e-05        1.0853599554985e-15
18.45                       -4.9639130949672e-05        8.8391261836787e-16
18.5                        -5.1865240558354e-05        6.6130315418088e-16
18.55                       -5.4105463833906e-05        4.5811398902755e-16
18.6                        -5.6371730874483e-05        2.812927688644e-16
18.65                       -5.8673357264711e-05        1.1250942683965e-16
18.7                        -6.1019321265609e-05        -4.379047548316e-17
18.75                       -6.3418164792189e-05        -1.9998949381979e-16
18.8                        -6.5877962961172e-05        -3.8303779496873e-16
18.85                       -6.8406334803534e-05        -5.9842712512356e-16
18.9                        -7.1010477279398e-05        -8.2531783290273e-16
18.95                       -7.3697211096835e-05        -1.0523961649735e-15
19                          -7.6473031056202e-05        -1.2772800803364e-15
19.05                       -7.9344156418927e-05        -1.4707956784227e-15
19.1                        -8.2316578605608e-05        -1.627637804733e-15
19.15                       -8.5396104685467e-05        -1.7685972746331e-15
19.2                        -8.8588395840373e-05        -1.8874754839739e-15
19.25                       -9.1899000416618e-05        -1.9915796538315e-15
19.3                        -9.533338141495e-05         -2.096341152207e-15
19.35                       -9.8896938373954e-05        -2.1946890446283e-15
19.4                        -0.00010259502361746        -2.2912821761904e-15
19.45                       -0.00010643295278789        -2.3917055347397e-15
19.5                        -0.00011041600948755        -2.4828895691224e-15
19.55                       -0.00011454944370482        -2.5407717343406e-15
19.6                        -0.00011883846351181        -2.553113372569e-15
19.65                       -0.0001232882192721         -2.5379017295141e-15
19.7                        -0.00012790377927885        -2.4958920978873e-15
19.75                       -0.00013269009532719        -2.4126127244085e-15
19.8                        -0.00013765195617008        -2.2996591761844e-15
19.85                       -0.0001427939260573         -2.1633147517414e-15
19.9                        -0.00014812026452965        -2.0055023260045e-15
19.95                       -0.00015363482220888        -1.8325411114802e-15
20                          -0.00015934090531382        -1.6397289701684e-15
20.05                       -0.0001652410987794         -1.4349791264561e-15
20.1                        -0.00017133703377945        -1.2235848301022e-15
20.15                       -0.00017762907959697        -1.0076927240852e-15
20.2                        -0.00018411593132818        -8.1610138399203e-16
20.25                       -0.00019079405265015        -6.6053495061491e-16
20.3                        -0.00019765691506651        -5.3465389762553e-16
20.35                       -0.00020469394908588        -4.4685254110088e-16
20.4                        -0.00021188908488808        -3.8723994588787e-16
20.45                       -0.0002192670686252         -3.3635126249953e-16
20.5                        -0.00022689499434993        -2.927862379202e-16
20.55                       -0.00023483699200748        -2.5578514856346e-16
20.6                        -0.00024315682771073        -2.2750690123608e-16
20.65                       -0.00025191766195161        -2.1205902696157e-16
20.7                        -0.0002611822694396         -2.0635928116358e-16
20.75                       -0.00027101360204898        -2.1183446399727e-16
20.8                        -0.00028147561454626        -2.2913069942067e-16
20.85                       -0.00029263430428206        -2.4970523303342e-16
20.9                        -0.00030455894426301        -2.6145533686079e-16
20.95                       -0.00031732351840601        -2.5918934837582e-16
21.002630398234             -0.00033175827035151        -2.4373008799344e-16
21.058029574601             -0.00034817110755364        -2.1481979938497e-16
21.116343188881             -0.00036694454894331        -1.8408672684456e-16
21.177724563722             -0.00038856014934118        -1.4914614076643e-16
21.242335087763             -0.00041363302916408        -1.1884204802141e-16
21.310344639971             -0.0004429611721889         -8.6822348331474e-17
21.3819320363               -0.00047759546609006        -5.478101142929e-17
21.457285499847             -0.00051868613155974        -2.9924069760507e-17
21.536603155744             -0.00056685737278799        -4.4135923701256e-17
21.620093552081             -0.00062275377556685        -1.1524852284992e-16
21.707976208241             -0.00068700701004982        -2.1136019331847e-16
21.800482192072             -0.00076011891713006        -2.8227914766282e-16
21.897854727434             -0.00084219725956493        -3.056889015534e-16
22.000349833698             -0.00093243547149537        -2.9049876909475e-16
22.108236998893             -0.0010281126712513         -2.6101989060065e-16
22.221799888265             -0.0011226763265327         -2.0674589116824e-16
22.34133709011              -0.001202039289578          -1.2666243951693e-16
22.467162900849             -0.0012375027534615         -6.1529694094858e-17
22.599608151396             -0.0011693681063295         -1.9156340650282e-17
22.739021077007             -0.00090194100232302        1.3351705889407e-19
22.885768232885             -3.8570865225036e-05        0
