x[nm]                E_9[eV]              Psi^2_9_lh2[nm^-1/2]
7.1142317671146      2.3390988947366      2.3390998943898
7.260978922993       2.3390988947366      2.3393624111535
7.4003918486039      2.3390988947366      2.3392225573464
7.532837099151       2.3390988947366      2.3391973352165
7.6586629098899      2.3390988947366      2.3391715307249
7.7782001117354      2.3390988947366      2.3391535616132
7.891763001107       2.3390988947366      2.3391404495927
7.9996501663019      2.3390988947366      2.3391308272366
8.1021452725658      2.3390988947366      2.3391236944761
8.1995178079279      2.3390988947366      2.3391183527002
8.2920237917592      2.3390988947366      2.3391143109294
8.3799064479186      2.3390988947366      2.3391112220963
8.4633968442558      2.3390988947366      2.3391088399553
8.5427145001525      2.3390988947366      2.3391069925765
8.6180679636999      2.3390988947366      2.339105574664
8.6896553600291      2.3390988947366      2.3391044943856
8.7576649122373      2.3390988947366      2.3391036535988
8.8222754362784      2.3390988947366      2.3391029869829
8.8836568111193      2.3390988947366      2.3391024514517
8.9419704253995      2.3390988947366      2.3391020164518
8.9973696017656      2.3390988947366      2.339101659659
9.05                 2.3390988947366      2.3391013644475
9.1                  2.3390988947366      2.3391011182455
9.15                 2.3390988947366      2.3391009010931
9.2                  2.3390988947366      2.3391007094943
9.25                 2.3390988947366      2.3391005403654
9.3                  2.3390988947366      2.3391003909823
9.35                 2.3390988947366      2.339100258925
9.4                  2.3390988947366      2.3391001420221
9.45                 2.3390988947366      2.3391000382986
9.5                  2.3390988947366      2.3390999459231
9.55                 2.3390988947366      2.339099863156
9.6                  2.3390988947366      2.3390997882951
9.65                 2.3390988947366      2.3390997202708
9.7                  2.3390988947366      2.3390996583473
9.75                 2.3390988947366      2.3390996016799
9.8                  2.3390988947366      2.3390995496258
9.85                 2.3390988947366      2.339099501681
9.9                  2.3390988947366      2.3390994574371
9.95                 2.3390988947366      2.3390994165539
10                   2.3390988947366      2.3390993787409
10.05                2.3390988947366      2.3390993437451
10.1                 2.3390988947366      2.3390993113422
10.15                2.3390988947366      2.3390992813309
10.2                 2.3390988947366      2.3390992535291
10.25                2.3390988947366      2.3390992277707
10.3                 2.3390988947366      2.3390992039035
10.35                2.3390988947366      2.3390991817873
10.4                 2.3390988947366      2.3390991612932
10.45                2.3390988947366      2.3390991423018
10.5                 2.3390988947366      2.339099124703
10.55                2.3390988947366      2.3390991083947
10.6                 2.3390988947366      2.3390990932824
10.65                2.3390988947366      2.3390990792785
10.7                 2.3390988947366      2.3390990663021
10.75                2.3390988947366      2.3390990542778
10.8                 2.3390988947366      2.3390990431362
10.85                2.3390988947366      2.3390990328125
10.9                 2.3390988947366      2.3390990232471
10.95                2.3390988947366      2.3390990143844
11                   2.3390988947366      2.3390990061731
11.05                2.3390988947366      2.3390989985655
11.1                 2.3390988947366      2.3390989915175
11.15                2.3390988947366      2.3390989849883
11.2                 2.3390988947366      2.3390989789399
11.25                2.3390988947366      2.3390989733372
11.3                 2.3390988947366      2.3390989681478
11.35                2.3390988947366      2.3390989633415
11.4                 2.3390988947366      2.3390989588903
11.45                2.3390988947366      2.3390989547685
11.5                 2.3390988947366      2.3390989509521
11.55                2.3390988947366      2.3390989474189
11.6                 2.3390988947366      2.3390989441485
11.65                2.3390988947366      2.3390989411217
11.7                 2.3390988947366      2.3390989383211
11.75                2.3390988947366      2.3390989357304
11.8                 2.3390988947366      2.3390989333345
11.85                2.3390988947366      2.3390989311195
11.9                 2.3390988947366      2.3390989290725
11.95                2.3390988947366      2.3390989271817
12                   2.3390988947366      2.339098925436
12.05                2.3390988947366      2.3390989238253
12.1                 2.3390988947366      2.3390989223402
12.15                2.3390988947366      2.3390989209722
12.2                 2.3390988947366      2.3390989197132
12.25                2.3390988947366      2.339098918556
12.3                 2.3390988947366      2.3390989174938
12.35                2.3390988947366      2.3390989165205
12.4                 2.3390988947366      2.3390989156303
12.45                2.3390988947366      2.3390989148182
12.5                 2.3390988947366      2.3390989140794
12.55                2.3390988947366      2.3390989134096
12.6                 2.3390988947366      2.3390989128049
12.65                2.3390988947366      2.3390989122618
12.7                 2.3390988947366      2.3390989117772
12.75                2.3390988947366      2.3390989113482
12.8                 2.3390988947366      2.3390989109723
12.85                2.3390988947366      2.3390989106474
12.9                 2.3390988947366      2.3390989103716
12.95                2.3390988947366      2.3390989101432
13                   2.3390988947366      2.339098909961
13.05                2.3390988947366      2.3390989098238
13.1                 2.3390988947366      2.3390989097309
13.15                2.3390988947366      2.3390989096818
13.2                 2.3390988947366      2.3390989096761
13.25                2.3390988947366      2.3390989097138
13.3                 2.3390988947366      2.3390989097952
13.35                2.3390988947366      2.3390989099206
13.4                 2.3390988947366      2.3390989100909
13.45                2.3390988947366      2.3390989103071
13.5                 2.3390988947366      2.3390989105703
13.55                2.3390988947366      2.3390989108822
13.6                 2.3390988947366      2.3390989112444
13.65                2.3390988947366      2.3390989116592
13.7                 2.3390988947366      2.3390989121289
13.75                2.3390988947366      2.3390989126563
13.8                 2.3390988947366      2.3390989132445
13.85                2.3390988947366      2.3390989138967
13.9                 2.3390988947366      2.3390989146169
13.95                2.3390988947366      2.3390989154093
14                   2.3390988947366      2.3390989162783
14.05                2.3390988947366      2.3390989172291
14.1                 2.3390988947366      2.3390989182672
14.15                2.3390988947366      2.3390989193986
14.2                 2.3390988947366      2.3390989206298
14.25                2.3390988947366      2.3390989219681
14.3                 2.3390988947366      2.3390989234211
14.35                2.3390988947366      2.3390989249974
14.4                 2.3390988947366      2.339098926706
14.45                2.3390988947366      2.3390989285569
14.5                 2.3390988947366      2.3390989305607
14.55                2.3390988947366      2.3390989327292
14.6                 2.3390988947366      2.3390989350748
14.65                2.3390988947366      2.3390989376112
14.7                 2.3390988947366      2.339098940353
14.75                2.3390988947366      2.3390989433161
14.8                 2.3390988947366      2.3390989465178
14.85                2.3390988947366      2.3390989499764
14.9                 2.3390988947366      2.3390989537122
14.95                2.3390988947366      2.3390989577468
15                   2.3390988947366      2.3390989621037
15.05                2.3390988947366      2.3390989668084
15.1                 2.3390988947366      2.3390989718884
15.15                2.3390988947366      2.3390989773738
15.2                 2.3390988947366      2.3390989832975
15.25                2.3390988947366      2.3390989896953
15.3                 2.3390988947366      2.3390989966071
15.35                2.3390988947366      2.3390990040772
15.4                 2.3390988947366      2.3390990121556
15.45                2.3390988947366      2.3390990208997
15.5                 2.3390988947366      2.3390990303767
15.55                2.3390988947366      2.3390990406673
15.6                 2.3390988947366      2.3390990518707
15.65                2.3390988947366      2.3390990641136
15.7                 2.3390988947366      2.3390990775621
15.75                2.3390988947366      2.3390990923611
15.8                 2.3390988947366      2.3390991087226
15.85                2.3390988947366      2.3390991269844
15.9                 2.3390988947366      2.3390991474916
15.95                2.3390988947366      2.3390991706075
16                   2.3390988947366      2.3390991967249
16.05                2.3390988947366      2.339099226276
16.1                 2.3390988947366      2.3390992597446
16.15                2.3390988947366      2.3390992976779
16.2                 2.3390988947366      2.3390993407009
16.25                2.3390988947366      2.3390993895323
16.3                 2.3390988947366      2.3390994450036
16.35                2.3390988947366      2.3390995080822
16.4                 2.3390988947366      2.3390995798998
16.45                2.3390988947366      2.3390996617876
16.5                 2.3390988947366      2.3390997553235
16.55                2.3390988947366      2.3390998623996
16.6                 2.3390988947366      2.3390999853328
16.65                2.3390988947366      2.339100127086
16.7                 2.3390988947366      2.3391002918157
16.75                2.3390988947366      2.3391004835847
16.8                 2.3390988947366      2.3391007042125
16.85                2.3390988947366      2.3391009554984
16.9                 2.3390988947366      2.3391012406022
16.95                2.3390988947366      2.3391015635847
17                   2.3390988947366      2.3391019292546
17.05                2.3390988947366      2.3391023431523
17.1                 2.3390988947366      2.3391028115989
17.15                2.3390988947366      2.3391033417845
17.2                 2.3390988947366      2.3391039418855
17.25                2.3390988947366      2.3391046212177
17.3                 2.3390988947366      2.3391053904485
17.35                2.3390988947366      2.3391062619329
17.4                 2.3390988947366      2.3391072503409
17.45                2.3390988947366      2.33910837402
17.5                 2.3390988947366      2.3391096582644
17.55                2.3390988947366      2.339111120321
17.6                 2.3390988947366      2.3391127597174
17.65                2.3390988947366      2.3391145780023
17.7                 2.3390988947366      2.3391165833705
17.75                2.3390988947366      2.339118786325
17.8                 2.3390988947366      2.3391211979582
17.85                2.3390988947366      2.3391238290948
17.9                 2.3390988947366      2.3391266897283
17.95                2.3390988947366      2.3391297885633
18                   2.3390988947366      2.3391331326115
18.05                2.3390988947366      2.3391367268457
18.1                 2.3390988947366      2.3391405739509
18.15                2.3390988947366      2.3391446742391
18.2                 2.3390988947366      2.3391490258234
18.25                2.3390988947366      2.3391536251802
18.3                 2.3390988947366      2.3391584682729
18.35                2.3390988947366      2.3391635524617
18.4                 2.3390988947366      2.3391688794971
18.45                2.3390988947366      2.3391744599855
18.5                 2.3390988947366      2.3391803198532
18.55                2.3390988947366      2.3391864761389
18.6                 2.3390988947366      2.3391929612455
18.65                2.3390988947366      2.3391998455401
18.7                 2.3390988947366      2.3392071923115
18.75                2.3390988947366      2.3392150608155
18.8                 2.3390988947366      2.3392235085546
18.85                2.3390988947366      2.3392325929967
18.9                 2.3390988947366      2.3392423728935
18.95                2.3390988947366      2.3392529093193
19                   2.3390988947366      2.3392642665172
19.05                2.3390988947366      2.3392765126195
19.1                 2.3390988947366      2.3392897202865
19.15                2.3390988947366      2.3393039672996
19.2                 2.3390988947366      2.3393193371326
19.25                2.3390988947366      2.33933591952
19.3                 2.3390988947366      2.3393538110373
19.35                2.3390988947366      2.3393731157039
19.4                 2.3390988947366      2.339393945621
19.45                2.3390988947366      2.3394164216519
19.5                 2.3390988947366      2.3394406741585
19.55                2.3390988947366      2.3394668438043
19.6                 2.3390988947366      2.3394950824428
19.65                2.3390988947366      2.339525554112
19.7                 2.3390988947366      2.3395584361698
19.75                2.3390988947366      2.3395939206155
19.8                 2.3390988947366      2.3396322156704
19.85                2.3390988947366      2.3396735477203
19.9                 2.3390988947366      2.339718163783
19.95                2.3390988947366      2.339766334741
20                   2.3390988947366      2.3398183597095
20.05                2.3390988947366      2.3398745721044
20.1                 2.3390988947366      2.3399353482726
20.15                2.3390988947366      2.3400011200054
20.2                 2.3390988947366      2.340072392967
20.25                2.3390988947366      2.3401497741609
20.3                 2.3390988947366      2.3402340132615
20.35                2.3390988947366      2.3403260652978
20.4                 2.3390988947366      2.3404271863771
20.45                2.3390988947366      2.3405384700524
20.5                 2.3390988947366      2.3406615065072
20.55                2.3390988947366      2.3407988259387
20.6                 2.3390988947366      2.3409530144393
20.65                2.3390988947366      2.3411267943044
20.7                 2.3390988947366      2.3413231017675
20.75                2.3390988947366      2.3415451642979
20.8                 2.3390988947366      2.3417965795006
20.85                2.3390988947366      2.3420813967289
20.9                 2.3390988947366      2.3424042001557
20.95                2.3390988947366      2.3427701865076
21.002630398234      2.3390988947366      2.3432090268899
21.058029574601      2.3390988947366      2.3437394095364
21.116343188881      2.3390988947366      2.3443860491508
21.177724563722      2.3390988947366      2.3451821313208
21.242335087763      2.3390988947366      2.3461730745674
21.310344639971      2.3390988947366      2.3474229277294
21.3819320363        2.3390988947366      2.3490287917969
21.457285499847      2.3390988947366      2.3511365581557
21.536603155744      2.3390988947366      2.3538827382214
21.620093552081      2.3390988947366      2.3574238571541
21.707976208241      2.3390988947366      2.362015493514
21.800482192072      2.3390988947366      2.3680236982463
21.897854727434      2.3390988947366      2.375964396702
22.000349833698      2.3390988947366      2.3865674435196
22.108236998893      2.3390988947366      2.4008713433541
22.221799888265      2.3390988947366      2.4203627262584
22.34133709011       2.3390988947366      2.4470743103748
22.467162900849      2.3390988947366      2.4854334044407
22.599608151396      2.3390988947366      2.5229268017736
22.739021077007      2.3390988947366      2.7308233737982
22.885768232885      2.3390988947366      2.3405849068777
