x[nm]                E_4[eV]              Psi^2_4_lh1[nm^-1/2]
7.1142317671146      1.4167478423565      1.416750602336
7.260978922993       1.4167478423565      1.4171388152736
7.4003918486039      1.4167478423565      1.4167850555147
7.532837099151       1.4167478423565      1.4167502080169
7.6586629098899      1.4167478423565      1.4168423483829
7.7782001117354      1.4167478423565      1.4170597124303
7.891763001107       1.4167478423565      1.4173972058123
7.9996501663019      1.4167478423565      1.4178516983324
8.1021452725658      1.4167478423565      1.4184222280606
8.1995178079279      1.4167478423565      1.419109323616
8.2920237917592      1.4167478423565      1.4199145588906
8.3799064479186      1.4167478423565      1.4208402028316
8.4633968442558      1.4167478423565      1.421889098843
8.5427145001525      1.4167478423565      1.4230653997258
8.6180679636999      1.4167478423565      1.4243787466757
8.6896553600291      1.4167478423565      1.4257965953727
8.7576649122373      1.4167478423565      1.4273003197918
8.8222754362784      1.4167478423565      1.4288780022288
8.8836568111193      1.4167478423565      1.4305155534832
8.9419704253995      1.4167478423565      1.432198322148
8.9973696017656      1.4167478423565      1.4339117560201
9.05                 1.4167478423565      1.4356418419327
9.1                  1.4167478423565      1.4373754401624
9.15                 1.4167478423565      1.4391932895096
9.2                  1.4167478423565      1.4410909470528
9.25                 1.4167478423565      1.4430628152724
9.3                  1.4167478423565      1.4451022236445
9.35                 1.4167478423565      1.4472015863639
9.4                  1.4167478423565      1.4493526611335
9.45                 1.4167478423565      1.4515469385995
9.5                  1.4167478423565      1.4537761986779
9.55                 1.4167478423565      1.4560332791402
9.6                  1.4167478423565      1.4583131142873
9.65                 1.4167478423565      1.460621738061
9.7                  1.4167478423565      1.4629649761868
9.75                 1.4167478423565      1.4653388207105
9.8                  1.4167478423565      1.4677397239085
9.85                 1.4167478423565      1.4701644653524
9.9                  1.4167478423565      1.4726100569466
9.95                 1.4167478423565      1.4750736752591
10                   1.4167478423565      1.4775526134511
10.05                1.4167478423565      1.4800442472724
10.1                 1.4167478423565      1.4825460111457
10.15                1.4167478423565      1.4850553814851
10.2                 1.4167478423565      1.4875698652053
10.25                1.4167478423565      1.490086991958
10.3                 1.4167478423565      1.4926043090483
10.35                1.4167478423565      1.4951193782849
10.4                 1.4167478423565      1.4976297742271
10.45                1.4167478423565      1.5001330834483
10.5                 1.4167478423565      1.5026269045403
10.55                1.4167478423565      1.5051088486617
10.6                 1.4167478423565      1.5075765404881
10.65                1.4167478423565      1.510027619461
10.7                 1.4167478423565      1.5124597412597
10.75                1.4167478423565      1.5148705794404
10.8                 1.4167478423565      1.5172578272009
10.85                1.4167478423565      1.51961919924
10.9                 1.4167478423565      1.5219524336858
10.95                1.4167478423565      1.5242552940751
11                   1.4167478423565      1.5265255713688
11.05                1.4167478423565      1.5287610859896
11.1                 1.4167478423565      1.5309596898725
11.15                1.4167478423565      1.5331192685189
11.2                 1.4167478423565      1.5352377430476
11.25                1.4167478423565      1.537313072234
11.3                 1.4167478423565      1.5393432545332
11.35                1.4167478423565      1.5413263300814
11.4                 1.4167478423565      1.5432603826697
11.45                1.4167478423565      1.5451435416865
11.5                 1.4167478423565      1.5469739840246
11.55                1.4167478423565      1.5487499359481
11.6                 1.4167478423565      1.5504696749166
11.65                1.4167478423565      1.5521315313627
11.7                 1.4167478423565      1.5537338904197
11.75                1.4167478423565      1.5552751935972
11.8                 1.4167478423565      1.5567539404001
11.85                1.4167478423565      1.5581686898913
11.9                 1.4167478423565      1.5595180621926
11.95                1.4167478423565      1.5608007399237
12                   1.4167478423565      1.5620154695763
12.05                1.4167478423565      1.5631610628211
12.1                 1.4167478423565      1.5642363977468
12.15                1.4167478423565      1.565240420028
12.2                 1.4167478423565      1.5661721440222
12.25                1.4167478423565      1.5670306537919
12.3                 1.4167478423565      1.5678151040538
12.35                1.4167478423565      1.56852472105
12.4                 1.4167478423565      1.5691588033436
12.45                1.4167478423565      1.5697167225352
12.5                 1.4167478423565      1.5701979239004
12.55                1.4167478423565      1.5706019269477
12.6                 1.4167478423565      1.5709283258949
12.65                1.4167478423565      1.5711767900649
12.7                 1.4167478423565      1.5713470641997
12.75                1.4167478423565      1.5714389686912
12.8                 1.4167478423565      1.5714523997305
12.85                1.4167478423565      1.5713873293737
12.9                 1.4167478423565      1.5712438055249
12.95                1.4167478423565      1.5710219518367
13                   1.4167478423565      1.570721967527
13.05                1.4167478423565      1.5703441271139
13.1                 1.4167478423565      1.5698887800679
13.15                1.4167478423565      1.5693563503823
13.2                 1.4167478423565      1.5687473360618
13.25                1.4167478423565      1.568062308531
13.3                 1.4167478423565      1.5673019119621
13.35                1.4167478423565      1.5664668625239
13.4                 1.4167478423565      1.5655579475526
13.45                1.4167478423565      1.5645760246453
13.5                 1.4167478423565      1.5635220206779
13.55                1.4167478423565      1.5623969307488
13.6                 1.4167478423565      1.5612018170489
13.65                1.4167478423565      1.5599378076618
13.7                 1.4167478423565      1.5586060952936
13.75                1.4167478423565      1.5572079359358
13.8                 1.4167478423565      1.5557446474637
13.85                1.4167478423565      1.5542176081712
13.9                 1.4167478423565      1.5526282552466
13.95                1.4167478423565      1.550978083191
14                   1.4167478423565      1.5492686421828
14.05                1.4167478423565      1.5475015363916
14.1                 1.4167478423565      1.5456784222457
14.15                1.4167478423565      1.5438010066574
14.2                 1.4167478423565      1.5418710452091
14.25                1.4167478423565      1.5398903403083
14.3                 1.4167478423565      1.5378607393147
14.35                1.4167478423565      1.5357841326466
14.4                 1.4167478423565      1.5336624518752
14.45                1.4167478423565      1.5314976678146
14.5                 1.4167478423565      1.529291788618
14.55                1.4167478423565      1.5270468578941
14.6                 1.4167478423565      1.524764952858
14.65                1.4167478423565      1.5224481825375
14.7                 1.4167478423565      1.5200986860606
14.75                1.4167478423565      1.5177186310575
14.8                 1.4167478423565      1.5153102122212
14.85                1.4167478423565      1.5128756500886
14.9                 1.4167478423565      1.5104171901228
14.95                1.4167478423565      1.50793710221
15                   1.4167478423565      1.505437680728
15.05                1.4167478423565      1.5029212454046
15.1                 1.4167478423565      1.5003901432715
15.15                1.4167478423565      1.4978467521436
15.2                 1.4167478423565      1.4952934862276
15.25                1.4167478423565      1.4927328047121
15.3                 1.4167478423565      1.49016722454
15.35                1.4167478423565      1.4875993390564
15.4                 1.4167478423565      1.48503184492
15.45                1.4167478423565      1.4824675806423
15.5                 1.4167478423565      1.4799095814922
15.55                1.4167478423565      1.4773611574302
15.6                 1.4167478423565      1.4748260034462
15.65                1.4167478423565      1.4723083554721
15.7                 1.4167478423565      1.4698132103977
15.75                1.4167478423565      1.4673351082406
15.8                 1.4167478423565      1.4648680420024
15.85                1.4167478423565      1.4624178303958
15.9                 1.4167478423565      1.4599928094346
15.95                1.4167478423565      1.457602656968
16                   1.4167478423565      1.4552575160289
16.05                1.4167478423565      1.4529673539913
16.1                 1.4167478423565      1.4507415082046
16.15                1.4167478423565      1.4485883789249
16.2                 1.4167478423565      1.4465152380739
16.25                1.4167478423565      1.4445281283261
16.3                 1.4167478423565      1.4426318317034
16.35                1.4167478423565      1.440829890528
16.4                 1.4167478423565      1.4391246663729
16.45                1.4167478423565      1.4375174244509
16.5                 1.4167478423565      1.4360084311071
16.55                1.4167478423565      1.434597048801
16.6                 1.4167478423565      1.4332818002339
16.65                1.4167478423565      1.4320603319356
16.7                 1.4167478423565      1.4309290717168
16.75                1.4167478423565      1.4298950887944
16.8                 1.4167478423565      1.4289601712818
16.85                1.4167478423565      1.4281125176027
16.9                 1.4167478423565      1.4273430485877
16.95                1.4167478423565      1.4266442222829
17                   1.4167478423565      1.426009521407
17.05                1.4167478423565      1.4254332081056
17.1                 1.4167478423565      1.4249101882805
17.15                1.4167478423565      1.4244359235617
17.2                 1.4167478423565      1.4240063660856
17.25                1.4167478423565      1.4236179054613
17.3                 1.4167478423565      1.4232673222998
17.35                1.4167478423565      1.4229517431959
17.4                 1.4167478423565      1.4226685886608
17.45                1.4167478423565      1.4224154952869
17.5                 1.4167478423565      1.4221901675367
17.55                1.4167478423565      1.4219927495466
17.6                 1.4167478423565      1.421821580162
17.65                1.4167478423565      1.4216724672382
17.7                 1.4167478423565      1.4215423170773
17.75                1.4167478423565      1.4214286109932
17.8                 1.4167478423565      1.4213291964698
17.85                1.4167478423565      1.4212421857541
17.9                 1.4167478423565      1.4211658965748
17.95                1.4167478423565      1.4210988124206
18                   1.4167478423565      1.4210395537852
18.05                1.4167478423565      1.4209868567396
18.1                 1.4167478423565      1.4209395571141
18.15                1.4167478423565      1.4208965794022
18.2                 1.4167478423565      1.4208569299224
18.25                1.4167478423565      1.4208196940263
18.3                 1.4167478423565      1.4207840373313
18.35                1.4167478423565      1.4207492111234
18.4                 1.4167478423565      1.4207145622469
18.45                1.4167478423565      1.4206795479882
18.5                 1.4167478423565      1.420643756689
18.55                1.4167478423565      1.4206065596396
18.6                 1.4167478423565      1.4205673179207
18.65                1.4167478423565      1.4205257162081
18.7                 1.4167478423565      1.420481590792
18.75                1.4167478423565      1.4204348800002
18.8                 1.4167478423565      1.4203855904641
18.85                1.4167478423565      1.4203337741706
18.9                 1.4167478423565      1.4202795128619
18.95                1.4167478423565      1.420222907449
19                   1.4167478423565      1.4201640708427
19.05                1.4167478423565      1.4201031231159
19.1                 1.4167478423565      1.4200401882544
19.15                1.4167478423565      1.4199753919882
19.2                 1.4167478423565      1.4199088603596
19.25                1.4167478423565      1.4198407187883
19.3                 1.4167478423565      1.4197710914767
19.35                1.4167478423565      1.4197001010425
19.4                 1.4167478423565      1.4196278683058
19.45                1.4167478423565      1.4195545121803
19.5                 1.4167478423565      1.4194801496345
19.55                1.4167478423565      1.4194048957003
19.6                 1.4167478423565      1.4193288635166
19.65                1.4167478423565      1.419252164396
19.7                 1.4167478423565      1.4191749079153
19.75                1.4167478423565      1.419097202025
19.8                 1.4167478423565      1.4190191531841
19.85                1.4167478423565      1.4189408665255
19.9                 1.4167478423565      1.4188624460637
19.95                1.4167478423565      1.4187839949601
20                   1.4167478423565      1.4187056158717
20.05                1.4167478423565      1.4186274114139
20.1                 1.4167478423565      1.418549484788
20.15                1.4167478423565      1.4184719406367
20.2                 1.4167478423565      1.4183948862214
20.25                1.4167478423565      1.4183184330503
20.3                 1.4167478423565      1.4182426991359
20.35                1.4167478423565      1.4181678121323
20.4                 1.4167478423565      1.4180939136971
20.45                1.4167478423565      1.4180208266041
20.5                 1.4167478423565      1.4179483635683
20.55                1.4167478423565      1.4178766947979
20.6                 1.4167478423565      1.4178060593531
20.65                1.4167478423565      1.4177367312289
20.7                 1.4167478423565      1.4176689942104
20.75                1.4167478423565      1.4176031236296
20.8                 1.4167478423565      1.4175393735587
20.85                1.4167478423565      1.4174779682653
20.9                 1.4167478423565      1.4174190969704
20.95                1.4167478423565      1.4173629111005
21.002630398234      1.4167478423565      1.4173067978278
21.058029574601      1.4167478423565      1.4172511846254
21.116343188881      1.4167478423565      1.4171965282519
21.177724563722      1.4167478423565      1.417143303919
21.242335087763      1.4167478423565      1.4170919909883
21.310344639971      1.4167478423565      1.4170430513919
21.3819320363        1.4167478423565      1.4169968770459
21.457285499847      1.4167478423565      1.4169540801443
21.536603155744      1.4167478423565      1.4169157289904
21.620093552081      1.4167478423565      1.4168815132466
21.707976208241      1.4167478423565      1.4168513025988
21.800482192072      1.4167478423565      1.4168250093587
21.897854727434      1.4167478423565      1.4168025642272
22.000349833698      1.4167478423565      1.416783920185
22.108236998893      1.4167478423565      1.4167690639405
22.221799888265      1.4167478423565      1.4167580305109
22.34133709011       1.4167478423565      1.4167509254221
22.467162900849      1.4167478423565      1.4167479181264
22.599608151396      1.4167478423565      1.4167490673869
22.739021077007      1.4167478423565      1.416760671495
22.885768232885      1.4167478423565      1.4167479328388
