x[nm]                  E_4_real[eV]           Psi_4_y2_real[nm^-1/2] E_4_imag[eV]           Psi_4_y2_imag[nm^-1/2]
7.1142317671146        1.4167478423565        1.416743623505         1.4167478423565        1.4167372503083
7.260978922993         1.4167478423565        1.4166559451648        1.4167478423565        1.4165171209191
7.4003918486039        1.4167478423565        1.4164898448545        1.4167478423565        1.4161001016218
7.532837099151         1.4167478423565        1.4162848951371        1.4167478423565        1.4155855451648
7.6586629098899        1.4167478423565        1.4160509198603        1.4167478423565        1.4149981157652
7.7782001117354        1.4167478423565        1.4157951441809        1.4167478423565        1.4143559532435
7.891763001107         1.4167478423565        1.4155214052025        1.4167478423565        1.4136686912136
7.9996501663019        1.4167478423565        1.4152316276378        1.4167478423565        1.41294116195
8.1021452725658        1.4167478423565        1.414926564332         1.4167478423565        1.4121752555814
8.1995178079279        1.4167478423565        1.4146062721937        1.4167478423565        1.4113711149855
8.2920237917592        1.4167478423565        1.4142704157061        1.4167478423565        1.4105278977982
8.3799064479186        1.4167478423565        1.4139184642622        1.4167478423565        1.4096442718519
8.4633968442558        1.4167478423565        1.4135498231272        1.4167478423565        1.4087187439774
8.5427145001525        1.4167478423565        1.41316392329          1.4167478423565        1.4077498855888
8.6180679636999        1.4167478423565        1.4127602899004        1.4167478423565        1.4067365045047
8.6896553600291        1.4167478423565        1.4123440284514        1.4167478423565        1.405691418817
8.7576649122373        1.4167478423565        1.4119201120475        1.4167478423565        1.4046271142374
8.8222754362784        1.4167478423565        1.4114924163629        1.4167478423565        1.4035533212167
8.8836568111193        1.4167478423565        1.4110644023625        1.4167478423565        1.4024787290176
8.9419704253995        1.4167478423565        1.4106391382445        1.4167478423565        1.4014110408032
8.9973696017656        1.4167478423565        1.4102193128299        1.4167478423565        1.4003570072549
9.05                   1.4167478423565        1.4098072478727        1.4167478423565        1.399322457478
9.1                    1.4167478423565        1.4094049125089        1.4167478423565        1.3983123352787
9.15                   1.4167478423565        1.408993202566         1.4167478423565        1.3972786768175
9.2                    1.4167478423565        1.4085734258106        1.4167478423565        1.3962247654354
9.25                   1.4167478423565        1.4081470613264        1.4167478423565        1.3951543145897
9.3                    1.4167478423565        1.4077157672322        1.4167478423565        1.3940714872315
9.35                   1.4167478423565        1.4072813875864        1.4167478423565        1.3929809131418
9.4                    1.4167478423565        1.4068459585348        1.4167478423565        1.3918877043642
9.45                   1.4167478423565        1.4064117138073        1.4167478423565        1.3907974690068
9.5                    1.4167478423565        1.405981089749         1.4167478423565        1.3897163238728
9.55                   1.4167478423565        1.4055567301712        1.4167478423565        1.3886509066398
9.6                    1.4167478423565        1.4051414914442        1.4167478423565        1.3876083886464
9.65                   1.4167478423565        1.4047360847244        1.4167478423565        1.3865905553553
9.7                    1.4167478423565        1.404339618879         1.4167478423565        1.3855951694466
9.75                   1.4167478423565        1.4039517833178        1.4167478423565        1.3846214511378
9.8                    1.4167478423565        1.4035722965392        1.4167478423565        1.3836686936775
9.85                   1.4167478423565        1.4032009029568        1.4167478423565        1.3827362553784
9.9                    1.4167478423565        1.4028373702993        1.4167478423565        1.3818235530892
9.95                   1.4167478423565        1.4024814874309        1.4167478423565        1.3809300567226
10                     1.4167478423565        1.4021330624854        1.4167478423565        1.3800552845702
10.05                  1.4167478423565        1.4017919212402        1.4167478423565        1.3791987992202
10.1                   1.4167478423565        1.4014579056768        1.4167478423565        1.378360203944
10.15                  1.4167478423565        1.4011308726914        1.4167478423565        1.3775391394587
10.2                   1.4167478423565        1.4008106929284        1.4167478423565        1.3767352809974
10.25                  1.4167478423565        1.4004972497155        1.4167478423565        1.375948335638
10.3                   1.4167478423565        1.4001904380886        1.4167478423565        1.3751780398518
10.35                  1.4167478423565        1.3998901638913        1.4167478423565        1.3744241572457
10.4                   1.4167478423565        1.3995963429439        1.4167478423565        1.3736864764743
10.45                  1.4167478423565        1.3993089002725        1.4167478423565        1.3729648093041
10.5                   1.4167478423565        1.3990277693928        1.4167478423565        1.3722589888168
10.55                  1.4167478423565        1.3987528916446        1.4167478423565        1.3715688677374
10.6                   1.4167478423565        1.3984842155721        1.4167478423565        1.3708943168785
10.65                  1.4167478423565        1.3982216963466        1.4167478423565        1.3702352236909
10.7                   1.4167478423565        1.3979652952282        1.4167478423565        1.3695914909124
10.75                  1.4167478423565        1.3977149790641        1.4167478423565        1.3689630353081
10.8                   1.4167478423565        1.3974707198207        1.4167478423565        1.3683497864953
10.85                  1.4167478423565        1.3972324941467        1.4167478423565        1.3677516858474
10.9                   1.4167478423565        1.397000282966         1.4167478423565        1.3671686854711
10.95                  1.4167478423565        1.3967740710977        1.4167478423565        1.3666007472522
11                     1.4167478423565        1.3965538469011        1.4167478423565        1.3660478419652
11.05                  1.4167478423565        1.3963396019453        1.4167478423565        1.3655099484431
11.1                   1.4167478423565        1.3961313307004        1.4167478423565        1.3649870528019
11.15                  1.4167478423565        1.3959290302493        1.4167478423565        1.3644791477183
11.2                   1.4167478423565        1.3957327000198        1.4167478423565        1.3639862317556
11.25                  1.4167478423565        1.3955423415339        1.4167478423565        1.3635083087348
11.3                   1.4167478423565        1.3953579581746        1.4167478423565        1.3630453871495
11.35                  1.4167478423565        1.3951795549683        1.4167478423565        1.3625974796192
11.4                   1.4167478423565        1.3950071383825        1.4167478423565        1.3621646023818
11.45                  1.4167478423565        1.3948407161374        1.4167478423565        1.3617467748195
11.5                   1.4167478423565        1.39468029703          1.4167478423565        1.3613440190189
11.55                  1.4167478423565        1.3945258907715        1.4167478423565        1.3609563593613
11.6                   1.4167478423565        1.3943775078356        1.4167478423565        1.3605838221423
11.65                  1.4167478423565        1.3942351593179        1.4167478423565        1.3602264352189
11.7                   1.4167478423565        1.3940988568052        1.4167478423565        1.359884227682
11.75                  1.4167478423565        1.3939686122555        1.4167478423565        1.3595572295534
11.8                   1.4167478423565        1.3938444378854        1.4167478423565        1.3592454715051
11.85                  1.4167478423565        1.3937263460681        1.4167478423565        1.3589489846015
11.9                   1.4167478423565        1.3936143492378        1.4167478423565        1.3586678000607
11.95                  1.4167478423565        1.393508459803         1.4167478423565        1.3584019490358
12                     1.4167478423565        1.3934086900663        1.4167478423565        1.3581514624147
12.05                  1.4167478423565        1.3933150521522        1.4167478423565        1.3579163706375
12.1                   1.4167478423565        1.3932275579405        1.4167478423565        1.3576967035302
12.15                  1.4167478423565        1.3931462190068        1.4167478423565        1.3574924901549
12.2                   1.4167478423565        1.3930710465686        1.4167478423565        1.357303758675
12.25                  1.4167478423565        1.3930020514378        1.4167478423565        1.3571305362355
12.3                   1.4167478423565        1.3929392439786        1.4167478423565        1.3569728488569
12.35                  1.4167478423565        1.3928826340709        1.4167478423565        1.3568307213443
12.4                   1.4167478423565        1.3928322310788        1.4167478423565        1.3567041772077
12.45                  1.4167478423565        1.392788043825         1.4167478423565        1.3565932385977
12.5                   1.4167478423565        1.3927500805695        1.4167478423565        1.3564979262524
12.55                  1.4167478423565        1.3927183489938        1.4167478423565        1.3564182594574
12.6                   1.4167478423565        1.3926928561901        1.4167478423565        1.3563542560182
12.65                  1.4167478423565        1.3926736086547        1.4167478423565        1.3563059322453
12.7                   1.4167478423565        1.3926606122875        1.4167478423565        1.3562733029508
12.75                  1.4167478423565        1.3926538723949        1.4167478423565        1.3562563814576
12.8                   1.4167478423565        1.3926533936991        1.4167478423565        1.3562551796214
12.85                  1.4167478423565        1.3926591803514        1.4167478423565        1.3562697078645
12.9                   1.4167478423565        1.3926712359507        1.4167478423565        1.3562999752224
12.95                  1.4167478423565        1.3926895635673        1.4167478423565        1.3563459894038
13                     1.4167478423565        1.3927141657718        1.4167478423565        1.3564077568624
13.05                  1.4167478423565        1.3927450446695        1.4167478423565        1.3564852828839
13.1                   1.4167478423565        1.3927822019402        1.4167478423565        1.3565785716855
13.15                  1.4167478423565        1.3928256388836        1.4167478423565        1.3566876265307
13.2                   1.4167478423565        1.3928753564711        1.4167478423565        1.356812449858
13.25                  1.4167478423565        1.3929313554032        1.4167478423565        1.3569530434263
13.3                   1.4167478423565        1.3929936361737        1.4167478423565        1.3571094084753
13.35                  1.4167478423565        1.3930621991406        1.4167478423565        1.3572815459038
13.4                   1.4167478423565        1.3931370446038        1.4167478423565        1.3574694564648
13.45                  1.4167478423565        1.3932181728907        1.4167478423565        1.3576731409801
13.5                   1.4167478423565        1.3933055844489        1.4167478423565        1.3578926005739
13.55                  1.4167478423565        1.3933992799483        1.4167478423565        1.3581278369274
13.6                   1.4167478423565        1.3934992603903        1.4167478423565        1.3583788525553
13.65                  1.4167478423565        1.3936055272278        1.4167478423565        1.358645651105
13.7                   1.4167478423565        1.393718082494         1.4167478423565        1.3589282376815
13.75                  1.4167478423565        1.3938369289421        1.4167478423565        1.3592266191968
13.8                   1.4167478423565        1.3939620701955        1.4167478423565        1.3595408047482
13.85                  1.4167478423565        1.3940935109102        1.4167478423565        1.3598708060254
13.9                   1.4167478423565        1.3942312569498        1.4167478423565        1.3602166377491
13.95                  1.4167478423565        1.3943753155727        1.4167478423565        1.3605783181435
14                     1.4167478423565        1.3945256956352        1.4167478423565        1.3609558694429
14.05                  1.4167478423565        1.3946824078079        1.4167478423565        1.361349318438
14.1                   1.4167478423565        1.3948454648099        1.4167478423565        1.3617586970616
14.15                  1.4167478423565        1.3950148816588        1.4167478423565        1.3621840430177
14.2                   1.4167478423565        1.3951906759399        1.4167478423565        1.3626254004568
14.25                  1.4167478423565        1.3953728680949        1.4167478423565        1.3630828207011
14.3                   1.4167478423565        1.3955614817317        1.4167478423565        1.3635563630212
14.35                  1.4167478423565        1.3957565439563        1.4167478423565        1.3640460954709
14.4                   1.4167478423565        1.3959580857291        1.4167478423565        1.3645520957807
14.45                  1.4167478423565        1.3961661422468        1.4167478423565        1.3650744523175
14.5                   1.4167478423565        1.3963807533521        1.4167478423565        1.365613265112
14.55                  1.4167478423565        1.3966019639726        1.4167478423565        1.3661686469615
14.6                   1.4167478423565        1.3968298245915        1.4167478423565        1.3667407246116
14.65                  1.4167478423565        1.3970643917522        1.4167478423565        1.367329640023
14.7                   1.4167478423565        1.3973057285997        1.4167478423565        1.3679355517301
14.75                  1.4167478423565        1.3975539054603        1.4167478423565        1.3685586362978
14.8                   1.4167478423565        1.3978090004643        1.4167478423565        1.3691990898839
14.85                  1.4167478423565        1.3980711002138        1.4167478423565        1.3698571299152
14.9                   1.4167478423565        1.398340300499         1.4167478423565        1.3705329968873
14.95                  1.4167478423565        1.398616707068         1.4167478423565        1.3712269562965
15                     1.4167478423565        1.3989004364543        1.4167478423565        1.3719393007173
15.05                  1.4167478423565        1.399191616867         1.4167478423565        1.3726703520375
15.1                   1.4167478423565        1.3994903891502        1.4167478423565        1.373420463867
15.15                  1.4167478423565        1.3997969078194        1.4167478423565        1.3741900241396
15.2                   1.4167478423565        1.4001113421834        1.4167478423565        1.3749794579302
15.25                  1.4167478423565        1.4004338775645        1.4167478423565        1.3757892305175
15.3                   1.4167478423565        1.4007647166305        1.4167478423565        1.376619850729
15.35                  1.4167478423565        1.40110408086          1.4167478423565        1.3774718746192
15.4                   1.4167478423565        1.4014522121662        1.4167478423565        1.3783459095471
15.45                  1.4167478423565        1.4018093747171        1.4167478423565        1.3792426187452
15.5                   1.4167478423565        1.4021758570019        1.4167478423565        1.3801627265081
15.55                  1.4167478423565        1.4025519742162        1.4167478423565        1.3811070241808
15.6                   1.4167478423565        1.402938071067         1.4167478423565        1.3820763772011
15.65                  1.4167478423565        1.4033345251445        1.4167478423565        1.3830717335647
15.7                   1.4167478423565        1.4037417510692        1.4167478423565        1.3840941342376
15.75                  1.4167478423565        1.4041606530899        1.4167478423565        1.3851458494695
15.8                   1.4167478423565        1.4045903356684        1.4167478423565        1.38622463088
15.85                  1.4167478423565        1.4050276450318        1.4167478423565        1.3873225604574
15.9                   1.4167478423565        1.4054696460951        1.4167478423565        1.3884322692384
15.95                  1.4167478423565        1.4059136171641        1.4167478423565        1.389546924009
16                     1.4167478423565        1.406357044697         1.4167478423565        1.390660214152
16.05                  1.4167478423565        1.4067976176784        1.4167478423565        1.3917663375232
16.1                   1.4167478423565        1.4072332212995        1.4167478423565        1.3928599845831
16.15                  1.4167478423565        1.4076619297383        1.4167478423565        1.3939363202724
16.2                   1.4167478423565        1.4080819979148        1.4167478423565        1.3949909633102
16.25                  1.4167478423565        1.4084918521457        1.4167478423565        1.3960199627329
16.3                   1.4167478423565        1.408890079664         1.4167478423565        1.397019771581
16.35                  1.4167478423565        1.4092754169879        1.4167478423565        1.3979872176971
16.4                   1.4167478423565        1.409646737132         1.4167478423565        1.3989194716183
16.45                  1.4167478423565        1.410003035652         1.4167478423565        1.3998140115398
16.5                   1.4167478423565        1.4103434154985        1.4167478423565        1.4006685852861
16.55                  1.4167478423565        1.4106670706212        1.4167478423565        1.4014811691496
16.6                   1.4167478423565        1.4109732682123        1.4167478423565        1.4022499233084
16.65                  1.4167478423565        1.4112613293577        1.4167478423565        1.4029731432486
16.7                   1.4167478423565        1.4115306075981        1.4167478423565        1.4036492059386
16.75                  1.4167478423565        1.4117799321823        1.4167478423565        1.4042751720357
16.8                   1.4167478423565        1.4120092921401        1.4167478423565        1.4048510139969
16.85                  1.4167478423565        1.4122201311119        1.4167478423565        1.4053803562946
16.9                   1.4167478423565        1.4124137362006        1.4167478423565        1.4058664303899
16.95                  1.4167478423565        1.4125912494565        1.4167478423565        1.4063121035686
17                     1.4167478423565        1.4127536789315        1.4167478423565        1.4067199066932
17.05                  1.4167478423565        1.4129019086984        1.4167478423565        1.407092059359
17.1                   1.4167478423565        1.4130367076587        1.4167478423565        1.4074304920062
17.15                  1.4167478423565        1.4131587371224        1.4167478423565        1.407736864951
17.2                   1.4167478423565        1.4132685572014        1.4167478423565        1.4080125844372
17.25                  1.4167478423565        1.41336663207          1.4167478423565        1.4082588158423
17.3                   1.4167478423565        1.4134533341414        1.4167478423565        1.4084764941647
17.35                  1.4167478423565        1.4135289471951        1.4167478423565        1.4086663318746
17.4                   1.4167478423565        1.4135936684619        1.4167478423565        1.4088288241491
17.45                  1.4167478423565        1.4136476096217        1.4167478423565        1.4089642513769
17.5                   1.4167478423565        1.413690796555         1.4167478423565        1.4090726785348
17.55                  1.4167478423565        1.4137233305311        1.4167478423565        1.4091543598746
17.6                   1.4167478423565        1.413745936905         1.4167478423565        1.4092111165064
17.65                  1.4167478423565        1.4137596998414        1.4167478423565        1.4092456703856
17.7                   1.4167478423565        1.4137656021907        1.4167478423565        1.4092604891031
17.75                  1.4167478423565        1.413764543469         1.4167478423565        1.4092578310263
17.8                   1.4167478423565        1.4137573558792        1.4167478423565        1.4092397855232
17.85                  1.4167478423565        1.4137448183117        1.4167478423565        1.4092083081131
17.9                   1.4167478423565        1.4137276684883        1.4167478423565        1.4091652509549
17.95                  1.4167478423565        1.4137066134554        1.4167478423565        1.4091123891933
18                     1.4167478423565        1.4136823386279        1.4167478423565        1.4090514436629
18.05                  1.4167478423565        1.4136555155547        1.4167478423565        1.4089841003861
18.1                   1.4167478423565        1.4136268085558        1.4167478423565        1.4089120272366
18.15                  1.4167478423565        1.4135968803551        1.4167478423565        1.4088368880801
18.2                   1.4167478423565        1.4135663968127        1.4167478423565        1.4087603546564
18.25                  1.4167478423565        1.4135360308479        1.4167478423565        1.4086841164283
18.3                   1.4167478423565        1.4135064656298        1.4167478423565        1.4086098885931
18.35                  1.4167478423565        1.4134783971094        1.4167478423565        1.4085394184378
18.4                   1.4167478423565        1.4134525359589        1.4167478423565        1.4084744902099
18.45                  1.4167478423565        1.4134296089922        1.4167478423565        1.4084169286824
18.5                   1.4167478423565        1.4134103601412        1.4167478423565        1.4083686016065
18.55                  1.4167478423565        1.4133952289954        1.4167478423565        1.4083306126361
18.6                   1.4167478423565        1.4133841831033        1.4167478423565        1.4083028802966
18.65                  1.4167478423565        1.413377009214         1.4167478423565        1.4082848691908
18.7                   1.4167478423565        1.4133735115004        1.4167478423565        1.4082760876655
18.75                  1.4167478423565        1.4133735094871        1.4167478423565        1.4082760826108
18.8                   1.4167478423565        1.4133768364213        1.4167478423565        1.4082844353692
18.85                  1.4167478423565        1.4133833379621        1.4167478423565        1.408300758445
18.9                   1.4167478423565        1.4133928711022        1.4167478423565        1.4083246927977
18.95                  1.4167478423565        1.4134053032638        1.4167478423565        1.4083559055708
19                     1.4167478423565        1.413420511525         1.4167478423565        1.4083940881507
19.05                  1.4167478423565        1.4134383819497        1.4167478423565        1.4084389544846
19.1                   1.4167478423565        1.413458809            1.4167478423565        1.4084902396034
19.15                  1.4167478423565        1.4134816950152        1.4167478423565        1.4085476983158
19.2                   1.4167478423565        1.4135069497483        1.4167478423565        1.4086111040438
19.25                  1.4167478423565        1.4135344899521        1.4167478423565        1.4086802477822
19.3                   1.4167478423565        1.4135642390072        1.4167478423565        1.4087549371675
19.35                  1.4167478423565        1.4135961265907        1.4167478423565        1.4088349956434
19.4                   1.4167478423565        1.4136300883795        1.4167478423565        1.4089202617171
19.45                  1.4167478423565        1.4136660657865        1.4167478423565        1.4090105882973
19.5                   1.4167478423565        1.4137040057285        1.4167478423565        1.4091058421105
19.55                  1.4167478423565        1.4137438604223        1.4167478423565        1.4092059031904
19.6                   1.4167478423565        1.4137855872096        1.4167478423565        1.4093106644367
19.65                  1.4167478423565        1.4138291484081        1.4167478423565        1.4094200312425
19.7                   1.4167478423565        1.413874511189         1.4167478423565        1.4095339211864
19.75                  1.4167478423565        1.4139216474797        1.4167478423565        1.4096522637881
19.8                   1.4167478423565        1.4139705338923        1.4167478423565        1.4097750003283
19.85                  1.4167478423565        1.414021151676         1.4167478423565        1.4099020837309
19.9                   1.4167478423565        1.4140734866965        1.4167478423565        1.4100334785094
19.95                  1.4167478423565        1.4141275294401        1.4167478423565        1.4101691607783
20                     1.4167478423565        1.4141832750458        1.4167478423565        1.4103091183333
20.05                  1.4167478423565        1.4142407233663        1.4167478423565        1.4104533508048
20.1                   1.4167478423565        1.414299879061         1.4167478423565        1.4106018698906
20.15                  1.4167478423565        1.414360751725         1.4167478423565        1.4107546996809
20.2                   1.4167478423565        1.4144233560604        1.4167478423565        1.4109118770872
20.25                  1.4167478423565        1.4144877120985        1.4167478423565        1.4110734524013
20.3                   1.4167478423565        1.414553845486         1.4167478423565        1.4112394900126
20.35                  1.4167478423565        1.414621787853         1.4167478423565        1.4114100693337
20.4                   1.4167478423565        1.4146915772913        1.4167478423565        1.4115852859993
20.45                  1.4167478423565        1.4147633492875        1.4167478423565        1.4117654801685
20.5                   1.4167478423565        1.4148369577924        1.4167478423565        1.4119502851635
20.55                  1.4167478423565        1.4149118834022        1.4167478423565        1.4121383969443
20.6                   1.4167478423565        1.414987644266         1.4167478423565        1.4123286057533
20.65                  1.4167478423565        1.4150637952834        1.4167478423565        1.4125197941003
20.7                   1.4167478423565        1.4151399273408        1.4167478423565        1.4127109348456
20.75                  1.4167478423565        1.4152156665098        1.4167478423565        1.4129010891865
20.8                   1.4167478423565        1.4152906731546        1.4167478423565        1.4130894044176
20.85                  1.4167478423565        1.4153646409158        1.4167478423565        1.4132751113785
20.9                   1.4167478423565        1.4154372955499        1.4167478423565        1.4134575215401
20.95                  1.4167478423565        1.4155083936144        1.4167478423565        1.4136360237046
21.002630398234        1.4167478423565        1.4155813062564        1.4167478423565        1.4138190816333
21.058029574601        1.4167478423565        1.4156556867168        1.4167478423565        1.4140058247362
21.116343188881        1.4167478423565        1.4157311242127        1.4167478423565        1.4141952216824
21.177724563722        1.4167478423565        1.4158071411146        1.4167478423565        1.4143860733128
21.242335087763        1.4167478423565        1.4158831905002        1.4167478423565        1.4145770064983
21.310344639971        1.4167478423565        1.415958653513         1.4167478423565        1.4147664675085
21.3819320363          1.4167478423565        1.4160328351903        1.4167478423565        1.4149527115372
21.457285499847        1.4167478423565        1.4161048431293        1.4167478423565        1.4151334980755
21.536603155744        1.4167478423565        1.4161737609364        1.4167478423565        1.4153065263828
21.620093552081        1.4167478423565        1.4162396683632        1.4167478423565        1.4154719966867
21.707976208241        1.4167478423565        1.4163026613183        1.4167478423565        1.4156301497798
21.800482192072        1.4167478423565        1.4163628396079        1.4167478423565        1.4157812362408
21.897854727434        1.4167478423565        1.4164202908111        1.4167478423565        1.4159254759497
22.000349833698        1.4167478423565        1.4164750667074        1.4167478423565        1.4160629989066
22.108236998893        1.4167478423565        1.4165271476687        1.4167478423565        1.4161937558318
22.221799888265        1.4167478423565        1.4165763877875        1.4167478423565        1.4163173804039
22.34133709011         1.4167478423565        1.4166224287235        1.4167478423565        1.416432972956
22.467162900849        1.4167478423565        1.4166645655372        1.4167478423565        1.4165387636339
22.599608151396        1.4167478423565        1.4167014792489        1.4167478423565        1.416631440945
22.739021077007        1.4167478423565        1.4167313793375        1.4167478423565        1.416706509522
22.885768232885        1.4167478423565        1.416747086288         1.4167478423565        1.4167459441352
