x[nm]                  E_6_real[eV]           Psi_6_y1_real[nm^-1/2] E_6_imag[eV]           Psi_6_y1_imag[nm^-1/2]
7.1142317671146        1.4437721218703        1.4437721218703        1.4437721218703        1.4437050108862
7.260978922993         1.4437721218703        1.4437721218703        1.4437721218703        1.4422604124211
7.4003918486039        1.4437721218703        1.4437721218703        1.4437721218703        1.440802756786
7.532837099151         1.4437721218703        1.4437721218703        1.4437721218703        1.4392668097149
7.6586629098899        1.4437721218703        1.4437721218703        1.4437721218703        1.4376006529448
7.7782001117354        1.4437721218703        1.4437721218703        1.4437721218703        1.4357618823324
7.891763001107         1.4437721218703        1.4437721218703        1.4437721218703        1.4337152532783
7.9996501663019        1.4437721218703        1.4437721218703        1.4437721218703        1.4314312442121
8.1021452725658        1.4437721218703        1.4437721218703        1.4437721218703        1.4288851993829
8.1995178079279        1.4437721218703        1.4437721218703        1.4437721218703        1.4260568307943
8.2920237917592        1.4437721218703        1.4437721218703        1.4437721218703        1.4229299344537
8.3799064479186        1.4437721218703        1.4437721218703        1.4437721218703        1.4194922250252
8.4633968442558        1.4437721218703        1.4437721218703        1.4437721218703        1.4157352254879
8.5427145001525        1.4437721218703        1.4437721218703        1.4437721218703        1.4116541705252
8.6180679636999        1.4437721218703        1.4437721218703        1.4437721218703        1.4072478977389
8.6896553600291        1.4437721218703        1.4437721218703        1.4437721218703        1.4025755761479
8.7576649122373        1.4437721218703        1.4437721218704        1.4437721218703        1.3976958202637
8.8222754362784        1.4437721218703        1.4437721218704        1.4437721218703        1.3926577829222
8.8836568111193        1.4437721218703        1.4437721218704        1.4437721218703        1.3875087067411
8.9419704253995        1.4437721218703        1.4437721218704        1.4437721218703        1.3822932360889
8.9973696017656        1.4437721218703        1.4437721218704        1.4437721218703        1.3770528312788
9.05                   1.4437721218703        1.4437721218704        1.4437721218703        1.371825321212
9.1                    1.4437721218703        1.4437721218704        1.4437721218703        1.3666446055526
9.15                   1.4437721218703        1.4437721218704        1.4437721218703        1.3612677680593
9.2                    1.4437721218703        1.4437721218704        1.4437721218703        1.3557096952806
9.25                   1.4437721218703        1.4437721218705        1.4437721218703        1.3499881662708
9.3                    1.4437721218703        1.4437721218705        1.4437721218703        1.3441239846034
9.35                   1.4437721218703        1.4437721218705        1.4437721218703        1.3381410866342
9.4                    1.4437721218703        1.4437721218705        1.4437721218703        1.3320666221784
9.45                   1.4437721218703        1.4437721218705        1.4437721218703        1.3259310037256
9.5                    1.4437721218703        1.4437721218705        1.4437721218703        1.3197679203309
9.55                   1.4437721218703        1.4437721218705        1.4437721218703        1.3136143124138
9.6                    1.4437721218703        1.4437721218705        1.4437721218703        1.3075103038556
9.65                   1.4437721218703        1.4437721218705        1.4437721218703        1.301466754852
9.7                    1.4437721218703        1.4437721218706        1.4437721218703        1.2954751002385
9.75                   1.4437721218703        1.4437721218706        1.4437721218703        1.2895375249873
9.8                    1.4437721218703        1.4437721218706        1.4437721218703        1.2836561943494
9.85                   1.4437721218703        1.4437721218706        1.4437721218703        1.2778332530654
9.9                    1.4437721218703        1.4437721218706        1.4437721218703        1.2720708245827
9.95                   1.4437721218703        1.4437721218706        1.4437721218703        1.2663710102817
10                     1.4437721218703        1.4437721218706        1.4437721218703        1.2607358887094
10.05                  1.4437721218703        1.4437721218706        1.4437721218703        1.2551675148214
10.1                   1.4437721218703        1.4437721218706        1.4437721218703        1.2496679192322
10.15                  1.4437721218703        1.4437721218707        1.4437721218703        1.2442391074753
10.2                   1.4437721218703        1.4437721218707        1.4437721218703        1.2388830592713
10.25                  1.4437721218703        1.4437721218707        1.4437721218703        1.2336017278063
10.3                   1.4437721218703        1.4437721218707        1.4437721218703        1.2283970390193
10.35                  1.4437721218703        1.4437721218707        1.4437721218703        1.2232708909003
10.4                   1.4437721218703        1.4437721218707        1.4437721218703        1.2182251527979
10.45                  1.4437721218703        1.4437721218707        1.4437721218703        1.2132616647374
10.5                   1.4437721218703        1.4437721218707        1.4437721218703        1.2083822367504
10.55                  1.4437721218703        1.4437721218707        1.4437721218703        1.2035886482141
10.6                   1.4437721218703        1.4437721218708        1.4437721218703        1.1988826472029
10.65                  1.4437721218703        1.4437721218708        1.4437721218703        1.1942659498505
10.7                   1.4437721218703        1.4437721218708        1.4437721218703        1.1897402397245
10.75                  1.4437721218703        1.4437721218708        1.4437721218703        1.1853071672121
10.8                   1.4437721218703        1.4437721218708        1.4437721218703        1.1809683489186
10.85                  1.4437721218703        1.4437721218708        1.4437721218703        1.1767253670774
10.9                   1.4437721218703        1.4437721218708        1.4437721218703        1.1725797689737
10.95                  1.4437721218703        1.4437721218708        1.4437721218703        1.1685330663794
11                     1.4437721218703        1.4437721218708        1.4437721218703        1.1645867350026
11.05                  1.4437721218703        1.4437721218708        1.4437721218703        1.1607422139488
11.1                   1.4437721218703        1.4437721218708        1.4437721218703        1.1570009051968
11.15                  1.4437721218703        1.4437721218709        1.4437721218703        1.1533641730867
11.2                   1.4437721218703        1.4437721218709        1.4437721218703        1.1498333438229
11.25                  1.4437721218703        1.4437721218709        1.4437721218703        1.1464097049901
11.3                   1.4437721218703        1.4437721218709        1.4437721218703        1.1430945050842
11.35                  1.4437721218703        1.4437721218709        1.4437721218703        1.1398889530566
11.4                   1.4437721218703        1.4437721218709        1.4437721218703        1.1367942178735
11.45                  1.4437721218703        1.4437721218709        1.4437721218703        1.1338114280896
11.5                   1.4437721218703        1.4437721218709        1.4437721218703        1.1309416714367
11.55                  1.4437721218703        1.4437721218709        1.4437721218703        1.1281859944267
11.6                   1.4437721218703        1.4437721218709        1.4437721218703        1.1255454019702
11.65                  1.4437721218703        1.4437721218709        1.4437721218703        1.1230208570101
11.7                   1.4437721218703        1.4437721218709        1.4437721218703        1.1206132801704
11.75                  1.4437721218703        1.4437721218709        1.4437721218703        1.1183235494201
11.8                   1.4437721218703        1.4437721218709        1.4437721218703        1.1161524997538
11.85                  1.4437721218703        1.4437721218709        1.4437721218703        1.1141009228863
11.9                   1.4437721218703        1.4437721218709        1.4437721218703        1.1121695669648
11.95                  1.4437721218703        1.4437721218709        1.4437721218703        1.1103591362953
12                     1.4437721218703        1.443772121871         1.4437721218703        1.1086702910861
12.05                  1.4437721218703        1.443772121871         1.4437721218703        1.1071036472072
12.1                   1.4437721218703        1.443772121871         1.4437721218703        1.1056597759655
12.15                  1.4437721218703        1.443772121871         1.4437721218703        1.1043392038962
12.2                   1.4437721218703        1.443772121871         1.4437721218703        1.1031424125716
12.25                  1.4437721218703        1.443772121871         1.4437721218703        1.1020698384245
12.3                   1.4437721218703        1.443772121871         1.4437721218703        1.1011218725897
12.35                  1.4437721218703        1.443772121871         1.4437721218703        1.1002988607612
12.4                   1.4437721218703        1.443772121871         1.4437721218703        1.0996011030662
12.45                  1.4437721218703        1.443772121871         1.4437721218703        1.0990288539553
12.5                   1.4437721218703        1.443772121871         1.4437721218703        1.0985823221103
12.55                  1.4437721218703        1.443772121871         1.4437721218703        1.0982616703676
12.6                   1.4437721218703        1.443772121871         1.4437721218703        1.098067015659
12.65                  1.4437721218703        1.443772121871         1.4437721218703        1.097998428969
12.7                   1.4437721218703        1.443772121871         1.4437721218703        1.0980559353092
12.75                  1.4437721218703        1.443772121871         1.4437721218703        1.0982395137087
12.8                   1.4437721218703        1.443772121871         1.4437721218703        1.0985490972222
12.85                  1.4437721218703        1.443772121871         1.4437721218703        1.098984572954
12.9                   1.4437721218703        1.443772121871         1.4437721218703        1.0995457820996
12.95                  1.4437721218703        1.443772121871         1.4437721218703        1.1002325200032
13                     1.4437721218703        1.443772121871         1.4437721218703        1.1010445362327
13.05                  1.4437721218703        1.443772121871         1.4437721218703        1.1019815346707
13.1                   1.4437721218703        1.443772121871         1.4437721218703        1.1030431736227
13.15                  1.4437721218703        1.443772121871         1.4437721218703        1.1042290659417
13.2                   1.4437721218703        1.443772121871         1.4437721218703        1.1055387791691
13.25                  1.4437721218703        1.443772121871         1.4437721218703        1.1069718356929
13.3                   1.4437721218703        1.443772121871         1.4437721218703        1.1085277129214
13.35                  1.4437721218703        1.443772121871         1.4437721218703        1.110205843474
13.4                   1.4437721218703        1.443772121871         1.4437721218703        1.1120056153882
13.45                  1.4437721218703        1.443772121871         1.4437721218703        1.1139263723425
13.5                   1.4437721218703        1.443772121871         1.4437721218703        1.1159674138959
13.55                  1.4437721218703        1.4437721218709        1.4437721218703        1.1181279957434
13.6                   1.4437721218703        1.4437721218709        1.4437721218703        1.1204073299871
13.65                  1.4437721218703        1.4437721218709        1.4437721218703        1.1228045854241
13.7                   1.4437721218703        1.4437721218709        1.4437721218703        1.125318887849
13.75                  1.4437721218703        1.4437721218709        1.4437721218703        1.127949320373
13.8                   1.4437721218703        1.4437721218709        1.4437721218703        1.1306949237583
13.85                  1.4437721218703        1.4437721218709        1.4437721218703        1.1335546967678
13.9                   1.4437721218703        1.4437721218709        1.4437721218703        1.1365275965302
13.95                  1.4437721218703        1.4437721218709        1.4437721218703        1.1396125389205
14                     1.4437721218703        1.4437721218709        1.4437721218703        1.142808398955
14.05                  1.4437721218703        1.4437721218709        1.4437721218703        1.146114011202
14.1                   1.4437721218703        1.4437721218709        1.4437721218703        1.1495281702062
14.15                  1.4437721218703        1.4437721218709        1.4437721218703        1.1530496309289
14.2                   1.4437721218703        1.4437721218709        1.4437721218703        1.1566771092018
14.25                  1.4437721218703        1.4437721218709        1.4437721218703        1.160409282195
14.3                   1.4437721218703        1.4437721218709        1.4437721218703        1.1642447888998
14.35                  1.4437721218703        1.4437721218709        1.4437721218703        1.168182230625
14.4                   1.4437721218703        1.4437721218709        1.4437721218703        1.1722201715067
14.45                  1.4437721218703        1.4437721218708        1.4437721218703        1.176357139032
14.5                   1.4437721218703        1.4437721218708        1.4437721218703        1.1805916245761
14.55                  1.4437721218703        1.4437721218708        1.4437721218703        1.1849220839523
14.6                   1.4437721218703        1.4437721218708        1.4437721218703        1.1893469379755
14.65                  1.4437721218703        1.4437721218708        1.4437721218703        1.1938645730373
14.7                   1.4437721218703        1.4437721218708        1.4437721218703        1.1984733416953
14.75                  1.4437721218703        1.4437721218708        1.4437721218703        1.2031715632732
14.8                   1.4437721218703        1.4437721218708        1.4437721218703        1.2079575244742
14.85                  1.4437721218703        1.4437721218708        1.4437721218703        1.2128294800055
14.9                   1.4437721218703        1.4437721218708        1.4437721218703        1.2177856532147
14.95                  1.4437721218703        1.4437721218707        1.4437721218703        1.2228242367379
15                     1.4437721218703        1.4437721218707        1.4437721218703        1.2279433931586
15.05                  1.4437721218703        1.4437721218707        1.4437721218703        1.233141255678
15.1                   1.4437721218703        1.4437721218707        1.4437721218703        1.2384159287956
15.15                  1.4437721218703        1.4437721218707        1.4437721218703        1.2437654890001
15.2                   1.4437721218703        1.4437721218707        1.4437721218703        1.2491879854717
15.25                  1.4437721218703        1.4437721218707        1.4437721218703        1.2546814407926
15.3                   1.4437721218703        1.4437721218707        1.4437721218703        1.2602438516687
15.35                  1.4437721218703        1.4437721218707        1.4437721218703        1.2658731896597
15.4                   1.4437721218703        1.4437721218706        1.4437721218703        1.2715674019193
15.45                  1.4437721218703        1.4437721218706        1.4437721218703        1.2773244119434
15.5                   1.4437721218703        1.4437721218706        1.4437721218703        1.2831421203276
15.55                  1.4437721218703        1.4437721218706        1.4437721218703        1.2890184055325
15.6                   1.4437721218703        1.4437721218706        1.4437721218703        1.2949511246577
15.65                  1.4437721218703        1.4437721218706        1.4437721218703        1.3009381142229
15.7                   1.4437721218703        1.4437721218706        1.4437721218703        1.3069771909574
15.75                  1.4437721218703        1.4437721218705        1.4437721218703        1.3130768633999
15.8                   1.4437721218703        1.4437721218705        1.4437721218703        1.3192261275454
15.85                  1.4437721218703        1.4437721218705        1.4437721218703        1.3253846823318
15.9                   1.4437721218703        1.4437721218705        1.4437721218703        1.3315154033036
15.95                  1.4437721218703        1.4437721218705        1.4437721218703        1.3375844099532
16                     1.4437721218703        1.4437721218705        1.4437721218703        1.3435610900854
16.05                  1.4437721218703        1.4437721218705        1.4437721218703        1.3494180847859
16.1                   1.4437721218703        1.4437721218705        1.4437721218703        1.3551312377334
16.15                  1.4437721218703        1.4437721218704        1.4437721218703        1.3606795126825
16.2                   1.4437721218703        1.4437721218704        1.4437721218703        1.3660448829526
16.25                  1.4437721218703        1.4437721218704        1.4437721218703        1.3712121967108
16.3                   1.4437721218703        1.4437721218704        1.4437721218703        1.376169021723
16.35                  1.4437721218703        1.4437721218704        1.4437721218703        1.380905473089
16.4                   1.4437721218703        1.4437721218704        1.4437721218703        1.385414027262
16.45                  1.4437721218703        1.4437721218704        1.4437721218703        1.3896893254097
16.5                   1.4437721218703        1.4437721218704        1.4437721218703        1.3937279688822
16.55                  1.4437721218703        1.4437721218704        1.4437721218703        1.3975283092405
16.6                   1.4437721218703        1.4437721218704        1.4437721218703        1.4010902349552
16.65                  1.4437721218703        1.4437721218703        1.4437721218703        1.4044149565176
16.7                   1.4437721218703        1.4437721218703        1.4437721218703        1.4075047913206
16.75                  1.4437721218703        1.4437721218703        1.4437721218703        1.4103544907824
16.8                   1.4437721218703        1.4437721218703        1.4437721218703        1.4129679837938
16.85                  1.4437721218703        1.4437721218703        1.4437721218703        1.4153637433551
16.9                   1.4437721218703        1.4437721218703        1.4437721218703        1.4175587034572
16.95                  1.4437721218703        1.4437721218703        1.4437721218703        1.4195683787766
17                     1.4437721218703        1.4437721218703        1.4437721218703        1.4214069743378
17.05                  1.4437721218703        1.4437721218703        1.4437721218703        1.4230874859195
17.1                   1.4437721218703        1.4437721218703        1.4437721218703        1.4246217919122
17.15                  1.4437721218703        1.4437721218703        1.4437721218703        1.426020737279
17.2                   1.4437721218703        1.4437721218703        1.4437721218703        1.4272942102108
17.25                  1.4437721218703        1.4437721218703        1.4437721218703        1.4284512120195
17.3                   1.4437721218703        1.4437721218703        1.4437721218703        1.4294999207621
17.35                  1.4437721218703        1.4437721218703        1.4437721218703        1.4304477490457
17.4                   1.4437721218703        1.4437721218703        1.4437721218703        1.4313013964222
17.45                  1.4437721218703        1.4437721218703        1.4437721218703        1.4320668967429
17.5                   1.4437721218703        1.4437721218703        1.4437721218703        1.4327496608078
17.55                  1.4437721218703        1.4437721218703        1.4437721218703        1.4333530442458
17.6                   1.4437721218703        1.4437721218703        1.4437721218703        1.4338825991629
17.65                  1.4437721218703        1.4437721218703        1.4437721218703        1.4343466283233
17.7                   1.4437721218703        1.4437721218703        1.4437721218703        1.434752469545
17.75                  1.4437721218703        1.4437721218703        1.4437721218703        1.4351066369682
17.8                   1.4437721218703        1.4437721218703        1.4437721218703        1.4354149421094
17.85                  1.4437721218703        1.4437721218703        1.4437721218703        1.4356825976752
17.9                   1.4437721218703        1.4437721218703        1.4437721218703        1.4359143066161
17.95                  1.4437721218703        1.4437721218703        1.4437721218703        1.4361143384932
18                     1.4437721218703        1.4437721218703        1.4437721218703        1.436286594891
18.05                  1.4437721218703        1.4437721218703        1.4437721218703        1.4364346653237
18.1                   1.4437721218703        1.4437721218703        1.4437721218703        1.4365618748463
18.15                  1.4437721218703        1.4437721218703        1.4437721218703        1.436671324387
18.2                   1.4437721218703        1.4437721218703        1.4437721218703        1.4367659246496
18.25                  1.4437721218703        1.4437721218703        1.4437721218703        1.436848424304
18.3                   1.4437721218703        1.4437721218703        1.4437721218703        1.4369214330661
18.35                  1.4437721218703        1.4437721218703        1.4437721218703        1.4369874401824
18.4                   1.4437721218703        1.4437721218703        1.4437721218703        1.4370488287549
18.45                  1.4437721218703        1.4437721218703        1.4437721218703        1.4371078862875
18.5                   1.4437721218703        1.4437721218703        1.4437721218703        1.4371668117858
18.55                  1.4437721218703        1.4437721218703        1.4437721218703        1.4372274057355
18.6                   1.4437721218703        1.4437721218703        1.4437721218703        1.4372903863418
18.65                  1.4437721218703        1.4437721218703        1.4437721218703        1.4373557306376
18.7                   1.4437721218703        1.4437721218703        1.4437721218703        1.437423414794
18.75                  1.4437721218703        1.4437721218703        1.4437721218703        1.4374934141286
18.8                   1.4437721218703        1.4437721218703        1.4437721218703        1.4375657031148
18.85                  1.4437721218703        1.4437721218703        1.4437721218703        1.437640255391
18.9                   1.4437721218703        1.4437721218703        1.4437721218703        1.4377170437703
18.95                  1.4437721218703        1.4437721218703        1.4437721218703        1.4377960402503
19                     1.4437721218703        1.4437721218703        1.4437721218703        1.4378772160235
19.05                  1.4437721218703        1.4437721218703        1.4437721218703        1.4379605414875
19.1                   1.4437721218703        1.4437721218703        1.4437721218703        1.4380459862561
19.15                  1.4437721218703        1.4437721218703        1.4437721218703        1.4381335191703
19.2                   1.4437721218703        1.4437721218703        1.4437721218703        1.4382231083094
19.25                  1.4437721218703        1.4437721218703        1.4437721218703        1.4383147210031
19.3                   1.4437721218703        1.4437721218703        1.4437721218703        1.438408323843
19.35                  1.4437721218703        1.4437721218703        1.4437721218703        1.4385038826951
19.4                   1.4437721218703        1.4437721218703        1.4437721218703        1.4386013627119
19.45                  1.4437721218703        1.4437721218703        1.4437721218703        1.4387007283456
19.5                   1.4437721218703        1.4437721218703        1.4437721218703        1.4388019433605
19.55                  1.4437721218703        1.4437721218703        1.4437721218703        1.4389049708466
19.6                   1.4437721218703        1.4437721218703        1.4437721218703        1.439009773233
19.65                  1.4437721218703        1.4437721218703        1.4437721218703        1.4391163123014
19.7                   1.4437721218703        1.4437721218703        1.4437721218703        1.4392245492004
19.75                  1.4437721218703        1.4437721218703        1.4437721218703        1.4393344444593
19.8                   1.4437721218703        1.4437721218703        1.4437721218703        1.4394459580026
19.85                  1.4437721218703        1.4437721218703        1.4437721218703        1.4395590491648
19.9                   1.4437721218703        1.4437721218703        1.4437721218703        1.439673676705
19.95                  1.4437721218703        1.4437721218703        1.4437721218703        1.4397897988222
20                     1.4437721218703        1.4437721218703        1.4437721218703        1.43990737317
20.05                  1.4437721218703        1.4437721218703        1.4437721218703        1.4400263568728
20.1                   1.4437721218703        1.4437721218703        1.4437721218703        1.4401467065409
20.15                  1.4437721218703        1.4437721218703        1.4437721218703        1.4402683782865
20.2                   1.4437721218703        1.4437721218703        1.4437721218703        1.4403913277396
20.25                  1.4437721218703        1.4437721218703        1.4437721218703        1.4405155100643
20.3                   1.4437721218703        1.4437721218703        1.4437721218703        1.4406408799751
20.35                  1.4437721218703        1.4437721218703        1.4437721218703        1.4407673917536
20.4                   1.4437721218703        1.4437721218703        1.4437721218703        1.4408949992647
20.45                  1.4437721218703        1.4437721218703        1.4437721218703        1.441023883359
20.5                   1.4437721218703        1.4437721218703        1.4437721218703        1.4411538147272
20.55                  1.4437721218703        1.4437721218703        1.4437721218703        1.4412839461669
20.6                   1.4437721218703        1.4437721218703        1.4437721218703        1.4414134976936
20.65                  1.4437721218703        1.4437721218703        1.4437721218703        1.4415417579741
20.7                   1.4437721218703        1.4437721218703        1.4437721218703        1.4416680848589
20.75                  1.4437721218703        1.4437721218703        1.4437721218703        1.4417919050889
20.8                   1.4437721218703        1.4437721218703        1.4437721218703        1.4419127132558
20.85                  1.4437721218703        1.4437721218703        1.4437721218703        1.4420300700991
20.9                   1.4437721218703        1.4437721218703        1.4437721218703        1.4421436002202
20.95                  1.4437721218703        1.4437721218703        1.4437721218703        1.4422529892945
21.002630398234        1.4437721218703        1.4437721218703        1.4437721218703        1.4423633664171
21.058029574601        1.4437721218703        1.4437721218703        1.4437721218703        1.4424740158078
21.116343188881        1.4437721218703        1.4437721218703        1.4437721218703        1.4425841387221
21.177724563722        1.4437721218703        1.4437721218703        1.4437721218703        1.4426928597395
21.242335087763        1.4437721218703        1.4437721218703        1.4437721218703        1.4427992362089
21.310344639971        1.4437721218703        1.4437721218703        1.4437721218703        1.4429022706185
21.3819320363          1.4437721218703        1.4437721218703        1.4437721218703        1.4430009251225
21.457285499847        1.4437721218703        1.4437721218703        1.4437721218703        1.4430939620952
21.536603155744        1.4437721218703        1.4437721218703        1.4437721218703        1.4431801322025
21.620093552081        1.4437721218703        1.4437721218703        1.4437721218703        1.4432594599882
21.707976208241        1.4437721218703        1.4437721218703        1.4437721218703        1.4433320460703
21.800482192072        1.4437721218703        1.4437721218703        1.4437721218703        1.4433980694382
21.897854727434        1.4437721218703        1.4437721218703        1.4437721218703        1.4434577894928
22.000349833698        1.4437721218703        1.4437721218702        1.4437721218703        1.4435115483758
22.108236998893        1.4437721218703        1.4437721218703        1.4437721218703        1.4435597744615
22.221799888265        1.4437721218703        1.4437721218703        1.4437721218703        1.4436029883478
22.34133709011         1.4437721218703        1.4437721218703        1.4437721218703        1.4436418133729
22.467162900849        1.4437721218703        1.4437721218703        1.4437721218703        1.4436769937145
22.599608151396        1.4437721218703        1.4437721218703        1.4437721218703        1.443709424722
22.739021077007        1.4437721218703        1.4437721218703        1.4437721218703        1.443740202632
22.885768232885        1.4437721218703        1.4437721218703        1.4437721218703        1.4437707048443
