x[nm]                       Envelope_real_part[nm^-1/2] Envelope_imag_part[nm^-1/2]
7.1142317671146             3.2837773299155e-17         3.0175644863517e-18
7.260978922993              8.2540311391321e-16         -2.0014964858088e-17
7.4003918486039             1.7271340607694e-15         -3.2779061892596e-16
7.532837099151              2.1011838102769e-16         5.3608395335645e-16
7.6586629098899             -3.137681087173e-16         1.4368004220981e-16
7.7782001117354             -7.0212932690161e-16        -4.4590510476928e-16
7.891763001107              -3.8272336688738e-16        -6.5451383402879e-16
7.9996501663019             4.9439619065339e-17         -3.7685397620834e-16
8.1021452725658             -5.1174342541316e-17        -2.3633511005761e-16
8.1995178079279             -1.5070410197549e-16        -3.612405640917e-16
8.2920237917592             -1.3986208025063e-16        -1.5774141716463e-16
8.3799064479186             -8.1228426762614e-16        -3.0866227126084e-16
8.4633968442558             -6.5247286740178e-16        1.5218646475126e-16
8.5427145001525             -2.6389480878297e-16        5.2401564844012e-16
8.6180679636999             -5.013350845573e-16         8.4164339845646e-16
8.6896553600291             -4.486428589745e-16         5.9961951165715e-16
8.7576649122373             -4.2695881552479e-16        3.548708677676e-16
8.8222754362784             4.2500725161432e-17         4.8185934478194e-16
8.8836568111193             2.0122792321331e-16         4.6079731934841e-16
8.9419704253995             1.3140530330524e-16         5.3285536351274e-16
8.9973696017656             -1.4311468676809e-16        8.1564047016343e-16
9.05                        -2.3245294578089e-16        1.1213816540327e-15
9.1                         -2.7191790485936e-16        1.340969152651e-15
9.15                        -5.8243340705921e-16        1.4825410930124e-15
9.2                         -4.7574791328664e-16        1.2968743954542e-15
9.25                        -6.4922026088432e-16        1.236802390872e-15
9.3                         -6.4661817567035e-16        1.2180051524908e-15
9.35                        -9.8619029609281e-16        1.1908677042717e-15
9.4                         -1.0646865333808e-15        1.427614480448e-15
9.45                        -1.1123914289701e-15        1.4359799350852e-15
9.5                         -9.350159535515e-16         1.700238751329e-15
9.55                        -6.5485811218124e-16        1.698280920021e-15
9.6                         -4.1243050641349e-16        1.7384446458396e-15
9.65                        -4.3064510291124e-16        1.6390415462897e-15
9.7                         -5.611830444785e-16         1.6699812357606e-15
9.75                        -7.7585507463063e-16        1.4909529226941e-15
9.8                         -8.3093254499289e-16        1.2600440185752e-15
9.85                        -1.2368578383715e-15        1.2836154426352e-15
9.9                         -1.6215327691693e-15        1.1098802371415e-15
9.95                        -1.8296995862865e-15        1.0042843764627e-15
10                          -1.796739840243e-15         9.9505972233619e-16
10.05                       -1.4775507206632e-15        8.5134234525739e-16
10.1                        -8.9251522839007e-16        7.6334648797338e-16
10.15                       -2.0252896582029e-16        8.6057457175093e-16
10.2                        4.9222778630842e-16         9.2745751784723e-16
10.25                       1.2476998600963e-15         7.0822666205517e-16
10.3                        1.5998487257196e-15         3.679111936094e-16
10.35                       1.8951853975047e-15         2.4696401922554e-16
10.4                        1.7993419254569e-15         -9.7202390421439e-17
10.45                       1.8392405654044e-15         5.639573812917e-18
10.5                        1.796306159374e-15          2.3386710292288e-16
10.55                       1.7052331768852e-15         3.8538929703833e-16
10.6                        1.7551064768195e-15         3.6550180561104e-16
10.65                       1.8362047993215e-15         4.9435630052025e-16
10.7                        2.0361316799278e-15         7.1157041031252e-16
10.75                       2.0109781895261e-15         7.6503665698739e-16
10.8                        1.9038590148845e-15         7.5424411129316e-16
10.85                       1.8643940558061e-15         8.7240739427119e-16
10.9                        1.7273509012039e-15         6.6028536243973e-16
10.95                       1.8507331084328e-15         7.196237473357e-16
11                          1.7913188293806e-15         7.2708174726862e-16
11.05                       1.6102570665755e-15         5.3196249108617e-16
11.1                        1.6562272386889e-15         3.9935277696294e-16
11.15                       1.2203779653497e-15         5.5399248312695e-16
11.2                        1.0750948742366e-15         3.6995960347859e-16
11.25                       5.4535369276021e-16         3.4817882450253e-16
11.3                        -1.6219664500383e-16        5.3784603500789e-16
11.35                       -7.4896686075299e-16        6.3764335821997e-16
11.4                        -9.4564113484186e-16        5.4995379002466e-16
11.45                       -1.1679025802014e-15        5.6113272968732e-16
11.5                        -1.195658155817e-15         4.3891923847805e-16
11.55                       -1.3650105351593e-15        1.2734999934475e-16
11.6                        -1.3916819086024e-15        3.4930448796975e-18
11.65                       -1.4484941024406e-15        -3.1376234071446e-16
11.7                        -1.5157146371347e-15        -3.3064441330626e-16
11.75                       -1.4003555259823e-15        -2.7292460660259e-16
11.8                        -1.4289784633359e-15        -1.9152018702372e-16
11.85                       -1.5913919487742e-15        1.1512943129773e-16
11.9                        -1.9496123465634e-15        3.8895166930872e-16
11.95                       -1.9976425028045e-15        8.4296681292285e-16
12                          -2.1569118019427e-15        9.7147710406364e-16
12.05                       -2.3268062823711e-15        9.7507862540645e-16
12.1                        -2.4038930568349e-15        8.1830032894247e-16
12.15                       -2.3320104527991e-15        6.6549048481167e-16
12.2                        -2.3371062030098e-15        3.9740925179422e-16
12.25                       -2.3658375605806e-15        -8.2506450283726e-17
12.3                        -2.3242041971572e-15        -5.5378446945399e-16
12.35                       -1.9767174008756e-15        -4.5883210862985e-16
12.4                        -1.6536251534749e-15        -4.610707359519e-16
12.45                       -1.1160777163566e-15        -5.6822158072332e-16
12.5                        -5.6139988491299e-16        -4.3952554619491e-16
12.55                       2.0437210951352e-17         -2.6233674080131e-16
12.6                        7.4045587369898e-16         9.2050626857818e-18
12.65                       1.4939492785221e-15         3.0171314958316e-16
12.7                        1.8908350362876e-15         5.345307822831e-16
12.75                       1.9109011409289e-15         5.8022669107111e-16
12.8                        2.0608718182512e-15         4.5112641601456e-16
12.85                       2.1867815717946e-15         4.6753721633803e-16
12.9                        1.831217469328e-15          5.0573537694641e-16
12.95                       1.4818875293532e-15         5.1590919793413e-16
13                          1.2443388333616e-15         4.6433463151309e-16
13.05                       8.2675836662882e-16         2.1721597122888e-16
13.1                        7.2668650610841e-16         -1.5246483241097e-16
13.15                       6.7849371954143e-16         -3.444797781169e-16
13.2                        4.30103001825e-16           -6.7985194891407e-16
13.25                       3.7068872277279e-16         -7.3338850949694e-16
13.3                        3.4824573780234e-16         -8.7446377650451e-16
13.35                       1.1438332919722e-16         -9.8789646596551e-16
13.4                        -8.6519333364343e-17        -1.1226242796543e-15
13.45                       -4.8409627001478e-16        -8.5141599329218e-16
13.5                        -9.5138740635603e-16        -7.4770875425421e-16
13.55                       -1.3080899211038e-15        -4.1541994398926e-16
13.6                        -1.9012569296706e-15        7.8521259324283e-17
13.65                       -2.4574526441556e-15        4.3055932709075e-16
13.7                        -2.6751604403907e-15        6.5739250505948e-16
13.75                       -2.8690157888311e-15        7.0790909821417e-16
13.8                        -2.6875203451571e-15        6.1099353963421e-16
13.85                       -2.4422738137408e-15        4.3305698640688e-16
13.9                        -2.5355152005746e-15        2.9797947144608e-16
13.95                       -2.4307812707125e-15        -4.7628501199758e-17
14                          -2.503422816269e-15         -3.9709575766198e-16
14.05                       -2.5181679658148e-15        -2.4371683108173e-16
14.1                        -2.6786298873427e-15        -4.0797292744166e-16
14.15                       -2.728069506408e-15         -6.2547067518535e-16
14.2                        -3.0615700946646e-15        -6.3854283633208e-16
14.25                       -3.4982867297417e-15        -4.8716635320718e-16
14.3                        -3.9334854817774e-15        -3.1432635356597e-16
14.35                       -4.2919227200011e-15        -4.1110923928156e-16
14.4                        -4.4749360467167e-15        -2.9543647741231e-16
14.45                       -4.4784054936686e-15        -2.4837709932061e-16
14.5                        -4.376490489455e-15         -2.129231319846e-16
14.55                       -4.2420494200668e-15        -1.4094857786782e-17
14.6                        -4.0132827616723e-15        1.2719157904688e-16
14.65                       -3.5050087832111e-15        1.5921523862319e-17
14.7                        -2.7916037537157e-15        4.9878810610205e-17
14.75                       -2.3973878437999e-15        2.3652708851422e-16
14.8                        -1.5439038936194e-15        4.3318921786622e-16
14.85                       -8.6129020582248e-16        7.3407920535228e-16
14.9                        -5.9414279052206e-17        9.463714624485e-16
14.95                       4.2023676205538e-16         1.2425950101205e-15
15                          9.0726037793587e-16         1.4864718654561e-15
15.05                       1.1141261524461e-15         1.9260991032078e-15
15.1                        1.3144867139214e-15         2.1555634874123e-15
15.15                       1.5907414274707e-15         2.6186052572487e-15
15.2                        1.7290856246799e-15         2.6652251917731e-15
15.25                       2.0300601477619e-15         2.6958745740888e-15
15.3                        1.8418426506184e-15         3.0148464992582e-15
15.35                       1.6505893873919e-15         3.0981339119092e-15
15.4                        1.270251265284e-15          3.0876614236624e-15
15.45                       9.202708040057e-16          3.0882026398636e-15
15.5                        3.0401028916494e-16         3.176947231681e-15
15.55                       -6.1582683397177e-17        2.7592632162485e-15
15.6                        -3.7773603689395e-16        2.7121080654475e-15
15.65                       -4.9179410543942e-16        2.8390976821729e-15
15.7                        -6.0455113137792e-16        2.8183058081844e-15
15.75                       -4.8658993501149e-16        2.5321297628634e-15
15.8                        -4.4192080550509e-16        2.4500366638083e-15
15.85                       -3.6082248300318e-16        2.2923669688092e-15
15.9                        -3.3003114130459e-16        1.9893022096972e-15
15.95                       -5.2692225582796e-16        1.9402321772981e-15
16                          -5.7939764097625e-16        1.8959105735509e-15
16.05                       -6.878178582248e-16         2.1832079874828e-15
16.1                        -4.2717565595929e-16        2.1676701361961e-15
16.15                       -3.6689401516909e-16        2.1373292043032e-15
16.2                        -4.0028744208165e-16        2.0481869872806e-15
16.25                       -5.1217710628215e-16        2.2355225514761e-15
16.3                        -6.3794455829047e-16        2.221050414982e-15
16.35                       -6.6027912304367e-16        2.2287150139853e-15
16.4                        -9.1289822923279e-16        1.8179679676579e-15
16.45                       -9.202708040057e-16         1.553163859734e-15
16.5                        -8.2312628935099e-16        1.2728129399971e-15
16.55                       -6.2428361091715e-16        1.1912034772101e-15
16.6                        -5.538104697056e-16         1.2245884619481e-15
16.65                       -3.3870475868447e-16        1.3757884330597e-15
16.7                        -4.1958624075189e-16        1.4936696920623e-15
16.75                       -5.1261078715115e-16        1.2938805085747e-15
16.8                        -7.2619861513079e-16        1.0552033670184e-15
16.85                       -8.1228426762614e-16        7.4894895975353e-16
16.9                        -8.1683791675058e-16        5.7378085097335e-16
16.95                       -1.1460016963172e-15        3.7878970522769e-16
17                          -1.1431827706687e-15        -3.3439121106781e-17
17.05                       -9.7339671045749e-16        -3.2228898537651e-16
17.1                        -5.200917821413e-16         -5.9718611775449e-16
17.15                       -1.9418060909215e-16        -5.8579912961153e-16
17.2                        3.5995512126519e-17         -6.5991628835435e-16
17.25                       1.909280025747e-16          -7.1543407192256e-16
17.3                        7.8929918156945e-17         -9.4941262405163e-16
17.35                       1.0224026486538e-16         -9.4179748816358e-16
17.4                        3.5073940279906e-16         -6.9634250398112e-16
17.45                       5.8275866771096e-16         -5.7484551838874e-16
17.5                        4.4181238528784e-16         -2.9413087527159e-16
17.55                       2.6758109616942e-16         -1.3469389708395e-17
17.6                        2.4974597043204e-16         3.1323816141914e-16
17.65                       2.657379524762e-16          4.3203987473299e-16
17.7                        2.7966995039264e-16         6.5295077348415e-16
17.75                       1.1741909528018e-16         8.1665954088494e-16
17.8                        -7.3129436534147e-17        8.7396540421438e-16
17.85                       -8.3863038041754e-17        5.7327734894366e-16
17.9                        1.9119905311782e-16         5.1325915544838e-16
17.95                       3.8619281383934e-16         7.4550258627471e-16
18                          2.635153380226e-16          6.9208769477865e-16
18.05                       4.5785857744063e-16         7.9362406817735e-16
18.1                        6.3604720448862e-16         7.4544966003629e-16
18.15                       4.5157020484021e-16         6.5601600095084e-16
18.2                        4.5368439907656e-16         2.0819289320782e-16
18.25                       4.653937825394e-16          -2.1216180581998e-16
18.3                        2.7910074425208e-16         -4.9637117899037e-16
18.35                       3.2493539109391e-16         -5.4072459790267e-16
18.4                        3.2414934451885e-16         -4.2972158331915e-16
18.45                       3.0108294329922e-16         -4.027637935432e-16
18.5                        2.0548341674032e-16         -2.3295999169011e-16
18.55                       3.1417468453199e-16         -9.6863031824933e-17
18.6                        3.3507268140665e-16         -2.4056301507311e-16
18.65                       3.7442922026787e-16         -4.4798577533075e-16
18.7                        5.6286355784585e-16         -5.3922709281811e-16
18.75                       7.0318642401979e-16         -4.6383042787378e-16
18.8                        8.9617441072221e-16         -4.7770356156306e-16
18.85                       9.4810769478426e-16         -3.2195165821724e-16
18.9                        1.0823590287923e-15         5.6385728446539e-18
18.95                       1.2336594419626e-15         4.5161966540763e-16
19                          1.1676857397669e-15         5.5614266550023e-16
19.05                       1.1178666499412e-15         5.7364561763865e-16
19.1                        1.2947000242736e-15         4.8505992810687e-16
19.15                       1.1570063483679e-15         3.4418614370404e-16
19.2                        8.7175275678697e-16         3.1174003217596e-17
19.25                       7.0212932690161e-16         -2.526388790955e-16
19.3                        5.817286756471e-16          -3.5729155382809e-16
19.35                       3.8315704775638e-16         -4.5355692822981e-16
19.4                        4.5726226624576e-16         -3.3626868438885e-16
19.45                       6.7334375922212e-16         -3.8114055409457e-16
19.5                        9.2558339465088e-16         -4.9097787703732e-16
19.55                       1.2002118049415e-15         -4.118959020236e-16
19.6                        1.5010236976976e-15         -2.1773526373969e-16
19.65                       1.6090644441857e-15         -2.0443421883532e-17
19.7                        1.4497951450476e-15         3.6874391193766e-17
19.75                       1.4219853593234e-15         6.6701587974348e-17
19.8                        1.4499577753735e-15         3.2518427352386e-17
19.85                       1.338935472911e-15          -1.7994971823843e-17
19.9                        9.8987658347927e-16         -1.9897596447909e-16
19.95                       1.1096267134303e-15         -3.1195335940193e-16
20                          1.3407786166042e-15         -5.4744489642811e-16
20.05                       1.4339115832207e-15         -8.0984857909529e-16
20.1                        1.1401470045858e-15         -7.7610637450885e-16
20.15                       8.2149998609227e-16         -8.4416596413961e-16
20.2                        5.4681736569306e-16         -9.8813483445649e-16
20.25                       6.4065506372168e-16         -9.5469325343282e-16
20.3                        6.7188008628927e-16         -1.0744890972816e-15
20.35                       6.7578321411021e-16         -1.3678463425153e-15
20.4                        7.6750671790249e-16         -1.3040374359948e-15
20.45                       8.209036748974e-16          -8.3979681105284e-16
20.5                        7.7693927680311e-16         -5.3035313805909e-16
20.55                       5.089244997647e-16          9.1489452881058e-17
20.6                        1.6469031000055e-16         6.0044227948753e-16
20.65                       -1.6989448042848e-16        1.0729172862559e-15
20.7                        -4.414871246361e-16         1.3099722304112e-15
20.75                       -4.5628648429052e-16        1.4652523190018e-15
20.8                        -5.9744960714814e-16        1.1692597612771e-15
20.85                       -7.1313397895234e-16        1.1145262849333e-15
20.9                        -1.0423519686276e-15        1.0770133909511e-15
20.95                       -1.2827195902676e-15        9.0163467734862e-16
21.002630398234             -1.1277870998194e-15        4.3526284586458e-16
21.058029574601             -1.0133495605136e-15        2.529648012764e-16
21.116343188881             -9.5111635581291e-16        -4.9460255946645e-17
21.177724563722             -6.5355706957426e-16        -2.8763557224241e-16
21.242335087763             -8.1545555898066e-16        -2.184695472309e-16
21.310344639971             -4.9108937402731e-16        -3.0403571420855e-16
21.3819320363               -4.6948664574054e-16        -2.0691346787995e-16
21.457285499847             -3.1875543871074e-17        -1.9801607509668e-16
21.536603155744             2.271132500814e-16          -1.0163209238764e-15
21.620093552081             2.8658173924223e-16         -1.7564266426884e-15
21.707976208241             2.2524300133386e-16         -1.4214026151464e-15
21.800482192072             -2.1887331357051e-16        -8.9940505286975e-16
21.897854727434             -1.1180292802671e-15        -7.2467736228783e-16
22.000349833698             -1.2931821412321e-15        -1.6327457996954e-15
22.108236998893             -1.6788599590395e-15        -1.7094926982731e-15
22.221799888265             -1.2769733187534e-15        -8.7393931222644e-16
22.34133709011              -1.3691847135233e-15        -2.1120079314179e-16
22.467162900849             -9.1636767618475e-16        8.1728426725644e-16
22.599608151396             -6.6354528208828e-16        4.7690120804807e-16
22.739021077007             -3.9463603825757e-16        -5.5890503204519e-16
22.885768232885             -1.7270578278042e-17        -2.9934779630677e-17
