x[nm]                Probability[nm^-1]  
7.1142317671146      3.4295237465317e-32
7.260978922993       2.104498040783e-29
7.4003918486039      3.3786957396192e-29
7.532837099151       5.5691547344405e-29
7.6586629098899      5.096377567713e-29
7.7782001117354      3.6041818038567e-29
7.891763001107       2.480452768147e-29
7.9996501663019      2.0686329708291e-29
8.1021452725658      1.5423950073765e-29
8.1995178079279      1.6262931792127e-29
8.2920237917592      1.2655420229584e-29
8.3799064479186      1.190469667488e-29
8.4633968442558      6.8286129152638e-30
8.5427145001525      7.0926623452365e-30
8.6180679636999      6.2614562210309e-30
8.6896553600291      9.611313164843e-30
8.7576649122373      1.0890209696764e-29
8.8222754362784      1.2202702895929e-29
8.8836568111193      1.2628903592547e-29
8.9419704253995      1.2065022854526e-29
8.9973696017656      1.0657796117764e-29
9.05                 7.7043267725435e-30
9.1                  4.9144223797315e-30
9.15                 2.8527289159676e-30
9.2                  8.1898323654129e-31
9.25                 5.049726349539e-31
9.3                  1.7058287870693e-30
9.35                 3.9775403361142e-30
9.4                  8.6407604806547e-30
9.45                 1.7302391037224e-29
9.5                  2.5380136728995e-29
9.55                 3.2067942318458e-29
9.6                  3.6859373181898e-29
9.65                 4.5509655036062e-29
9.7                  5.5681002537839e-29
9.75                 6.2051527914586e-29
9.8                  6.3484663027544e-29
9.85                 6.5904380656694e-29
9.9                  6.9144552079665e-29
9.95                 7.9443546119162e-29
10                   8.7651654660616e-29
10.05                9.1665302206679e-29
10.1                 9.7947056532205e-29
10.15                9.6745991846963e-29
10.2                 9.6524923044642e-29
10.25                9.148449650371e-29
10.3                 8.0590671144439e-29
10.35                7.0369027492433e-29
10.4                 5.5069527594525e-29
10.45                4.2601597941382e-29
10.5                 3.3950151708436e-29
10.55                2.5537011127568e-29
10.6                 1.9362390816375e-29
10.65                1.4304252456731e-29
10.7                 1.0600586081173e-29
10.75                1.0062318321111e-29
10.8                 8.4998731974563e-30
10.85                8.6710610151529e-30
10.9                 9.1523099438225e-30
10.95                1.472110198582e-29
11                   2.2285069068786e-29
11.05                3.0132069830498e-29
11.1                 4.542922726856e-29
11.15                6.538934337043e-29
11.2                 8.6638490792531e-29
11.25                1.0215125493873e-28
11.3                 1.2086240122202e-28
11.35                1.4181766383836e-28
11.4                 1.5995614061205e-28
11.45                1.7109298367775e-28
11.5                 1.867797048437e-28
11.55                1.9664408909194e-28
11.6                 1.8758531879994e-28
11.65                1.7722952230551e-28
11.7                 1.6963931837201e-28
11.75                1.5886930239395e-28
11.8                 1.6094824010357e-28
11.85                1.6307852439328e-28
11.9                 1.6616680347721e-28
11.95                1.6591502005834e-28
12                   1.804364450577e-28
12.05                1.8696080197626e-28
12.1                 1.976892067769e-28
12.15                2.1467176332123e-28
12.2                 2.3501798338684e-28
12.25                2.4264005864657e-28
12.3                 2.5909926505494e-28
12.35                2.740955269587e-28
12.4                 2.7888836183401e-28
12.45                2.8958835012132e-28
12.5                 2.8784947878944e-28
12.55                2.9724048603596e-28
12.6                 3.072413631396e-28
12.65                3.253190731246e-28
12.7                 3.3441831035477e-28
12.75                3.5122660521991e-28
12.8                 3.5032145489283e-28
12.85                3.4838597538638e-28
12.9                 3.3779593441216e-28
12.95                3.3647616118469e-28
13                   3.2608898902629e-28
13.05                3.1306886510554e-28
13.1                 2.9639829514407e-28
13.15                2.6878598659074e-28
13.2                 2.5757831479519e-28
13.25                2.4354063300626e-28
13.3                 2.311456937658e-28
13.35                2.1519549265406e-28
13.4                 1.910798141943e-28
13.45                1.7133275382347e-28
13.5                 1.4607771282538e-28
13.55                1.3899024770867e-28
13.6                 1.3810381029976e-28
13.65                1.3322792435006e-28
13.7                 1.2654679930407e-28
13.75                1.1858478133211e-28
13.8                 1.0729729926576e-28
13.85                1.013561620246e-28
13.9                 1.0157653578343e-28
13.95                9.631760491586e-29
14                   8.52973121289e-29
14.05                7.0908770289767e-29
14.1                 5.7668216920826e-29
14.15                3.8497764662516e-29
14.2                 2.5120680228295e-29
14.25                1.5577570300447e-29
14.3                 1.0730700246641e-29
14.35                7.6432052568687e-30
14.4                 5.6219774629301e-30
14.45                4.8892158725749e-30
14.5                 4.8037770642434e-30
14.55                6.0282343841264e-30
14.6                 5.4291606009133e-30
14.65                5.9839524842066e-30
14.7                 6.2810271946981e-30
14.75                6.0079672823596e-30
14.8                 7.3909446716843e-30
14.85                8.280685842719e-30
14.9                 1.0963350845535e-29
14.95                1.2787574859345e-29
15                   1.4261826694196e-29
15.05                1.2082546948927e-29
15.1                 1.2789966050715e-29
15.15                1.1091146459603e-29
15.2                 1.1145926692608e-29
15.25                1.4286757017825e-29
15.3                 1.7815954070388e-29
15.35                1.9346421542958e-29
15.4                 1.9845955152664e-29
15.45                2.319174343259e-29
15.5                 2.7812523273141e-29
15.55                4.2289815801143e-29
15.6                 5.5746505288112e-29
15.65                7.4521825100102e-29
15.7                 9.3207531855141e-29
15.75                1.0030474735788e-28
15.8                 1.0979545909904e-28
15.85                1.2598222160278e-28
15.9                 1.426011251749e-28
15.95                1.483697795222e-28
16                   1.5818286749745e-28
16.05                1.67765541801e-28
16.1                 1.7305703725084e-28
16.15                1.8145294551744e-28
16.2                 1.7903197749276e-28
16.25                1.760521513423e-28
16.3                 1.6950295946974e-28
16.35                1.6925558501328e-28
16.4                 1.7194075326244e-28
16.45                1.6990188096507e-28
16.5                 1.7205264694968e-28
16.55                1.6629892092545e-28
16.6                 1.5629262279851e-28
16.65                1.3863455805213e-28
16.7                 1.241227706997e-28
16.75                1.0960868926587e-28
16.8                 9.4926528201829e-29
16.85                7.7062245745258e-29
16.9                 5.9397452505723e-29
16.95                4.8959727798651e-29
17                   4.307474535867e-29
17.05                3.5241298133864e-29
17.1                 2.627777133543e-29
17.15                1.8216579881408e-29
17.2                 1.083473050452e-29
17.25                6.1529901476894e-30
17.3                 2.5658791163088e-30
17.35                6.373413549071e-31
17.4                 4.3580479067847e-31
17.45                1.0988671841642e-30
17.5                 3.7021345976589e-30
17.55                8.3617841745814e-30
17.6                 1.3429585930166e-29
17.65                1.6113738296184e-29
17.7                 1.7996591055807e-29
17.75                1.6669261192495e-29
17.8                 1.6591146650311e-29
17.85                1.6703070645714e-29
17.9                 1.5901488878654e-29
17.95                1.5939381137096e-29
18                   1.6091782356888e-29
18.05                1.6259952620606e-29
18.1                 1.7254448913159e-29
18.15                1.6689725529579e-29
18.2                 1.8188948427385e-29
18.25                1.5382999170162e-29
18.3                 1.2414961470275e-29
18.35                1.0364876470974e-29
18.4                 1.0087852525032e-29
18.45                1.0364336702605e-29
18.5                 9.0449355677851e-30
18.55                8.3395149947548e-30
18.6                 6.4911308950018e-30
18.65                4.3302291832981e-30
18.7                 2.6124152858639e-30
18.75                1.6014377267409e-30
18.8                 1.2278972320768e-30
18.85                1.0979822358714e-30
18.9                 4.4748926929171e-31
18.95                1.1097558395656e-31
19                   5.6490382220107e-31
19.05                1.8667013254055e-30
19.1                 4.1343696287409e-30
19.15                8.5214123227935e-30
19.2                 1.3925809530561e-29
19.25                2.2195795871064e-29
19.3                 3.3796426749003e-29
19.35                3.8908037332167e-29
19.4                 4.2555045051222e-29
19.45                4.3436157898083e-29
19.5                 4.3132420740909e-29
19.55                4.7423986464153e-29
19.6                 5.2264431594373e-29
19.65                5.3264621853247e-29
19.7                 5.436073374519e-29
19.75                5.4623613575626e-29
19.8                 5.818902571468e-29
19.85                6.0457427829445e-29
19.9                 6.040692485636e-29
19.95                5.8583525608442e-29
20                   5.5769410380702e-29
20.05                4.9602704685848e-29
20.1                 4.7642206450549e-29
20.15                4.6198175969496e-29
20.2                 4.633574094292e-29
20.25                4.5510290615314e-29
20.3                 4.1348640883784e-29
20.35                3.6735274887082e-29
20.4                 3.1843377208423e-29
20.45                2.8323707996511e-29
20.5                 2.2591335922188e-29
20.55                1.9164892499284e-29
20.6                 1.7595697178045e-29
20.65                1.6203669117389e-29
20.7                 1.7229179442947e-29
20.75                1.4240046136484e-29
20.8                 9.6111563608605e-30
20.85                5.8158152437528e-30
20.9                 3.2730866311338e-30
20.95                2.8819453129446e-30
21.002630398234      2.2984671849018e-30
21.058029574601      2.2873129555281e-30
21.116343188881      1.8784478130074e-30
21.177724563722      3.1265091265434e-30
21.242335087763      3.0387390301358e-30
21.310344639971      4.048047483811e-30
21.3819320363        3.3592203196917e-30
21.457285499847      4.2941738750575e-30
21.536603155744      6.2985479220919e-30
21.620093552081      6.3548905541497e-30
21.707976208241      1.4191290805404e-29
21.800482192072      1.518500377927e-29
21.897854727434      1.8107649595126e-29
22.000349833698      2.0341281316345e-29
22.108236998893      2.7793953740883e-29
22.221799888265      2.0515962576722e-29
22.34133709011       1.4764768291889e-29
22.467162900849      1.5752076104722e-29
22.599608151396      1.0611958563859e-29
22.739021077007      1.3714550906497e-29
22.885768232885      3.9239747214726e-33
