x[nm]                       Envelope_real_part[nm^-1/2] Envelope_imag_part[nm^-1/2]
7.1142317671146             -1.9007419336386e-17        -2.0086913705572e-18
7.260978922993              -6.6580855412335e-16        -1.3423214530488e-16
7.4003918486039             6.6136332521616e-18         -6.6911030376899e-16
7.532837099151              1.080949565968e-16          -9.3687334697492e-17
7.6586629098899             -2.9024092157437e-16        5.6991686773469e-16
7.7782001117354             -4.1991150140364e-16        4.073800404727e-17
7.891763001107              -1.0137290312739e-16        -5.0233961585692e-16
7.9996501663019             1.2316536679435e-16         -1.2435755821313e-16
8.1021452725658             2.5186016466838e-16         -4.4320277257352e-17
8.1995178079279             5.1239394671665e-16         4.1844138915014e-16
8.2920237917592             7.6414569116778e-16         3.5709965968275e-16
8.3799064479186             6.6331488912663e-16         -8.7788344325464e-17
8.4633968442558             3.0184188481996e-16         3.6704759475418e-16
8.5427145001525             -1.6675029412827e-16        4.400415724092e-16
8.6180679636999             -5.3798111798731e-16        8.0321291038739e-16
8.6896553600291             -2.7256842616286e-16        9.3899197342507e-16
8.7576649122373             -2.6823161747291e-16        1.1088098401621e-15
8.8222754362784             -5.2497069191748e-16        1.4432461096924e-15
8.8836568111193             -5.4405265015323e-16        1.3569185791592e-15
8.9419704253995             -5.9349226921857e-16        1.5075157553406e-15
8.9973696017656             -4.9049306283244e-16        1.5741958195307e-15
9.05                        -3.4130684389844e-16        1.6808362413898e-15
9.1                         -1.1427490897997e-16        1.8090206454595e-15
9.15                        1.869164545365e-16          1.8076826369778e-15
9.2                         5.3472851146985e-16         1.6035433826614e-15
9.25                        7.5200262683595e-16         1.4270793386773e-15
9.3                         6.7112114476853e-16         1.1841569703995e-15
9.35                        8.4762925844917e-16         8.8155263684534e-16
9.4                         8.823237279687e-16          5.2032071052072e-16
9.45                        1.161614207601e-15          3.7269179601056e-16
9.5                         1.2598429244282e-15         2.5525286496732e-16
9.55                        1.3413749277991e-15         8.2830701942575e-17
9.6                         1.158144760649e-15          -3.0175525872493e-16
9.65                        1.1919718684306e-15         -6.5385696778428e-16
9.7                         1.1041514924592e-15         -8.840301050445e-16
9.75                        7.5829099943636e-16         -9.466979826328e-16
9.8                         6.7654215563095e-16         -1.0643629377552e-15
9.85                        7.0126196516362e-16         -1.0570832192786e-15
9.9                         4.562322741819e-16          -8.7973796219141e-16
9.95                        6.4466661175988e-16         -5.8117628483273e-16
10                          7.9970752242531e-16         -5.7409219722982e-16
10.05                       9.2113816574368e-16         -7.1359260809308e-16
10.1                        1.0575307990424e-15         -5.5653693977771e-16
10.15                       1.3253287356463e-15         -5.715386876721e-16
10.2                        1.5372902603672e-15         -6.158553299565e-16
10.25                       1.7512033489986e-15         -8.9273365047061e-16
10.3                        1.7320129705456e-15         -1.0575121889932e-15
10.35                       1.7619369505062e-15         -1.1465471352789e-15
10.4                        1.9228867630117e-15         -1.3061222287688e-15
10.45                       2.0440463557869e-15         -1.0608146921194e-15
10.5                        2.4040014770521e-15         -7.4550045861693e-16
10.55                       2.6911524224349e-15         -5.2348901469077e-16
10.6                        2.807433105434e-15          -2.3179625605764e-16
10.65                       2.968260945195e-15          -1.8336819752532e-16
10.7                        2.9322925381228e-15         -6.8575548153638e-18
10.75                       3.2402466126902e-15         1.6018380368921e-16
10.8                        3.2543547934596e-15         2.1141984194334e-16
10.85                       2.9257466675064e-15         2.9055931952856e-16
10.9                        2.8156188318362e-15         1.8968452754264e-16
10.95                       2.7111559525173e-15         8.9252204083115e-17
11                          2.7385862674811e-15         1.4396164607165e-16
11.05                       2.4474779841688e-15         6.1476114263906e-17
11.1                        2.2990507067555e-15         -1.0213320895409e-16
11.15                       2.0015456306255e-15         -1.6766863565584e-16
11.2                        1.8793560457864e-15         -2.9409315546623e-16
11.25                       1.6881027825599e-15         -4.6906886927184e-16
11.3                        1.4664918585039e-15         -4.0378327931356e-16
11.35                       1.405884957062e-15          -3.6906657859169e-16
11.4                        1.2218958483912e-15         -3.863824584047e-16
11.45                       7.7650559593412e-16         -2.1063140705809e-16
11.5                        6.286204196071e-16          4.9081467262787e-17
11.55                       1.569924745759e-16          2.2243435358382e-16
11.6                        1.1275702593849e-17         4.8015126230176e-16
11.65                       -2.4936649967167e-17        4.919856150392e-16
11.7                        1.196959198424e-16          5.6874700031447e-16
11.75                       1.7542391150815e-16         3.9941062138626e-16
11.8                        4.1351470858597e-16         1.9614405429128e-16
11.85                       9.4802637962133e-16         -1.5530466471625e-16
11.9                        1.2244979336051e-15         -5.1185597749659e-16
11.95                       1.0551455542629e-15         -5.3016670691842e-16
12                          8.677954188574e-16          -6.0413052228971e-16
12.05                       6.0845425919887e-16         -5.0691205756896e-16
12.1                        6.7719267693445e-16         -7.2489288549257e-16
12.15                       2.6324428747948e-16         -8.3133549046001e-16
12.2                        2.0491421059976e-16         -9.0455066657115e-16
12.25                       3.2265856653169e-16         -9.7241593088289e-16
12.3                        5.2648857495896e-16         -9.1666122534349e-16
12.35                       9.7101146567802e-16         -7.9792563382921e-16
12.4                        1.193056070603e-15          -8.5685141322406e-16
12.45                       1.1891529427821e-15         -7.4088740660792e-16
12.5                        1.050808745573e-15          -6.7693870199214e-16
12.55                       8.7863744058225e-16         -8.0575448873416e-16
12.6                        5.8720389661815e-16         -8.6425171687348e-16
12.65                       5.8503549227318e-16         -8.3649406902082e-16
12.7                        3.2959746043559e-16         -7.452150726883e-16
12.75                       -6.505213034913e-17         -5.1462501833631e-16
12.8                        -2.2377932840101e-16        -3.9375530129183e-16
12.85                       -1.5569143196892e-16        -1.7877088631673e-17
12.9                        -2.2638141361497e-16        2.4447125126351e-16
12.95                       -1.8388068845354e-16        4.0546857962023e-16
13                          -3.586540786582e-16         5.425373217108e-16
13.05                       -5.4166740537376e-16        5.3751178755567e-16
13.1                        -5.2995802191091e-16        5.7703431642609e-16
13.15                       -6.9822619908066e-16        4.5497855509147e-16
13.2                        -7.5633943552589e-16        3.644689029044e-16
13.25                       -6.9865987994966e-16        2.3262424361559e-16
13.3                        -5.7679555576229e-16        -7.8371885746108e-17
13.35                       -3.9551695252271e-16        -1.0654989487788e-16
13.4                        6.2883726004159e-17         2.0176221915866e-17
13.45                       2.8319360745321e-16         6.7560868612682e-17
13.5                        4.1069578293751e-16         1.8835575452231e-16
13.55                       3.1094918306884e-16         1.9301917154261e-16
13.6                        6.6786853825107e-17         2.0048350597458e-16
13.65                       -4.9439619065339e-17        1.600631956913e-16
13.7                        2.6020852139652e-18         1.7410562802145e-16
13.75                       -3.0357660829594e-16        5.211454427892e-16
13.8                        -4.115631446755e-16         6.7758527921491e-16
13.85                       -2.6584637269345e-16        7.1920644236217e-16
13.9                        -3.6299088734815e-16        8.2906973718464e-16
13.95                       -4.2674197509029e-16        8.6816430761563e-16
14                          -4.2370620900734e-16        7.8963104074537e-16
14.05                       -4.1589995336544e-16        1.0877615568907e-15
14.1                        -3.9291486730875e-16        1.1729415138634e-15
14.15                       -1.8951853975047e-16        1.3403738937277e-15
14.2                        -4.336808689942e-19         1.6709774722074e-15
14.25                       1.1839487723542e-16         1.8652251646215e-15
14.3                        1.4658413372004e-16         2.027333982144e-15
14.35                       4.9829931847434e-16         2.1053031297588e-15
14.4                        5.3017486234541e-16         2.2337386883336e-15
14.45                       7.0798401863303e-16         2.2172398148861e-15
14.5                        7.0516509298457e-16         2.2153445537405e-15
14.55                       7.3443855164168e-16         2.1649344621016e-15
14.6                        9.6775885916056e-16         2.1405030354128e-15
14.65                       1.1397133237168e-15         1.9984895412611e-15
14.7                        1.45521615591e-15           2.1898311881675e-15
14.75                       1.4504456663511e-15         2.3228264250806e-15
14.8                        1.7017637299332e-15         2.1862178106522e-15
14.85                       1.9270609413757e-15         1.9134512306543e-15
14.9                        2.2117724318704e-15         1.6790298405146e-15
14.95                       2.0940280759385e-15         1.6079813193256e-15
15                          1.9882099439039e-15         1.7019581810439e-15
15.05                       1.8444447358323e-15         2.1499944389424e-15
15.1                        2.020519168644e-15          2.2875887506573e-15
15.15                       1.926301999855e-15          2.3784831162198e-15
15.2                        1.9840899756485e-15         2.3853238590024e-15
15.25                       1.948094463522e-15          2.1709624098307e-15
15.3                        1.8655866781958e-15         1.7948156771942e-15
15.35                       1.6313990089389e-15         1.6381311927196e-15
15.4                        1.5161483180037e-15         1.2180789001497e-15
15.45                       1.5888982837775e-15         7.9885713151637e-16
15.5                        1.5676479211968e-15         4.364374959177e-16
15.55                       1.6577451217303e-15         2.3036700070758e-17
15.6                        1.6566609195579e-15         -1.9124165800767e-16
15.65                       1.5529569817596e-15         -3.6869654218357e-16
15.7                        1.6273332507921e-15         -6.5727337455253e-16
15.75                       1.6585582733597e-15         -1.0461100224409e-15
15.8                        1.3999489501676e-15         -1.23362365086e-15
15.85                       1.0241102670755e-15         -1.4302837343962e-15
15.9                        7.3102331479835e-16         -1.570201657803e-15
15.95                       4.6048776770891e-16         -1.5632887826105e-15
16                          2.1372335325121e-17         -1.4836760061424e-15
16.05                       -1.6409399880568e-16        -1.4976212841323e-15
16.1                        -5.7800173067918e-16        -1.5009743131636e-15
16.15                       -7.6068979674299e-16        -1.4439252579733e-15
16.2                        -1.0577476394769e-15        -1.3830572679148e-15
16.25                       -1.0785236636071e-15        -1.3669492852939e-15
16.3                        -9.5313568235916e-16        -1.0124693303503e-15
16.35                       -4.3158022728501e-16        -6.3337690009796e-16
16.4                        -2.3405214398531e-16        -4.8436366928222e-16
16.45                       6.1907944048922e-17         -4.8472460477177e-16
16.5                        2.737881536069e-16          -4.1583349909047e-16
16.55                       3.7719393580771e-16         -4.2764733848162e-16
16.6                        4.4197501561372e-16         -1.0315766552392e-16
16.65                       4.2376041911596e-16         2.2678545908559e-16
16.7                        4.3774662714102e-16         4.6380853943074e-16
16.75                       4.6268327710819e-16         4.3313719995358e-16
16.8                        6.1799523831674e-16         3.9632373848188e-16
16.85                       5.8536075292492e-16         4.3015502078407e-16
16.9                        4.2587461335231e-16         6.7267020219694e-16
16.95                       3.1647861414852e-16         7.3268015014167e-16
17                          1.1666015375944e-16         7.1877532670077e-16
17.05                       1.272853350498e-16          6.4010318880587e-16
17.1                        -3.4694469519536e-17        4.7753473451286e-16
17.15                       -4.3498191160118e-16        1.0957860518259e-16
17.2                        -6.0346692920543e-16        -1.0138019585572e-16
17.25                       -5.4708841623619e-16        -1.2175142636638e-16
17.3                        -2.844946500602e-16         -1.8564194262035e-16
17.35                       -2.3050138187042e-16        -2.1426531793784e-16
17.4                        -3.664603343001e-17         7.603973925597e-17
17.45                       -6.5268970783627e-17        -6.1712082993154e-17
17.5                        1.643650493488e-16          3.9281619263552e-18
17.55                       -9.6277152916713e-17        2.9849296713416e-18
17.6                        -4.334640285597e-16         -4.6578472209315e-18
17.65                       -4.9613091412937e-16        -1.8803140505052e-16
17.7                        -4.861562541425e-16         -2.4103125067792e-16
17.75                       -6.3447511133852e-16        -1.8012309242228e-16
17.8                        -6.956241138667e-16         -1.5581719079711e-16
17.85                       -9.124645483638e-16         -3.0390703940122e-16
17.9                        -1.1579279202145e-15        -2.6096760649982e-16
17.95                       -8.3266726846887e-16        -1.2517404246933e-16
18                          -6.0802057832987e-16        -5.7905380368073e-17
18.05                       -3.9811903773668e-16        -1.4978717499205e-16
18.1                        -2.9707139526103e-16        -7.1618061306842e-17
18.15                       -3.73832909073e-16          -1.1038483448099e-16
18.2                        -7.7195194680968e-17        -1.3409769820306e-16
18.25                       -1.0581813203459e-16        -1.1867269697278e-16
18.3                        3.7296554733501e-17         -1.4524664218342e-16
18.35                       -1.2490009027033e-16        -5.1365890381455e-17
18.4                        -4.0072112295064e-16        1.2461679811364e-16
18.45                       -5.7549451315531e-16        7.2640473168059e-17
18.5                        -5.837344496662e-16         -1.8081320586831e-16
18.55                       -4.2327252813834e-16        -1.8343235770467e-16
18.6                        -3.7903707950093e-16        -3.852298988569e-16
18.65                       -3.9226434600526e-16        -7.5870130575368e-16
18.7                        -3.1268390654482e-16        -8.6736064493237e-16
18.75                       -4.4820917810551e-16        -6.6346952479559e-16
18.8                        -5.6617037447193e-16        -5.1949989543362e-16
18.85                       -6.654832934716e-16         -3.7681438848101e-16
18.9                        -9.0574249489439e-16        -2.1788436600505e-16
18.95                       -1.0625181290358e-15        -2.223698281362e-16
19                          -1.0939599920379e-15        -3.1056259830885e-17
19.05                       -9.8684081739631e-16        4.8499855140181e-17
19.1                        -8.4350929019372e-16        3.4465944383514e-17
19.15                       -6.6456172162499e-16        -1.999055425942e-16
19.2                        -5.3136748473515e-16        -1.4864939827014e-16
19.25                       -3.1466257550961e-16        -1.899840319231e-16
19.3                        -4.4246290659133e-16        -3.0629038132686e-16
19.35                       -3.9421590991573e-16        -3.5872850718618e-16
19.4                        -3.2970588065284e-16        -2.3268982888242e-16
19.45                       -3.2352592826967e-16        -2.360011609176e-16
19.5                        -3.0628711372716e-16        -2.6109467625489e-16
19.55                       -2.6562953225895e-16        -2.3657658129078e-16
19.6                        -3.9161382470176e-16        -5.1135914072113e-17
19.65                       -4.0050428251615e-16        2.7178345312824e-17
19.7                        -3.8771069688082e-16        -5.8788806757684e-17
19.75                       -5.2757277713145e-16        6.2505050874724e-17
19.8                        -4.3671663507716e-16        1.7787076920576e-16
19.85                       8.4567769453869e-17         2.8468876530988e-16
19.9                        5.833007687972e-16          2.242951952826e-16
19.95                       1.0776969594506e-15         4.4393708951482e-16
20                          1.3105835861005e-15         4.0683307781664e-16
20.05                       1.2121380288388e-15         5.2464431033239e-16
20.1                        1.2654807757251e-15         6.4340747805626e-16
20.15                       1.0347625534202e-15         7.2172868487658e-16
20.2                        7.7238562767867e-16         5.5740011773805e-16
20.25                       7.2251232774434e-16         5.0667994438776e-16
20.3                        7.3248698773121e-16         2.395395790666e-16
20.35                       7.0212932690161e-16         -8.4456974580795e-17
20.4                        8.2529469369597e-16         -5.0303766534226e-16
20.45                       8.5825443973953e-16         -7.5216680006345e-16
20.5                        5.4557053319471e-16         -1.0309471567251e-15
20.55                       3.217912047937e-16          -9.5790772657602e-16
20.6                        2.3765711620882e-16         -8.0109194437153e-16
20.65                       7.9797279894933e-17         -5.6066525303194e-16
20.7                        8.2399365108898e-17         -2.3201667108198e-16
20.75                       5.8113236445223e-17         -1.1500302235762e-16
20.8                        1.6089560239685e-16         6.3997206405063e-17
20.85                       3.217912047937e-16          9.8359113784804e-18
20.9                        4.1546627249645e-16         1.5038374012593e-16
20.95                       4.7401318981066e-16         1.591828738704e-16
21.002630398234             5.5814727839554e-16         4.62810520149e-16
21.058029574601             6.5355706957426e-16         5.2445334939642e-16
21.116343188881             6.4488345219438e-16         4.3447107308566e-16
21.177724563722             5.7896396010726e-16         1.5354810438778e-16
21.242335087763             4.2717565595929e-16         1.9277283639722e-16
21.310344639971             4.8268680719055e-16         5.4734202819056e-16
21.3819320363               3.5084782301631e-16         9.4792658605962e-16
21.457285499847             1.8518173106052e-16         1.0608015774934e-15
21.536603155744             1.6046192152785e-17         1.0238595692244e-15
21.620093552081             4.5536491244391e-17         7.1537574970628e-16
21.707976208241             -5.5944832100252e-17        4.0004464463756e-16
21.800482192072             -4.263082942213e-16         1.5373727713709e-16
21.897854727434             -7.5243630770494e-16        2.00036114259e-17
22.000349833698             -9.423885283244e-16         -2.5147956693918e-16
22.108236998893             -1.2091022627558e-15        -5.0039034391529e-16
22.221799888265             -6.1756155744774e-16        -4.1341551621263e-16
22.34133709011              -5.9240806704608e-16        2.51420125618e-17
22.467162900849             -2.1879199840757e-16        -1.4690337355325e-16
22.599608151396             5.8525233270768e-16         1.7580126553555e-16
22.739021077007             6.3946244133195e-16         2.1584351336198e-16
22.885768232885             3.0499962364733e-17         -1.512080865791e-17
