x[nm]                  E_3_real[eV]           Psi_3_x2_real[nm^-1/2] E_3_imag[eV]           Psi_3_x2_imag[nm^-1/2]
7.1142317671146        1.4167478423565        1.4187318296111        1.4167478423565        1.4159576129818
7.260978922993         1.4167478423565        1.3921009218654        1.4167478423565        1.4265648008681
7.4003918486039        1.4167478423565        1.4074738475512        1.4167478423565        1.4204417083822
7.532837099151         1.4167478423565        1.4152463175211        1.4167478423565        1.4173459051862
7.6586629098899        1.4167478423565        1.4234686457591        1.4167478423565        1.4140709217979
7.7782001117354        1.4167478423565        1.4312354105854        1.4167478423565        1.4109773909815
7.891763001107         1.4167478423565        1.438731285163         1.4167478423565        1.4079917567411
7.9996501663019        1.4167478423565        1.4460122321182        1.4167478423565        1.4050917289584
8.1021452725658        1.4167478423565        1.4531252770915        1.4167478423565        1.4022585771486
8.1995178079279        1.4167478423565        1.460104392474         1.4167478423565        1.3994787699844
8.2920237917592        1.4167478423565        1.4669735872543        1.4167478423565        1.3967427445977
8.3799064479186        1.4167478423565        1.4737493339738        1.4167478423565        1.3940439399152
8.4633968442558        1.4167478423565        1.4804437527431        1.4167478423565        1.3913775284525
8.5427145001525        1.4167478423565        1.4870727023981        1.4167478423565        1.3887371935774
8.6180679636999        1.4167478423565        1.4936836194196        1.4167478423565        1.386104041166
8.6896553600291        1.4167478423565        1.5000788870789        1.4167478423565        1.3835567826838
8.7576649122373        1.4167478423565        1.5062128513774        1.4167478423565        1.3811136022851
8.8222754362784        1.4167478423565        1.5120906591936        1.4167478423565        1.3787724499496
8.8836568111193        1.4167478423565        1.5177080091249        1.4167478423565        1.3765350389416
8.9419704253995        1.4167478423565        1.5230605971652        1.4167478423565        1.3744030835624
8.9973696017656        1.4167478423565        1.5281460388063        1.4167478423565        1.3723775335704
9.05                   1.4167478423565        1.532964327462         1.4167478423565        1.3704583915889
9.1                    1.4167478423565        1.5375178689044        1.4167478423565        1.36864469939
9.15                   1.4167478423565        1.5420363073942        1.4167478423565        1.3668449888254
9.2                    1.4167478423565        1.5465079488456        1.4167478423565        1.3650639176923
9.25                   1.4167478423565        1.5509212666171        1.4167478423565        1.3633060770941
9.3                    1.4167478423565        1.5552654503435        1.4167478423565        1.3615757728387
9.35                   1.4167478423565        1.5595310842295        1.4167478423565        1.3598767552717
9.4                    1.4167478423565        1.5637110069653        1.4167478423565        1.3582118767692
9.45                   1.4167478423565        1.5678014120575        1.4167478423565        1.3565826534713
9.5                    1.4167478423565        1.5718032606481        1.4167478423565        1.3549887025516
9.55                   1.4167478423565        1.5757240982419        1.4167478423565        1.3534270186081
9.6                    1.4167478423565        1.5795803928091        1.4167478423565        1.3518910423879
9.65                   1.4167478423565        1.5834054129077        1.4167478423565        1.3503675229029
9.7                    1.4167478423565        1.5872171207866        1.4167478423565        1.3488493057236
9.75                   1.4167478423565        1.591008118678         1.4167478423565        1.3473393374081
9.8                    1.4167478423565        1.5947728791529        1.4167478423565        1.3458398195514
9.85                   1.4167478423565        1.5985071671628        1.4167478423565        1.3443524389889
9.9                    1.4167478423565        1.6022076446049        1.4167478423565        1.3428785252992
9.95                   1.4167478423565        1.6058715996053        1.4167478423565        1.3414191586314
10                     1.4167478423565        1.6094967610302        1.4167478423565        1.3399752435866
10.05                  1.4167478423565        1.6130811712519        1.4167478423565        1.3385475598949
10.1                   1.4167478423565        1.6166230987449        1.4167478423565        1.3371367972293
10.15                  1.4167478423565        1.620120977923         1.4167478423565        1.3357435791686
10.2                   1.4167478423565        1.6235733676178        1.4167478423565        1.3343684797353
10.25                  1.4167478423565        1.6269789223217        1.4167478423565        1.3330120348501
10.3                   1.4167478423565        1.6303363721804        1.4167478423565        1.3316747503005
10.35                  1.4167478423565        1.6336445089891        1.4167478423565        1.3303571073189
10.4                   1.4167478423565        1.6369021763154        1.4167478423565        1.3290595665167
10.45                  1.4167478423565        1.6401082624658        1.4167478423565        1.3277825706853
10.5                   1.4167478423565        1.6432616954172        1.4167478423565        1.3265265468156
10.55                  1.4167478423565        1.6463614391112        1.4167478423565        1.3252919075732
10.6                   1.4167478423565        1.6494064906989        1.4167478423565        1.3240790523967
10.65                  1.4167478423565        1.6523958784537        1.4167478423565        1.3228883683283
10.7                   1.4167478423565        1.6553286601564        1.4167478423565        1.3217202306574
10.75                  1.4167478423565        1.6582039218193        1.4167478423565        1.3205750034285
10.8                   1.4167478423565        1.6610207766565        1.4167478423565        1.3194530398517
10.85                  1.4167478423565        1.6637783642347        1.4167478423565        1.3183546826409
10.9                   1.4167478423565        1.6664758497614        1.4167478423565        1.3172802642968
10.95                  1.4167478423565        1.669112423477         1.4167478423565        1.3162301073497
11                     1.4167478423565        1.67168730013          1.4167478423565        1.315204524568
11.05                  1.4167478423565        1.6741997185179        1.4167478423565        1.3142038191417
11.1                   1.4167478423565        1.6766489410819        1.4167478423565        1.313228284843
11.15                  1.4167478423565        1.6790342535485        1.4167478423565        1.3122782061697
11.2                   1.4167478423565        1.6813549646085        1.4167478423565        1.3113538584727
11.25                  1.4167478423565        1.6836104056313        1.4167478423565        1.3104555080701
11.3                   1.4167478423565        1.6857999304077        1.4167478423565        1.3095834123494
11.35                  1.4167478423565        1.6879229149198        1.4167478423565        1.3087378198591
11.4                   1.4167478423565        1.6899787571348        1.4167478423565        1.3079189703911
11.45                  1.4167478423565        1.6919668768199        1.4167478423565        1.3071270950543
11.5                   1.4167478423565        1.6938867153764        1.4167478423565        1.3063624163406
11.55                  1.4167478423565        1.6957377356918        1.4167478423565        1.3056251481839
11.6                   1.4167478423565        1.6975194220079        1.4167478423565        1.3049154960124
11.65                  1.4167478423565        1.6992312798038        1.4167478423565        1.3042336567958
11.7                   1.4167478423565        1.7008728356917        1.4167478423565        1.303579819086
11.75                  1.4167478423565        1.7024436373254        1.4167478423565        1.3029541630543
11.8                   1.4167478423565        1.7039432533203        1.4167478423565        1.3023568605227
11.85                  1.4167478423565        1.7053712731831        1.4167478423565        1.3017880749922
11.9                   1.4167478423565        1.7067273072513        1.4167478423565        1.3012479616668
11.95                  1.4167478423565        1.7080109866413        1.4167478423565        1.3007366674742
12                     1.4167478423565        1.7092219632038        1.4167478423565        1.3002543310834
12.05                  1.4167478423565        1.7103599094875        1.4167478423565        1.2998010829196
12.1                   1.4167478423565        1.7114245187086        1.4167478423565        1.2993770451759
12.15                  1.4167478423565        1.7124155047265        1.4167478423565        1.2989823318231
12.2                   1.4167478423565        1.7133326020253        1.4167478423565        1.2986170486172
12.25                  1.4167478423565        1.7141755657004        1.4167478423565        1.2982812931045
12.3                   1.4167478423565        1.7149441714496        1.4167478423565        1.2979751546255
12.35                  1.4167478423565        1.7156382155693        1.4167478423565        1.297698714316
12.4                   1.4167478423565        1.7162575149537        1.4167478423565        1.2974520451078
12.45                  1.4167478423565        1.7168019070992        1.4167478423565        1.2972352117266
12.5                   1.4167478423565        1.7172712501115        1.4167478423565        1.2970482706894
12.55                  1.4167478423565        1.7176654227166        1.4167478423565        1.2968912703002
12.6                   1.4167478423565        1.717984324275         1.4167478423565        1.2967642506439
12.65                  1.4167478423565        1.7182278747995        1.4167478423565        1.2966672435799
12.7                   1.4167478423565        1.718396014976         1.4167478423565        1.296600272733
12.75                  1.4167478423565        1.7184887061878        1.4167478423565        1.2965633534846
12.8                   1.4167478423565        1.7185059305426        1.4167478423565        1.2965564929612
12.85                  1.4167478423565        1.7184476909037        1.4167478423565        1.2965796900222
12.9                   1.4167478423565        1.7183140109244        1.4167478423565        1.2966329352465
12.95                  1.4167478423565        1.7181049350856        1.4167478423565        1.2967162109173
13                     1.4167478423565        1.7178205287377        1.4167478423565        1.2968294910051
13.05                  1.4167478423565        1.7174608781471        1.4167478423565        1.2969727411498
13.1                   1.4167478423565        1.7170260905457        1.4167478423565        1.2971459186405
13.15                  1.4167478423565        1.7165162941865        1.4167478423565        1.2973489723935
13.2                   1.4167478423565        1.7159316384041        1.4167478423565        1.2975818429285
13.25                  1.4167478423565        1.7152722936797        1.4167478423565        1.297844462342
13.3                   1.4167478423565        1.7145384517135        1.4167478423565        1.2981367542792
13.35                  1.4167478423565        1.7137303255033        1.4167478423565        1.2984586339023
13.4                   1.4167478423565        1.7128481494295        1.4167478423565        1.2988100078567
13.45                  1.4167478423565        1.7118921793492        1.4167478423565        1.2991907742335
13.5                   1.4167478423565        1.7108626926978        1.4167478423565        1.2996008225294
13.55                  1.4167478423565        1.7097599886009        1.4167478423565        1.3000400336014
13.6                   1.4167478423565        1.7085843879954        1.4167478423565        1.3005082796192
13.65                  1.4167478423565        1.7073362337627        1.4167478423565        1.3010054240118
13.7                   1.4167478423565        1.7060158908738        1.4167478423565        1.3015313214101
13.75                  1.4167478423565        1.7046237465473        1.4167478423565        1.3020858175833
13.8                   1.4167478423565        1.7031602104225        1.4167478423565        1.3026687493708
13.85                  1.4167478423565        1.701625714748         1.4167478423565        1.3032799446063
13.9                   1.4167478423565        1.7000207145878        1.4167478423565        1.3039192220361
13.95                  1.4167478423565        1.6983456880462        1.4167478423565        1.3045863912295
14                     1.4167478423565        1.6966011365135        1.4167478423565        1.305281252481
14.05                  1.4167478423565        1.6947875849345        1.4167478423565        1.3060035967031
14.1                   1.4167478423565        1.6929055821013        1.4167478423565        1.3067532053099
14.15                  1.4167478423565        1.6909557009748        1.4167478423565        1.3075298500891
14.2                   1.4167478423565        1.6889385390351        1.4167478423565        1.308333293062
14.25                  1.4167478423565        1.6868547186673        1.4167478423565        1.3091632863305
14.3                   1.4167478423565        1.6847048875853        1.4167478423565        1.3100195719077
14.35                  1.4167478423565        1.6824897192982        1.4167478423565        1.3109018815325
14.4                   1.4167478423565        1.680209913629         1.4167478423565        1.3118099364628
14.45                  1.4167478423565        1.6778661972908        1.4167478423565        1.3127434472462
14.5                   1.4167478423565        1.6754593245351        1.4167478423565        1.3137021134614
14.55                  1.4167478423565        1.6729900778867        1.4167478423565        1.3146856234261
14.6                   1.4167478423565        1.670459268987         1.4167478423565        1.3156936538605
14.65                  1.4167478423565        1.6678677395776        1.4167478423565        1.3167258694959
14.7                   1.4167478423565        1.6652163626656        1.4167478423565        1.3177819226102
14.75                  1.4167478423565        1.6625060439342        1.4167478423565        1.3188614524667
14.8                   1.4167478423565        1.6597377234854        1.4167478423565        1.3199640846191
14.85                  1.4167478423565        1.6569123780436        1.4167478423565        1.3210894300347
14.9                   1.4167478423565        1.6540310238038        1.4167478423565        1.3222370839593
14.95                  1.4167478423565        1.6510947201932        1.4167478423565        1.323406624419
15                     1.4167478423565        1.6481045749372        1.4167478423565        1.3245976102029
15.05                  1.4167478423565        1.6450617509959        1.4167478423565        1.3258095780997
15.1                   1.4167478423565        1.641967476205         1.4167478423565        1.3270420390579
15.15                  1.4167478423565        1.6388230568303        1.4167478423565        1.3282944727871
15.2                   1.4167478423565        1.6356298968089        1.4167478423565        1.3295663200941
15.25                  1.4167478423565        1.6323895252687        1.4167478423565        1.3308569719215
15.3                   1.4167478423565        1.629103636114         1.4167478423565        1.3321657535812
15.35                  1.4167478423565        1.6257741452241        1.4167478423565        1.3334919019713
15.4                   1.4167478423565        1.6224032733769        1.4167478423565        1.3348345325479
15.45                  1.4167478423565        1.6189936667736        1.4167478423565        1.3361925913195
15.5                   1.4167478423565        1.6155485725462        1.4167478423565        1.3375647849415
15.55                  1.4167478423565        1.6120720946918        1.4167478423565        1.3389494787768
15.6                   1.4167478423565        1.6085695676814        1.4167478423565        1.3403445480861
15.65                  1.4167478423565        1.6050481022717        1.4167478423565        1.3417471606291
15.7                   1.4167478423565        1.6015173833513        1.4167478423565        1.3431534588792
15.75                  1.4167478423565        1.5979630137168        1.4167478423565        1.3445691772952
15.8                   1.4167478423565        1.5943537963283        1.4167478423565        1.3460067417721
15.85                  1.4167478423565        1.5906729181977        1.4167478423565        1.3474728489845
15.9                   1.4167478423565        1.5869129644256        1.4167478423565        1.3489704523138
15.95                  1.4167478423565        1.5830735122888        1.4167478423565        1.3504997201324
16                     1.4167478423565        1.5791592636698        1.4167478423565        1.3520587796633
16.05                  1.4167478423565        1.5751785955169        1.4167478423565        1.3536442943372
16.1                   1.4167478423565        1.571142435566         1.4167478423565        1.355251911597
16.15                  1.4167478423565        1.5670633918207        1.4167478423565        1.3568766096289
16.2                   1.4167478423565        1.5629550806488        1.4167478423565        1.3585129649838
16.25                  1.4167478423565        1.5588316108538        1.4167478423565        1.3601553580737
16.3                   1.4167478423565        1.5547071904696        1.4167478423565        1.3617981297867
16.35                  1.4167478423565        1.5505958297511        1.4167478423565        1.3634356997872
16.4                   1.4167478423565        1.5465111178447        1.4167478423565        1.3650626554684
16.45                  1.4167478423565        1.5424660508929        1.4167478423565        1.3666738204193
16.5                   1.4167478423565        1.5384728822           1.4167478423565        1.3682643141039
16.55                  1.4167478423565        1.5345429394408        1.4167478423565        1.3698296246682
16.6                   1.4167478423565        1.530686275239         1.4167478423565        1.3713657481151
16.65                  1.4167478423565        1.5269107731229        1.4167478423565        1.3728695444067
16.7                   1.4167478423565        1.5232195257339        1.4167478423565        1.3743397817326
16.75                  1.4167478423565        1.5196683362915        1.4167478423565        1.3757542334665
16.8                   1.4167478423565        1.5163011879387        1.4167478423565        1.3770953809617
16.85                  1.4167478423565        1.5130999264017        1.4167478423565        1.378370455132
16.9                   1.4167478423565        1.5100546331241        1.4167478423565        1.3795834065744
16.95                  1.4167478423565        1.5071587968998        1.4167478423565        1.3807368287263
17                     1.4167478423565        1.5044073668936        1.4167478423565        1.3818327333537
17.05                  1.4167478423565        1.5017959674005        1.4167478423565        1.382872863316
17.1                   1.4167478423565        1.499320580387         1.4167478423565        1.3838588190106
17.15                  1.4167478423565        1.4969774153176        1.4167478423565        1.3847921102216
17.2                   1.4167478423565        1.494762851715         1.4167478423565        1.3856741789983
17.25                  1.4167478423565        1.4926734047442        1.4167478423565        1.3865064133633
17.3                   1.4167478423565        1.4907056850384        1.4167478423565        1.3872901633138
17.35                  1.4167478423565        1.4888563194912        1.4167478423565        1.3880267723704
17.4                   1.4167478423565        1.4871217658506        1.4167478423565        1.3887176514249
17.45                  1.4167478423565        1.4854978608032        1.4167478423565        1.3893644587403
17.5                   1.4167478423565        1.4839787066577        1.4167478423565        1.3899695433887
17.55                  1.4167478423565        1.4825777046368        1.4167478423565        1.3905275676141
17.6                   1.4167478423565        1.4812971152703        1.4167478423565        1.3910376310391
17.65                  1.4167478423565        1.4801184166304        1.4167478423565        1.3915071110152
17.7                   1.4167478423565        1.479029260913         1.4167478423565        1.3919409257181
17.75                  1.4167478423565        1.4780198746158        1.4167478423565        1.3923429679694
17.8                   1.4167478423565        1.4770818020724        1.4167478423565        1.392716605692
17.85                  1.4167478423565        1.4762074227945        1.4167478423565        1.393064874154
17.9                   1.4167478423565        1.4753897472472        1.4167478423565        1.393390557313
17.95                  1.4167478423565        1.4746223232129        1.4167478423565        1.3936962251106
18                     1.4167478423565        1.4738991923736        1.4167478423565        1.3939842507668
18.05                  1.4167478423565        1.4732148744475        1.4167478423565        1.3942568170979
18.1                   1.4167478423565        1.4725643703765        1.4167478423565        1.3945159152468
18.15                  1.4167478423565        1.4719431818726        1.4167478423565        1.3947633368983
18.2                   1.4167478423565        1.4713473473855        1.4167478423565        1.3950006599521
18.25                  1.4167478423565        1.4707734962421        1.4167478423565        1.3952292269599
18.3                   1.4167478423565        1.4702189241049        1.4167478423565        1.395450115069
18.35                  1.4167478423565        1.4696816943778        1.4167478423565        1.3956640956328
18.4                   1.4167478423565        1.4691607719589        1.4167478423565        1.3958715809361
18.45                  1.4167478423565        1.4686561979556        1.4167478423565        1.3960725546057
18.5                   1.4167478423565        1.4681693168091        1.4167478423565        1.3962664811458
18.55                  1.4167478423565        1.4676970636344        1.4167478423565        1.3964545813113
18.6                   1.4167478423565        1.4672327121072        1.4167478423565        1.3966395342217
18.65                  1.4167478423565        1.4667712637271        1.4167478423565        1.396823330798
18.7                   1.4167478423565        1.4663092514028        1.4167478423565        1.3970073519954
18.75                  1.4167478423565        1.4658442612627        1.4167478423565        1.3971925592676
18.8                   1.4167478423565        1.4653746056592        1.4167478423565        1.397379624811
18.85                  1.4167478423565        1.464899099466         1.4167478423565        1.3975690206656
18.9                   1.4167478423565        1.4644169069533        1.4167478423565        1.3977610797058
18.95                  1.4167478423565        1.4639274368927        1.4167478423565        1.3979560374198
19                     1.4167478423565        1.4634302706275        1.4167478423565        1.3981540605603
19.05                  1.4167478423565        1.4629251126816        1.4167478423565        1.3983552668164
19.1                   1.4167478423565        1.4624117567849        1.4167478423565        1.3985597383463
19.15                  1.4167478423565        1.4618900624483        1.4167478423565        1.3987675311073
19.2                   1.4167478423565        1.4613599387662        1.4167478423565        1.3989786813073
19.25                  1.4167478423565        1.4608213331761        1.4167478423565        1.3991932098824
19.3                   1.4167478423565        1.4602742236235        1.4167478423565        1.3994111256168
19.35                  1.4167478423565        1.4597186130778        1.4167478423565        1.3996324273278
19.4                   1.4167478423565        1.459154525675         1.4167478423565        1.399857105402
19.45                  1.4167478423565        1.4585820040014        1.4167478423565        1.400085142877
19.5                   1.4167478423565        1.4580011071886        1.4167478423565        1.4003165162006
19.55                  1.4167478423565        1.4574119096038        1.4167478423565        1.4005511957521
19.6                   1.4167478423565        1.4568144999983        1.4167478423565        1.4007891461814
19.65                  1.4167478423565        1.4562089810418        1.4167478423565        1.4010303265948
19.7                   1.4167478423565        1.4555954692155        1.4167478423565        1.4012746905975
19.75                  1.4167478423565        1.4549740950862        1.4167478423565        1.4015221861842
19.8                   1.4167478423565        1.4543450040335        1.4167478423565        1.4017727554497
19.85                  1.4167478423565        1.4537083575628        1.4167478423565        1.4020263340658
19.9                   1.4167478423565        1.4530643354148        1.4167478423565        1.4022828504411
19.95                  1.4167478423565        1.4524131387973        1.4167478423565        1.4025422244339
20                     1.4167478423565        1.4517549952214        1.4167478423565        1.4028043654256
20.05                  1.4167478423565        1.4510901656555        1.4167478423565        1.4030691694715
20.1                   1.4167478423565        1.4504189550464        1.4167478423565        1.4033365151103
20.15                  1.4167478423565        1.4497417277438        1.4167478423565        1.40360625722
20.2                   1.4167478423565        1.4490589300839        1.4167478423565        1.4038782180234
20.25                  1.4167478423565        1.4483711234306        1.4167478423565        1.4041521739273
20.3                   1.4167478423565        1.4476790325086        1.4167478423565        1.404427836271
20.35                  1.4167478423565        1.4469836161045        1.4167478423565        1.4047048231664
20.4                   1.4167478423565        1.4462861704957        1.4167478423565        1.4049826183014
20.45                  1.4167478423565        1.4455833775203        1.4167478423565        1.4052625433121
20.5                   1.4167478423565        1.4448691695145        1.4167478423565        1.4055470149711
20.55                  1.4167478423565        1.4441405619581        1.4167478423565        1.4058372220237
20.6                   1.4167478423565        1.4433961844791        1.4167478423565        1.4061337102941
20.65                  1.4167478423565        1.442635857413         1.4167478423565        1.4064365513434
20.7                   1.4167478423565        1.4418602628809        1.4167478423565        1.4067454734803
20.75                  1.4167478423565        1.4410706890832        1.4167478423565        1.4070599636096
20.8                   1.4167478423565        1.4402688312285        1.4167478423565        1.4073793465238
20.85                  1.4167478423565        1.4394566360242        1.4167478423565        1.4077028468421
20.9                   1.4167478423565        1.4386361790669        1.4167478423565        1.4080296378468
20.95                  1.4167478423565        1.4378095656692        1.4167478423565        1.4083588809842
21.002630398234        1.4167478423565        1.4369351040413        1.4167478423565        1.4087071822466
21.058029574601        1.4167478423565        1.4360123703359        1.4167478423565        1.4090747104539
21.116343188881        1.4167478423565        1.4350413759678        1.4167478423565        1.4094614610595
21.177724563722        1.4167478423565        1.4340225610594        1.4167478423565        1.4098672587611
21.242335087763        1.4167478423565        1.4329567112341        1.4167478423565        1.4102917906421
21.310344639971        1.4167478423565        1.4318446097931        1.4167478423565        1.4107347447105
21.3819320363          1.4167478423565        1.4306853296631        1.4167478423565        1.4111964902233
21.457285499847        1.4167478423565        1.4294871560918        1.4167478423565        1.4116737271358
21.536603155744        1.4167478423565        1.4282858857687        1.4167478423565        1.4121521974959
21.620093552081        1.4167478423565        1.4270728842857        1.4167478423565        1.4126353404199
21.707976208241        1.4167478423565        1.4258452637169        1.4167478423565        1.4131243061792
21.800482192072        1.4167478423565        1.4246008194602        1.4167478423565        1.4136199728749
21.897854727434        1.4167478423565        1.4233365596571        1.4167478423565        1.4141235321751
22.000349833698        1.4167478423565        1.4220481275582        1.4167478423565        1.414636719389
22.108236998893        1.4167478423565        1.4207293619543        1.4167478423565        1.4151619885489
22.221799888265        1.4167478423565        1.4193717377251        1.4167478423565        1.4157027352413
22.34133709011         1.4167478423565        1.4179651113319        1.4167478423565        1.4162629996747
22.467162900849        1.4167478423565        1.4164760308919        1.4167478423565        1.4168561058562
22.599608151396        1.4167478423565        1.4150684508166        1.4167478423565        1.4174167501447
22.739021077007        1.4167478423565        1.4122845212888        1.4167478423565        1.4185255994504
22.885768232885        1.4167478423565        1.4171071250752        1.4167478423565        1.4166047387365
