x[nm]                Probability[nm^-1]  
7.1142317671146      2.0537192090621e-06
7.260978922993       0.00074007993597342
7.4003918486039      0.00049335851792764
7.532837099151       0.00051240621389615
7.6586629098899      0.00050855987028655
7.7782001117354      0.00051500454929246
7.891763001107       0.00052811419561695
7.9996501663019      0.00054764015984456
8.1021452725658      0.00057315433101259
8.1995178079279      0.00060430134242076
8.2920237917592      0.00064077990652035
8.3799064479186      0.00068231994295236
8.4633968442558      0.00072862215772087
8.5427145001525      0.00077912390918799
8.6180679636999      0.00083205483670374
8.6896553600291      0.00089047922636289
8.7576649122373      0.0009481777400931
8.8222754362784      0.00100108091071
8.8836568111193      0.0010479153369004
8.9419704253995      0.0010881081712829
8.9973696017656      0.0011213883631864
9.05                 0.0011476860262828
9.1                  0.0011670964084663
9.15                 0.0011803586807816
9.2                  0.0011868026083922
9.25                 0.0011858409850327
9.3                  0.0011770216103487
9.35                 0.0011600919798863
9.4                  0.0011350767386748
9.45                 0.0011023672329519
9.5                  0.0010628217857192
9.55                 0.0010178752660015
9.6                  0.0009696585192517
9.65                 0.00091631382375937
9.7                  0.00085640764004706
9.75                 0.00079276098171775
9.8                  0.00072737091161835
9.85                 0.00066166715828928
9.9                  0.00059669180514407
9.95                 0.000533222572951
10                   0.00047185624548609
10.05                0.00041306456419038
10.1                 0.00035723138438996
10.15                0.00030467720561523
10.2                 0.00025567525649582
10.25                0.00021046196267067
10.3                 0.00016924369749235
10.35                0.00013220108520873
10.4                 9.9491702321592e-05
10.45                7.1251739164117e-05
10.5                 4.7596994728018e-05
10.55                2.8623452172835e-05
10.6                 1.4407599141716e-05
10.65                5.0066018016841e-06
10.7                 4.584049466335e-07
10.75                7.8180624317804e-07
10.8                 5.9765365803658e-06
10.85                1.6023367736348e-05
10.9                 3.0884261369831e-05
10.95                5.0502568475687e-05
11                   7.4803285117752e-05
11.05                0.00010369336794517
11.1                 0.00013706211136718
11.15                0.00017478158707982
11.2                 0.00021670714575686
11.25                0.0002626779800408
11.3                 0.00031251774743094
11.35                0.00036603525122574
11.4                 0.00042302517730491
11.45                0.00048326888421714
11.5                 0.00054653524375879
11.55                0.0006125815289801
11.6                 0.00068115434633283
11.65                0.00075199060847416
11.7                 0.00082481854406302
11.75                0.0008993587407266
11.8                 0.00097532521723467
11.85                0.0010524265207976
11.9                 0.0011303668453006
11.95                0.0012088471662005
12                   0.0012875663877428
12.05                0.0013662224981085
12.1                 0.0014445137280628
12.15                0.0015221397086687
12.2                 0.0015988026236248
12.25                0.0016742083518094
12.3                 0.0017480675956511
12.35                0.0018200969909945
12.4                 0.0018900201942077
12.45                0.0019575689423588
12.5                 0.0020224840823951
12.55                0.0020845165653773
12.6                 0.0021434284019547
12.65                0.0021989935754151
12.7                 0.0022509989088083
12.75                0.0022992448828157
12.8                 0.00234354640123
12.85                0.0023837335011084
12.9                 0.0024196520048769
12.95                0.0024511641118843
13                   0.0024781489271386
13.05                0.0025005029252006
13.1                 0.0025181403474556
13.15                0.0025309935312443
13.2                 0.0025390131695932
13.25                0.0025421685005528
13.3                 0.0025404474254235
13.35                0.0025338565554217
13.4                 0.0025224211866156
13.45                0.0025061852032366
13.5                 0.0024852109097484
13.55                0.0024595787923324
13.6                 0.0024293872107194
13.65                0.0023947520215717
13.7                 0.0023558061348812
13.75                0.0023126990051152
13.8                 0.0022655960590959
13.85                0.0022146780628485
13.9                 0.0021601404298984
13.95                0.0021021924737333
14                   0.0020410566073756
14.05                0.0019769674932335
14.1                 0.0019101711466178
14.15                0.0018409239965231
14.2                 0.0017694919074867
14.25                0.0016961491665512
14.3                 0.0016211774395805
14.35                0.0015448647014157
14.4                 0.0014675041446225
14.45                0.0013893930718782
14.5                 0.0013108317774072
14.55                0.0012321224232979
14.6                 0.0011535679170582
14.65                0.0010754707974067
14.7                 0.00099813213606087
14.75                0.00092185046417419
14.8                 0.00084692073304522
14.85                0.00077363331964319
14.9                 0.00070227308811487
14.95                0.00063311851823888
15                   0.00056644090985457
15.05                0.00050250366700314
15.1                 0.00044156165416659
15.15                0.00038386059514274
15.2                 0.00032963644570985
15.25                0.00027911460349006
15.3                 0.00023250870638347
15.35                0.00019001859262382
15.4                 0.00015182672392023
15.45                0.00011809198356779
15.5                 8.8939254978538e-05
15.55                6.4442653647543e-05
15.6                 4.4600066361272e-05
15.65                2.9297710160834e-05
15.7                 1.8268222300997e-05
15.75                1.0367008991147e-05
15.8                 4.8745470205598e-06
15.85                1.6504723338632e-06
15.9                 2.3204418999074e-07
15.95                3.271040909694e-08
16                   4.7698108334885e-07
16.05                1.0833551330208e-06
16.1                 1.5092101595768e-06
16.15                1.5702189436306e-06
16.2                 1.2443652402296e-06
16.25                6.6807951466236e-07
16.3                 1.2982069810651e-07
16.35                6.4668865436538e-08
16.4                 1.0520253768496e-06
16.45                3.8169202640096e-06
16.5                 9.2325571261962e-06
16.55                1.8314129961071e-05
16.6                 3.2170306627765e-05
16.65                5.1799765540325e-05
16.7                 7.7343471566913e-05
16.75                0.00011079642747458
16.8                 0.00015467839689684
16.85                0.00020831172792221
16.9                 0.00027151462697601
16.95                0.00034439826094977
17                   0.00042725346327791
17.05                0.00052048837910129
17.1                 0.00062459600536468
17.15                0.00074013657991267
17.2                 0.00086772297382874
17.25                0.0010079949579425
17.3                 0.0011615544742089
17.35                0.0013287931856927
17.4                 0.0015094337849732
17.45                0.0017013193371651
17.5                 0.0018972502435584
17.55                0.0021026259586767
17.6                 0.0023205060332647
17.65                0.0025380362460043
17.7                 0.0027483934740419
17.75                0.0029469061663043
17.8                 0.0031296947162253
17.85                0.003293169882668
17.9                 0.0034338586253638
17.95                0.0035483751821734
18                   0.0036334728890023
18.05                0.0036861546017671
18.1                 0.0037038351287666
18.15                0.0036845539923344
18.2                 0.0036272366748503
18.25                0.003531999169569
18.3                 0.0034004848933809
18.35                0.0032362156102473
18.4                 0.0030449308456199
18.45                0.0028348878968269
18.5                 0.002617106946672
18.55                0.0023844265793014
18.6                 0.0021319592921595
18.65                0.0018729756561473
18.7                 0.0016167413145194
18.75                0.0013697515392106
18.8                 0.0011366049620679
18.85                0.00092060477119911
18.9                 0.00072416485658085
18.95                0.00054908072492351
19                   0.00039670854387062
19.05                0.00026808263203909
19.1                 0.00016399212063166
19.15                8.5030746148459e-05
19.2                 3.1629078547035e-05
19.25                4.0753371806247e-06
19.3                 2.5288340977522e-06
19.35                2.7028675838296e-05
19.4                 7.749941608607e-05
19.45                0.00015375472060272
19.5                 0.00025549967136237
19.55                0.00038233202076163
19.6                 0.00053374245201174
19.65                0.00070911366225639
19.7                 0.00090771781767635
19.75                0.0011287115876223
19.8                 0.0013711274881036
19.85                0.0016338595719899
19.9                 0.0019156404770844
19.95                0.0022150053139398
20                   0.002530235596416
20.05                0.0028592730357669
20.1                 0.0031995880371112
20.15                0.0035479804858156
20.2                 0.0039002800503703
20.25                0.004250898857099
20.3                 0.0045921704458165
20.35                0.004913386265545
20.4                 0.0051994196779006
20.45                0.0054579573751135
20.5                 0.0056989605386558
20.55                0.0059110032884354
20.6                 0.0060863916520348
20.65                0.0062205231590814
20.7                 0.0063112993169613
20.75                0.0063585879227088
20.8                 0.0063637428781838
20.85                0.0063291888769997
20.9                 0.0062580745310566
20.95                0.0061539936633726
21.002630398234      0.0060129827192491
21.058029574601      0.0058345309624595
21.116343188881      0.0056190131193992
21.177724563722      0.0053678825761059
21.242335087763      0.0050842109780993
21.310344639971      0.0047748264012572
21.3819320363        0.0044615496670357
21.457285499847      0.0041777293894816
21.536603155744      0.0039069345940664
21.620093552081      0.0036586580981496
21.707976208241      0.0034359168277314
21.800482192072      0.0032403156177531
21.897854727434      0.0030733026584592
22.000349833698      0.0029364934767758
22.108236998893      0.0028317935774822
22.221799888265      0.002761498526929
22.34133709011       0.002726941603707
22.467162900849      0.0027475660264501
22.599608151396      0.0026454306477809
22.739021077007      0.0039683720315231
22.885768232885      1.1012218372882e-05
