x[nm]                E_8[eV]              Psi^2_8_so1[nm^-1/2]
7.1142317671146      2.3390669310193      2.340072467844
7.260978922993       2.3390669310193      2.54693649486
7.4003918486039      2.3390669310193      2.4237841992215
7.532837099151       2.3390669310193      2.4026717790154
7.6586629098899      2.3390669310193      2.3837037709214
7.7782001117354      2.3390669310193      2.3715407585383
7.891763001107       2.3390669310193      2.3631571197323
7.9996501663019      2.3390669310193      2.357252057577
8.1021452725658      2.3390669310193      2.3530020354714
8.1995178079279      2.3390669310193      2.3498859532458
8.2920237917592      2.3390669310193      2.3475634736066
8.3799064479186      2.3390669310193      2.3458068260921
8.4633968442558      2.3390669310193      2.3444610117416
8.5427145001525      2.3390669310193      2.343421634098
8.6180679636999      2.3390669310193      2.3426284002137
8.6896553600291      2.3390669310193      2.3420278372146
8.7576649122373      2.3390669310193      2.3415622394218
8.8222754362784      2.3390669310193      2.3411943219865
8.8836568111193      2.3390669310193      2.3408998266647
8.9419704253995      2.3390669310193      2.3406615833592
8.9973696017656      2.3390669310193      2.3404670414345
9.05                 2.3390669310193      2.3403068494688
9.1                  2.3390669310193      2.3401739359462
9.15                 2.3390669310193      2.3400573466655
9.2                  2.3390669310193      2.3399551109693
9.25                 2.3390669310193      2.3398654856102
9.3                  2.3390669310193      2.3397869292821
9.35                 2.3390669310193      2.339718072801
9.4                  2.3390669310193      2.3396576885357
9.45                 2.3390669310193      2.339604659951
9.5                  2.3390669310193      2.3395579508977
9.55                 2.3390669310193      2.3395165737555
9.6                  2.3390669310193      2.3394795554115
9.65                 2.3390669310193      2.3394463290223
9.7                  2.3390669310193      2.3394164705839
9.75                 2.3390669310193      2.339389425657
9.8                  2.3390669310193      2.3393647851394
9.85                 2.3390669310193      2.3393422382135
9.9                  2.3390669310193      2.3393215416202
9.95                 2.3390669310193      2.3393024994236
10                   2.3390669310193      2.3392849495661
10.05                2.3390669310193      2.3392687548463
10.1                 2.3390669310193      2.339253796796
10.15                2.3390669310193      2.3392399714656
10.2                 2.3390669310193      2.3392271864766
10.25                2.3390669310193      2.339215358919
10.3                 2.3390669310193      2.3392044138171
10.35                2.3390669310193      2.3391942829825
10.4                 2.3390669310193      2.3391849041335
10.45                2.3390669310193      2.3391762202
10.5                 2.3390669310193      2.3391681787612
10.55                2.3390669310193      2.3391607315789
10.6                 2.3390669310193      2.339153834203
10.65                2.3390669310193      2.3391474456302
10.7                 2.3390669310193      2.3391415280065
10.75                2.3390669310193      2.339136046363
10.8                 2.3390669310193      2.3391309683797
10.85                2.3390669310193      2.3391262641733
10.9                 2.3390669310193      2.3391219061041
10.95                2.3390669310193      2.3391178686013
11                   2.3390669310193      2.3391141280026
11.05                2.3390669310193      2.3391106624082
11.1                 2.3390669310193      2.3391074515458
11.15                2.3390669310193      2.339104476648
11.2                 2.3390669310193      2.3391017203378
11.25                2.3390669310193      2.3390991665249
11.3                 2.3390669310193      2.3390968003085
11.35                2.3390669310193      2.3390946078886
11.4                 2.3390669310193      2.3390925764841
11.45                2.3390669310193      2.3390906942565
11.5                 2.3390669310193      2.3390889502404
11.55                2.3390669310193      2.3390873342781
11.6                 2.3390669310193      2.3390858369601
11.65                2.3390669310193      2.3390844495695
11.7                 2.3390669310193      2.3390831640311
11.75                2.3390669310193      2.3390819728637
11.8                 2.3390669310193      2.3390808691362
11.85                2.3390669310193      2.3390798464273
11.9                 2.3390669310193      2.3390788987876
11.95                2.3390669310193      2.3390780207052
12                   2.3390669310193      2.339077207073
12.05                2.3390669310193      2.3390764531591
12.1                 2.3390669310193      2.3390757545795
12.15                2.3390669310193      2.3390751072721
12.2                 2.3390669310193      2.339074507473
12.25                2.3390669310193      2.3390739516949
12.3                 2.3390669310193      2.3390734367065
12.35                2.3390669310193      2.3390729595138
12.4                 2.3390669310193      2.3390725173426
12.45                2.3390669310193      2.3390721076224
12.5                 2.3390669310193      2.3390717279715
12.55                2.3390669310193      2.3390713761829
12.6                 2.3390669310193      2.3390710502116
12.65                2.3390669310193      2.3390707481629
12.7                 2.3390669310193      2.339070468281
12.75                2.3390669310193      2.3390702089391
12.8                 2.3390669310193      2.3390699686297
12.85                2.3390669310193      2.339069745956
12.9                 2.3390669310193      2.3390695396238
12.95                2.3390669310193      2.3390693484337
13                   2.3390669310193      2.3390691712746
13.05                2.3390669310193      2.3390690071166
13.1                 2.3390669310193      2.3390688550057
13.15                2.3390669310193      2.3390687140577
13.2                 2.3390669310193      2.3390685834536
13.25                2.3390669310193      2.339068462434
13.3                 2.3390669310193      2.3390683502958
13.35                2.3390669310193      2.339068246387
13.4                 2.3390669310193      2.3390681501039
13.45                2.3390669310193      2.3390680608867
13.5                 2.3390669310193      2.339067978217
13.55                2.3390669310193      2.3390679016142
13.6                 2.3390669310193      2.3390678306332
13.65                2.3390669310193      2.3390677648615
13.7                 2.3390669310193      2.3390677039166
13.75                2.3390669310193      2.3390676474446
13.8                 2.3390669310193      2.3390675951171
13.85                2.3390669310193      2.33906754663
13.9                 2.3390669310193      2.3390675017015
13.95                2.3390669310193      2.3390674600706
14                   2.3390669310193      2.3390674214953
14.05                2.3390669310193      2.3390673857514
14.1                 2.3390669310193      2.3390673526311
14.15                2.3390669310193      2.3390673219421
14.2                 2.3390669310193      2.3390672935059
14.25                2.3390669310193      2.3390672671574
14.3                 2.3390669310193      2.3390672427434
14.35                2.3390669310193      2.3390672201221
14.4                 2.3390669310193      2.3390671991621
14.45                2.3390669310193      2.3390671797415
14.5                 2.3390669310193      2.3390671617476
14.55                2.3390669310193      2.3390671450759
14.6                 2.3390669310193      2.3390671296295
14.65                2.3390669310193      2.3390671153187
14.7                 2.3390669310193      2.3390671020605
14.75                2.3390669310193      2.3390670897778
14.8                 2.3390669310193      2.3390670783994
14.85                2.3390669310193      2.3390670678592
14.9                 2.3390669310193      2.339067058096
14.95                2.3390669310193      2.3390670490532
15                   2.3390669310193      2.3390670406783
15.05                2.3390669310193      2.3390670329225
15.1                 2.3390669310193      2.3390670257408
15.15                2.3390669310193      2.3390670190911
15.2                 2.3390669310193      2.3390670129345
15.25                2.3390669310193      2.3390670072346
15.3                 2.3390669310193      2.3390670019572
15.35                2.3390669310193      2.3390669970701
15.4                 2.3390669310193      2.3390669925426
15.45                2.3390669310193      2.3390669883448
15.5                 2.3390669310193      2.339066984447
15.55                2.3390669310193      2.3390669808189
15.6                 2.3390669310193      2.3390669774282
15.65                2.3390669310193      2.339066974239
15.7                 2.3390669310193      2.3390669712094
15.75                2.3390669310193      2.3390669683258
15.8                 2.3390669310193      2.3390669655784
15.85                2.3390669310193      2.3390669629439
15.9                 2.3390669310193      2.3390669604117
15.95                2.3390669310193      2.3390669579792
16                   2.3390669310193      2.3390669556481
16.05                2.3390669310193      2.3390669534224
16.1                 2.3390669310193      2.3390669513063
16.15                2.3390669310193      2.3390669493035
16.2                 2.3390669310193      2.3390669474169
16.25                2.3390669310193      2.3390669456479
16.3                 2.3390669310193      2.3390669439967
16.35                2.3390669310193      2.3390669424621
16.4                 2.3390669310193      2.339066941042
16.45                2.3390669310193      2.3390669397335
16.5                 2.3390669310193      2.3390669385329
16.55                2.3390669310193      2.3390669374365
16.6                 2.3390669310193      2.3390669364408
16.65                2.3390669310193      2.3390669355432
16.7                 2.3390669310193      2.3390669347446
16.75                2.3390669310193      2.3390669340464
16.8                 2.3390669310193      2.3390669334419
16.85                2.3390669310193      2.3390669329205
16.9                 2.3390669310193      2.3390669324742
16.95                2.3390669310193      2.3390669320963
17                   2.3390669310193      2.3390669317816
17.05                2.3390669310193      2.3390669315255
17.1                 2.3390669310193      2.3390669313245
17.15                2.3390669310193      2.3390669311757
17.2                 2.3390669310193      2.3390669310768
17.25                2.3390669310193      2.3390669310266
17.3                 2.3390669310193      2.3390669310241
17.35                2.3390669310193      2.3390669310694
17.4                 2.3390669310193      2.339066931163
17.45                2.3390669310193      2.3390669313061
17.5                 2.3390669310193      2.3390669315002
17.55                2.3390669310193      2.3390669317462
17.6                 2.3390669310193      2.3390669320432
17.65                2.3390669310193      2.3390669323904
17.7                 2.3390669310193      2.3390669327878
17.75                2.3390669310193      2.3390669332358
17.8                 2.3390669310193      2.3390669337349
17.85                2.3390669310193      2.3390669342856
17.9                 2.3390669310193      2.3390669348883
17.95                2.3390669310193      2.3390669355432
18                   2.3390669310193      2.3390669362501
18.05                2.3390669310193      2.3390669370084
18.1                 2.3390669310193      2.3390669378168
18.15                2.3390669310193      2.3390669386739
18.2                 2.3390669310193      2.3390669395776
18.25                2.3390669310193      2.3390669405257
18.3                 2.3390669310193      2.3390669415163
18.35                2.3390669310193      2.3390669425483
18.4                 2.3390669310193      2.3390669436224
18.45                2.3390669310193      2.3390669447427
18.5                 2.3390669310193      2.3390669459186
18.55                2.3390669310193      2.3390669471539
18.6                 2.3390669310193      2.339066948454
18.65                2.3390669310193      2.3390669498356
18.7                 2.3390669310193      2.3390669513133
18.75                2.3390669310193      2.3390669529
18.8                 2.3390669310193      2.3390669546084
18.85                2.3390669310193      2.3390669564503
18.9                 2.3390669310193      2.3390669584381
18.95                2.3390669310193      2.3390669605843
19                   2.3390669310193      2.3390669629022
19.05                2.3390669310193      2.3390669654057
19.1                 2.3390669310193      2.3390669681098
19.15                2.3390669310193      2.3390669710305
19.2                 2.3390669310193      2.339066974185
19.25                2.3390669310193      2.3390669775918
19.3                 2.3390669310193      2.3390669812712
19.35                2.3390669310193      2.3390669852446
19.4                 2.3390669310193      2.3390669895357
19.45                2.3390669310193      2.3390669941698
19.5                 2.3390669310193      2.3390669991744
19.55                2.3390669310193      2.3390670045793
19.6                 2.3390669310193      2.339067010417
19.65                2.3390669310193      2.3390670167227
19.7                 2.3390669310193      2.3390670235347
19.75                2.3390669310193      2.3390670308948
19.8                 2.3390669310193      2.339067038849
19.85                2.3390669310193      2.3390670474475
19.9                 2.3390669310193      2.3390670567461
19.95                2.3390669310193      2.3390670668071
20                   2.3390669310193      2.3390670777001
20.05                2.3390669310193      2.3390670895051
20.1                 2.3390669310193      2.3390671023141
20.15                2.3390669310193      2.3390671162362
20.2                 2.3390669310193      2.3390671314032
20.25                2.3390669310193      2.3390671479788
20.3                 2.3390669310193      2.339067166172
20.35                2.3390669310193      2.3390671862581
20.4                 2.3390669310193      2.3390672086099
20.45                2.3390669310193      2.3390672335128
20.5                 2.3390669310193      2.3390672613481
20.55                2.3390669310193      2.3390672927703
20.6                 2.3390669310193      2.339067328444
20.65                2.3390669310193      2.3390673690661
20.7                 2.3390669310193      2.3390674153877
20.75                2.3390669310193      2.3390674682348
20.8                 2.3390669310193      2.3390675285285
20.85                2.3390669310193      2.3390675973055
20.9                 2.3390669310193      2.3390676757387
20.95                2.3390669310193      2.3390677651537
21.002630398234      2.3390669310193      2.3390678729198
21.058029574601      2.3390669310193      2.3390680037943
21.116343188881      2.3390669310193      2.3390681640681
21.177724563722      2.3390669310193      2.3390683621844
21.242335087763      2.3390669310193      2.3390686096942
21.310344639971      2.3390669310193      2.3390689229167
21.3819320363        2.3390669310193      2.3390693269347
21.457285499847      2.3390669310193      2.3390698605686
21.536603155744      2.3390669310193      2.3390705597913
21.620093552081      2.3390669310193      2.3390714651639
21.707976208241      2.3390669310193      2.3390726469171
21.800482192072      2.3390669310193      2.3390742093238
21.897854727434      2.3390669310193      2.3390763056126
22.000349833698      2.3390669310193      2.3390791647391
22.108236998893      2.3390669310193      2.3390831372644
22.221799888265      2.3390669310193      2.339088777208
22.34133709011       2.3390669310193      2.3390969596577
22.467162900849      2.3390669310193      2.339109720047
22.599608151396      2.3390669310193      2.3391239230513
22.739021077007      2.3390669310193      2.3392067715628
22.885768232885      2.3390669310193      2.3390676074763
