x[nm]                 E_14[eV]              Psi^2_14_cb2[nm^-1/2]
7.1142317671146       3.0911484520155       3.0911504619949
7.260978922993        3.0911484520155       3.0919124873906
7.4003918486039       3.0911484520155       3.0913314195738
7.532837099151        3.0911484520155       3.091196073606
7.6586629098899       3.0911484520155       3.0911484855157
7.7782001117354       3.0911484520155       3.09119512236
7.891763001107        3.0911484520155       3.091322872452
7.9996501663019       3.0911484520155       3.0915230466774
8.1021452725658       3.0911484520155       3.091789289068
8.1995178079279       3.0911484520155       3.0921168004541
8.2920237917592       3.0911484520155       3.092501806659
8.3799064479186       3.0911484520155       3.0929411610591
8.4633968442558       3.0911484520155       3.093431955054
8.5427145001525       3.0911484520155       3.0939706917893
8.6180679636999       3.0911484520155       3.0945502941035
8.6896553600291       3.0911484520155       3.0951347915114
8.7576649122373       3.0911484520155       3.0957249627106
8.8222754362784       3.0911484520155       3.0963226966154
8.8836568111193       3.0911484520155       3.0969232792798
8.9419704253995       3.0911484520155       3.0975210761324
8.9973696017656       3.0911484520155       3.0981107265467
9.05                  3.0911484520155       3.098687489533
9.1                   3.0911484520155       3.0992473716944
9.15                  3.0911484520155       3.0998157072243
9.2                   3.0911484520155       3.1003891284178
9.25                  3.0911484520155       3.1009641726847
9.3                   3.0911484520155       3.1015374891155
9.35                  3.0911484520155       3.1021061371072
9.4                   3.0911484520155       3.1026680081062
9.45                  3.0911484520155       3.1032224110424
9.5                   3.0911484520155       3.1037708760681
9.55                  3.0911484520155       3.1043182527072
9.6                   3.0911484520155       3.1048742129515
9.65                  3.0911484520155       3.1054526957026
9.7                   3.0911484520155       3.1060542628277
9.75                  3.0911484520155       3.1066659481929
9.8                   3.0911484520155       3.10727804708
9.85                  3.0911484520155       3.1078831218676
9.9                   3.0911484520155       3.1084753290709
9.95                  3.0911484520155       3.1090499598757
10                    3.0911484520155       3.1096031251932
10.05                 3.0911484520155       3.1101315397149
10.1                  3.0911484520155       3.1106323742485
10.15                 3.0911484520155       3.1111031552925
10.2                  3.0911484520155       3.1115416973031
10.25                 3.0911484520155       3.1119460575438
10.3                  3.0911484520155       3.1123145064738
10.35                 3.0911484520155       3.1126455087563
10.4                  3.0911484520155       3.1129377114595
10.45                 3.0911484520155       3.1131899370543
10.5                  3.0911484520155       3.1134011795435
10.55                 3.0911484520155       3.113570602558
10.6                  3.0911484520155       3.1136975386139
10.65                 3.0911484520155       3.1137814889679
10.7                  3.0911484520155       3.1138221236824
10.75                 3.0911484520155       3.113819281631
10.8                  3.0911484520155       3.1137729702587
10.85                 3.0911484520155       3.1136833649709
10.9                  3.0911484520155       3.1135508080662
10.95                 3.0911484520155       3.1133758071563
11                    3.0911484520155       3.1131590330398
11.05                 3.0911484520155       3.1129013170077
11.1                  3.0911484520155       3.1126036475746
11.15                 3.0911484520155       3.112267166632
11.2                  3.0911484520155       3.1118931650328
11.25                 3.0911484520155       3.1114830776158
11.3                  3.0911484520155       3.1110384776855
11.35                 3.0911484520155       3.1105610709671
11.4                  3.0911484520155       3.1100526890558
11.45                 3.0911484520155       3.1095152823867
11.5                  3.0911484520155       3.1089509127494
11.55                 3.0911484520155       3.1083617453769
11.6                  3.0911484520155       3.1077500406377
11.65                 3.0911484520155       3.1071181453638
11.7                  3.0911484520155       3.1064684838468
11.75                 3.0911484520155       3.1058035485376
11.8                  3.0911484520155       3.1051258904836
11.85                 3.0911484520155       3.1044381095421
11.9                  3.0911484520155       3.103742844406
11.95                 3.0911484520155       3.1030427624804
12                    3.0911484520155       3.1023405496493
12.05                 3.0911484520155       3.1016388999716
12.1                  3.0911484520155       3.1009405053448
12.15                 3.0911484520155       3.1002480451779
12.2                  3.0911484520155       3.0995641761119
12.25                 3.0911484520155       3.0988915218274
12.3                  3.0911484520155       3.0982326629793
12.35                 3.0911484520155       3.0975901272954
12.4                  3.0911484520155       3.0969663798794
12.45                 3.0911484520155       3.0963638137532
12.5                  3.0911484520155       3.0957847406759
12.55                 3.0911484520155       3.0952313822752
12.6                  3.0911484520155       3.0947058615235
12.65                 3.0911484520155       3.0942101945936
12.7                  3.0911484520155       3.0937462831231
12.75                 3.0911484520155       3.0933159069193
12.8                  3.0911484520155       3.0929207171304
12.85                 3.0911484520155       3.0925622299112
12.9                  3.0911484520155       3.0922418206062
12.95                 3.0911484520155       3.0919607184729
13                    3.0911484520155       3.0917200019661
13.05                 3.0911484520155       3.0915205946001
13.1                  3.0911484520155       3.0913632614055
13.15                 3.0911484520155       3.0912486059944
13.2                  3.0911484520155       3.0911770682445
13.25                 3.0911484520155       3.0911489226112
13.3                  3.0911484520155       3.0911642770752
13.35                 3.0911484520155       3.0912230727274
13.4                  3.0911484520155       3.0913250839955
13.45                 3.0911484520155       3.091469919509
13.5                  3.0911484520155       3.0916570236007
13.55                 3.0911484520155       3.0918856784382
13.6                  3.0911484520155       3.0921550067781
13.65                 3.0911484520155       3.0924639753311
13.7                  3.0911484520155       3.092811398726
13.75                 3.0911484520155       3.0931959440577
13.8                  3.0911484520155       3.0936161360003
13.85                 3.0911484520155       3.0940703624674
13.9                  3.0911484520155       3.0945568807969
13.95                 3.0911484520155       3.0950738244372
14                    3.0911484520155       3.0956192101092
14.05                 3.0911484520155       3.0961909454172
14.1                  3.0911484520155       3.0967868368791
14.15                 3.0911484520155       3.0974045983476
14.2                  3.0911484520155       3.0980418597898
14.25                 3.0911484520155       3.0986961763945
14.3                  3.0911484520155       3.0993650379747
14.35                 3.0911484520155       3.1000458786344
14.4                  3.0911484520155       3.1007360866695
14.45                 3.0911484520155       3.1014330146749
14.5                  3.0911484520155       3.1021339898362
14.55                 3.0911484520155       3.1028363243902
14.6                  3.0911484520155       3.1035373262508
14.65                 3.0911484520155       3.1042343098142
14.7                  3.0911484520155       3.1049246069848
14.75                 3.0911484520155       3.1056055785026
14.8                  3.0911484520155       3.1062746257126
14.85                 3.0911484520155       3.1069292030065
14.9                  3.0911484520155       3.1075668312994
14.95                 3.0911484520155       3.1081851131002
15                    3.0911484520155       3.108781750028
15.05                 3.0911484520155       3.1093545640587
15.1                  3.0911484520155       3.1099015244278
15.15                 3.0911484520155       3.1104207830666
15.2                  3.0911484520155       3.1109107228542
15.25                 3.0911484520155       3.1113700250555
15.3                  3.0911484520155       3.111797765401
15.35                 3.0911484520155       3.1121935528551
15.4                  3.0911484520155       3.1125577319454
15.45                 3.0911484520155       3.1128916797405
15.5                  3.0911484520155       3.1131982439418
15.55                 3.0911484520155       3.1134823919621
15.6                  3.0911484520155       3.1137521770192
15.65                 3.0911484520155       3.1140201843037
15.7                  3.0911484520155       3.1143057127135
15.75                 3.0911484520155       3.1146246269086
15.8                  3.0911484520155       3.1149702934482
15.85                 3.0911484520155       3.115323534665
15.9                  3.0911484520155       3.1156721304022
15.95                 3.0911484520155       3.1160090556167
16                    3.0911484520155       3.1163311684911
16.05                 3.0911484520155       3.1166382232959
16.1                  3.0911484520155       3.1169321258043
16.15                 3.0911484520155       3.1172163745003
16.2                  3.0911484520155       3.1174956462949
16.25                 3.0911484520155       3.1177754951447
16.3                  3.0911484520155       3.1180621376989
16.35                 3.0911484520155       3.1183623019593
16.4                  3.0911484520155       3.1186831106537
16.45                 3.0911484520155       3.1190319532165
16.5                  3.0911484520155       3.1194162477734
16.55                 3.0911484520155       3.1198428452724
16.6                  3.0911484520155       3.1203163906915
16.65                 3.0911484520155       3.1208346043147
16.7                  3.0911484520155       3.1213739773958
16.75                 3.0911484520155       3.1219025391138
16.8                  3.0911484520155       3.1224436632017
16.85                 3.0911484520155       3.1230468811878
16.9                  3.0911484520155       3.1237342936579
16.95                 3.0911484520155       3.1245173032681
17                    3.0911484520155       3.1254033638102
17.05                 3.0911484520155       3.1263987037807
17.1                  3.0911484520155       3.1275094291864
17.15                 3.0911484520155       3.1287419630632
17.2                  3.0911484520155       3.1301031829328
17.25                 3.0911484520155       3.1316003420278
17.3                  3.0911484520155       3.1332406568366
17.35                 3.0911484520155       3.135030123738
17.4                  3.0911484520155       3.1369703879659
17.45                 3.0911484520155       3.1390506259833
17.5                  3.0911484520155       3.1412266681511
17.55                 3.0911484520155       3.1434073177452
17.6                  3.0911484520155       3.1455912211451
17.65                 3.0911484520155       3.1478451424014
17.7                  3.0911484520155       3.1501862947968
17.75                 3.0911484520155       3.1526133012332
17.8                  3.0911484520155       3.1551167360532
17.85                 3.0911484520155       3.1576829399166
17.9                  3.0911484520155       3.1602955072343
17.95                 3.0911484520155       3.1629359735778
18                    3.0911484520155       3.1655842865585
18.05                 3.0911484520155       3.168219320212
18.1                  3.0911484520155       3.1708195834566
18.15                 3.0911484520155       3.1733642438164
18.2                  3.0911484520155       3.1758345924273
18.25                 3.0911484520155       3.1782161000831
18.3                  3.0911484520155       3.1805012535205
18.35                 3.0911484520155       3.1826934197548
18.4                  3.0911484520155       3.184812074071
18.45                 3.0911484520155       3.1868998642283
18.5                  3.0911484520155       3.1890322070949
18.55                 3.0911484520155       3.1912855599805
18.6                  3.0911484520155       3.193639431208
18.65                 3.0911484520155       3.1960051591805
18.7                  3.0911484520155       3.1983193233645
18.75                 3.0911484520155       3.2005358800008
18.8                  3.0911484520155       3.202620885417
18.85                 3.0911484520155       3.2045489251489
18.9                  3.0911484520155       3.2063006855011
18.95                 3.0911484520155       3.2078612981661
19                    3.0911484520155       3.2092192111996
19.05                 3.0911484520155       3.2103654195087
19.1                  3.0911484520155       3.2112929411167
19.15                 3.0911484520155       3.2119964613021
19.2                  3.0911484520155       3.2124720911285
19.25                 3.0911484520155       3.2127172036253
19.3                  3.0911484520155       3.2127303224217
19.35                 3.0911484520155       3.2125110456114
19.4                  3.0911484520155       3.2120599931865
19.45                 3.0911484520155       3.2113787702786
19.5                  3.0911484520155       3.2104699412507
19.55                 3.0911484520155       3.2093370117686
19.6                  3.0911484520155       3.207984417654
19.65                 3.0911484520155       3.206417520798
19.7                  3.0911484520155       3.2046426139132
19.75                 3.0911484520155       3.2026669376159
19.8                  3.0911484520155       3.2004987154951
19.85                 3.0911484520155       3.1981472157231
19.9                  3.0911484520155       3.1956228517751
19.95                 3.0911484520155       3.1929373404735
20                    3.0911484520155       3.1901039435941
20.05                 3.0911484520155       3.1871378307317
20.1                  3.0911484520155       3.1840566175773
20.15                 3.0911484520155       3.1808811575667
20.2                  3.0911484520155       3.1776366997055
20.25                 3.0911484520155       3.1743545772764
20.3                  3.0911484520155       3.1710746714982
20.35                 3.0911484520155       3.1678490199737
20.4                  3.0911484520155       3.1647471482992
20.45                 3.0911484520155       3.1617660437995
20.5                  3.0911484520155       3.1588309649787
20.55                 3.0911484520155       3.1558900498391
20.6                  3.0911484520155       3.1529172948651
20.65                 3.0911484520155       3.1499044952892
20.7                  3.0911484520155       3.1468553567242
20.75                 3.0911484520155       3.1437811854457
20.8                  3.0911484520155       3.140697749245
20.85                 3.0911484520155       3.1376230160094
20.9                  3.0911484520155       3.1345755524626
20.95                 3.0911484520155       3.1315734165418
21.002630398234       3.0911484520155       3.1284807641522
21.058029574601       3.0911484520155       3.1253190082343
21.116343188881       3.0911484520155       3.122113570386
21.177724563722       3.0911484520155       3.1188931947521
21.242335087763       3.0911484520155       3.1156880943912
21.310344639971       3.0911484520155       3.1125235458904
21.3819320363         3.0911484520155       3.1093894207328
21.457285499847       3.0911484520155       3.1062815434789
21.536603155744       3.0911484520155       3.1033927909536
21.620093552081       3.0911484520155       3.1007611115064
21.707976208241       3.0911484520155       3.098405255571
21.800482192072       3.0911484520155       3.0963408193136
21.897854727434       3.0911484520155       3.0945846751998
22.000349833698       3.0911484520155       3.0931570606894
22.108236998893       3.0911484520155       3.0920837093412
22.221799888265       3.0911484520155       3.0913987024019
22.34133709011        3.0911484520155       3.0911486316466
22.467162900849       3.0911484520155       3.0914038030644
22.599608151396       3.0911484520155       3.0921295397411
22.739021077007       3.0911484520155       3.0952452751639
22.885768232885       3.0911484520155       3.0911592296971
