x[nm]                       Envelope_real_part[nm^-1/2] Envelope_imag_part[nm^-1/2]
7.1142317671146             -1.0835245461277e-17        1.0670697138634e-16
7.260978922993              3.2255014631444e-16         -5.4844460225792e-16
7.4003918486039             6.6743485738208e-16         1.4167792332087e-16
7.532837099151              -1.1666015375944e-16        3.5180953383675e-16
7.6586629098899             5.3602955407683e-16         1.6395856417245e-17
7.7782001117354             2.2638141361497e-16         7.2129683343803e-16
7.891763001107              -5.6898930012039e-16        5.2972294063855e-16
7.9996501663019             8.8123952579622e-16         4.0204567225142e-16
8.1021452725658             2.2343238370581e-15         -2.1697527349594e-16
8.1995178079279             3.1918911957973e-15         1.3966158088175e-16
8.2920237917592             3.6411845760753e-15         2.9846832806463e-16
8.3799064479186             2.9871938256321e-15         4.6338986824924e-16
8.4633968442558             3.0357660829594e-15         -2.6260158142256e-16
8.5427145001525             2.5188184871183e-15         -5.4315327227555e-16
8.6180679636999             2.2794266474335e-15         -9.998976134892e-16
8.6896553600291             1.9914625504214e-15         -1.4029076296281e-15
8.7576649122373             1.1414480471927e-15         -2.185826617717e-15
8.8222754362784             4.2327252813834e-16         -2.9610403385911e-15
8.8836568111193             -6.2450045135165e-17        -3.5937051758365e-15
8.9419704253995             -9.1593399531575e-16        -4.3467737569987e-15
8.9973696017656             -1.193489751472e-15         -5.1642172893131e-15
9.05                        -1.866562460151e-15         -5.6408263446591e-15
9.1                         -2.5326962749261e-15        -5.7236719584563e-15
9.15                        -3.0253577421036e-15        -5.9333035751013e-15
9.2                         -3.4763858458575e-15        -5.8278371657226e-15
9.25                        -4.1772141301522e-15        -5.9581197343177e-15
9.3                         -4.5033421436358e-15        -6.2008010534752e-15
9.35                        -4.787836793696e-15         -6.2802330609905e-15
9.4                         -5.4192761389515e-15        -6.3319157341471e-15
9.45                        -6.1409211049579e-15        -6.5064426302487e-15
9.5                         -6.7862382380213e-15        -6.344350560692e-15
9.55                        -7.5703332491628e-15        -6.4790279458923e-15
9.6                         -7.8409501114152e-15        -6.4263647467043e-15
9.65                        -7.9866668833972e-15        -6.3400780425425e-15
9.7                         -8.1948337005144e-15        -6.0991639261538e-15
9.75                        -8.1601392309949e-15        -5.8019018886952e-15
9.8                         -8.4238171993434e-15        -5.3231277550884e-15
9.85                        -8.5070839261903e-15        -4.4697648716243e-15
9.9                         -8.3683060481121e-15        -3.6982776035595e-15
9.95                        -8.4932061383824e-15        -3.1605901124576e-15
10                          -8.5209617139981e-15        -2.9374933168449e-15
10.05                       -8.8956619848091e-15        -2.8717164535073e-15
10.1                        -9.3397511946591e-15        -2.9253133587459e-15
10.15                       -9.9642516460108e-15        -3.0542113197293e-15
10.2                        -1.0588752097362e-14        -3.3567687225511e-15
10.25                       -1.1185496973098e-14        -3.6506372988042e-15
10.3                        -1.193489751472e-14         -3.9798819495777e-15
10.35                       -1.2878587085652e-14        -4.3313587752372e-15
10.4                        -1.3711254354121e-14        -4.5620139844394e-15
10.45                       -1.4613310561629e-14        -5.0407457333612e-15
10.5                        -1.5293322164212e-14        -4.93465506467e-15
10.55                       -1.5806800313101e-14        -4.3663291387186e-15
10.6                        -1.6223133947335e-14        -4.0574704740722e-15
10.65                       -1.6611712005954e-14        -3.7859999767429e-15
10.7                        -1.6861512186495e-14        -3.6642328879393e-15
10.75                       -1.7263968032921e-14        -3.357281945753e-15
10.8                        -1.7638668303732e-14        -3.0918542106344e-15
10.85                       -1.7694179454963e-14        -2.8381654231648e-15
10.9                        -1.765254609154e-14         -2.4603907114477e-15
10.95                       -1.809663530139e-14         -2.1078407240883e-15
11                          -1.8485213360009e-14        -1.7592187657711e-15
11.05                       -1.8512968935624e-14        -1.6532446642887e-15
11.1                        -1.8429702208778e-14        -1.3020325324412e-15
11.15                       -1.8485213360009e-14        -9.0489111664424e-16
11.2                        -1.8651746813703e-14        -6.4366464285902e-16
11.25                       -1.9081958235745e-14        -5.2239905725421e-16
11.3                        -1.9553803021211e-14        -3.9811049919512e-16
11.35                       -1.987299214079e-14         -5.020252135547e-17
11.4                        -2.0025647806676e-14        2.9867086617039e-16
11.45                       -2.00672811701e-14          6.9994693182153e-16
11.5                        -2.0518309273854e-14        1.200616027525e-15
11.55                       -2.0608514894604e-14        1.9169963871781e-15
11.6                        -2.0747292772683e-14        2.8247732965385e-15
11.65                       -2.0643209364124e-14        4.0737518987975e-15
11.7                        -2.0879131756857e-14        4.9372625494826e-15
11.75                       -2.1128931937398e-14        5.6375701613619e-15
11.8                        -2.1253832027668e-14        6.3615215738138e-15
11.85                       -2.1475876632593e-14        7.087728588098e-15
11.9                        -2.1739554600941e-14        7.9741342318622e-15
11.95                       -2.2121193765656e-14        8.7835673307046e-15
12                          -2.2107315977848e-14        9.4500631803199e-15
12.05                       -2.2530588505987e-14        9.9314108280895e-15
12.1                        -2.3106516700011e-14        1.0418824140287e-14
12.15                       -2.3630403189756e-14        1.1004727163371e-14
12.2                        -2.4088370187414e-14        1.1359574478793e-14
12.25                       -2.4317353686243e-14        1.1484856043978e-14
12.3                        -2.4379803731378e-14        1.1630550463742e-14
12.35                       -2.4577562207639e-14        1.1865632967701e-14
12.4                        -2.4594909442399e-14        1.2118075219229e-14
12.45                       -2.4247964747204e-14        1.2373666932845e-14
12.5                        -2.4199392489876e-14        1.2612670988413e-14
12.55                       -2.4208933468994e-14        1.2640621088237e-14
12.6                        -2.4421437094801e-14        1.2806707292674e-14
12.65                       -2.4540048812471e-14        1.2970619809908e-14
12.7                        -2.499129375666e-14         1.3286821665496e-14
12.75                       -2.5453597563008e-14        1.3585873463896e-14
12.8                        -2.5659162294911e-14        1.3869188032306e-14
12.85                       -2.6085036908263e-14        1.3959060008998e-14
12.9                        -2.6503105265974e-14        1.3910534003936e-14
12.95                       -2.7040869543526e-14        1.3905941912235e-14
13                          -2.7873536811995e-14        1.3931644158055e-14
13.05                       -2.8532731732867e-14        1.4121457380519e-14
13.1                        -2.9042740434804e-14        1.4499513764924e-14
13.15                       -2.919539610069e-14         1.4742909944254e-14
13.2                        -2.9028862646996e-14        1.4794206853918e-14
13.25                       -2.8914370897581e-14        1.4811254446531e-14
13.3                        -2.8810287489023e-14        1.4947857988899e-14
13.35                       -2.8373137173077e-14        1.5269008885721e-14
13.4                        -2.8366198279173e-14        1.5632211155903e-14
13.45                       -2.8282931552326e-14        1.6476932499229e-14
13.5                        -2.8151092568152e-14        1.7412209564812e-14
13.55                       -2.8151092568152e-14        1.8274838541962e-14
13.6                        -2.797068132665e-14         1.9069671387221e-14
13.65                       -2.7637614419262e-14        1.9878061272309e-14
13.7                        -2.7186586315509e-14        2.0552813025355e-14
13.75                       -2.6610658121484e-14        2.1034555495327e-14
13.8                        -2.5965340988421e-14        2.1588808942561e-14
13.85                       -2.5257573810222e-14        2.2042972072845e-14
13.9                        -2.4716340085718e-14        2.2268405106091e-14
13.95                       -2.4022450695327e-14        2.2589901700888e-14
14                          -2.3384072456167e-14        2.295485537755e-14
14.05                       -2.2759572004816e-14        2.3428002632824e-14
14.1                        -2.2107315977848e-14        2.3943566294375e-14
14.15                       -2.1885271372923e-14        2.4352955145269e-14
14.2                        -2.1441182163073e-14        2.4457378504667e-14
14.25                       -2.1163626406917e-14        2.4683988241512e-14
14.3                        -2.0622392682412e-14        2.4737717503468e-14
14.35                       -1.9942381079829e-14        2.4656617741713e-14
14.4                        -1.8998691508898e-14        2.4605014814732e-14
14.45                       -1.8346435481931e-14        2.4399357673773e-14
14.5                        -1.7888468484273e-14        2.4306056856957e-14
14.55                       -1.663946758157e-14         2.4138815115949e-14
14.6                        -1.5668022435023e-14        2.3973121882539e-14
14.65                       -1.4488410471358e-14        2.3915921247816e-14
14.7                        -1.358635426385e-14         2.3670627505961e-14
14.75                       -1.3086753902769e-14        2.3386647975862e-14
14.8                        -1.2601031329496e-14        2.3175530011084e-14
14.85                       -1.2101430968414e-14        2.2937160091603e-14
14.9                        -1.1560197243909e-14        2.2531037066464e-14
14.95                       -1.1324274851177e-14        2.243566282523e-14
15                          -1.0880185641327e-14        2.2144345672194e-14
15.05                       -1.0214051826551e-14        2.169987008665e-14
15.1                        -9.8948627069717e-15        2.1530007150477e-14
15.15                       -9.7144514654701e-15        2.1065634512793e-14
15.2                        -9.5895513751998e-15        2.0457920939751e-14
15.25                       -9.423017921506e-15         1.9553314951113e-14
15.3                        -8.978928711656e-15         1.8846747184311e-14
15.35                       -8.4654505627668e-15        1.8233030068891e-14
15.4                        -8.0213613529168e-15        1.7729017430703e-14
15.45                       -7.6882944455292e-15        1.731762913673e-14
15.5                        -7.1331829332166e-15        1.6888430257298e-14
15.55                       -6.7029715111744e-15        1.6620794733587e-14
15.6                        -6.4115379672103e-15        1.6493626249901e-14
15.65                       -6.1894933622852e-15        1.6322429149597e-14
15.7                        -6.210310043997e-15         1.601020803017e-14
15.75                       -6.3282712403634e-15        1.5613658384766e-14
15.8                        -6.3005156647478e-15        1.5425441081618e-14
15.85                       -6.7168492989822e-15        1.5370253511191e-14
15.9                        -7.0082828429463e-15        1.5155178044721e-14
15.95                       -7.3135941747182e-15        1.4897754558801e-14
16                          -7.6189055064901e-15        1.4704675044116e-14
16.05                       -7.931155732166e-15         1.4608226319178e-14
16.1                        -8.4862672444785e-15        1.4151341642818e-14
16.15                       -8.8887230909052e-15        1.3766367323012e-14
16.2                        -9.0275009689833e-15        1.355995139536e-14
16.25                       -9.4091401336982e-15        1.3087399264829e-14
16.3                        -9.645062526431e-15         1.2744322992149e-14
16.35                       -1.0109968417993e-14        1.2532259197069e-14
16.4                        -1.0529771499179e-14        1.2110137296088e-14
16.45                       -1.1057127435876e-14        1.1724082522868e-14
16.5                        -1.1071005223684e-14        1.1000613602764e-14
16.55                       -1.0914880110846e-14        1.0106687455526e-14
16.6                        -1.0616507672978e-14        9.6625839734377e-15
16.65                       -1.0526302052227e-14        9.3597612132312e-15
16.7                        -1.0172418463128e-14        8.9853907062939e-15
16.75                       -9.4854679666412e-15        9.2704142394753e-15
16.8                        -8.8956619848091e-15        9.4469211949498e-15
16.85                       -8.3093254499289e-15        1.0243667289616e-14
16.9                        -8.3683060481121e-15        1.0909558380038e-14
16.95                       -8.5001450322864e-15        1.1520015172076e-14
17                          -8.8956619848091e-15        1.2387974457306e-14
17.05                       -9.0587259915509e-15        1.2827365096468e-14
17.1                        -9.2044427635329e-15        1.307625183635e-14
17.15                       -9.2877094903798e-15        1.3572479149007e-14
17.2                        -9.1350538244939e-15        1.3900766584184e-14
17.25                       -8.6909646146438e-15        1.3892096755231e-14
17.3                        -8.5868812060852e-15        1.3835735730415e-14
17.35                       -8.4099394115356e-15        1.3760781995079e-14
17.4                        -8.0595252693882e-15        1.3492597477561e-14
17.45                       -7.6778861046733e-15        1.3454991186314e-14
17.5                        -7.3760442198534e-15        1.3263534631923e-14
17.55                       -6.5121519288169e-15        1.3073383735178e-14
17.6                        -5.7141791298676e-15        1.29598690496e-14
17.65                       -5.0931481254679e-15        1.2702793429746e-14
17.7                        -4.5206893783956e-15        1.2111983625687e-14
17.75                       -3.8961889270439e-15        1.1950081210082e-14
17.8                        -2.9386215683047e-15        1.1583076090567e-14
17.85                       -2.1475876632593e-15        1.1329046298787e-14
17.9                        -1.4155343563971e-15        1.0832740182422e-14
17.95                       -9.4368957093138e-16        1.0322642748137e-14
18                          -6.5919492087119e-16        9.9339049638229e-15
18.05                       -2.3592239273285e-16        9.3871764251282e-15
18.1                        -7.632783294298e-17         9.0535331522256e-15
18.15                       1.5265566588596e-16         8.6065839683276e-15
18.2                        -4.1633363423443e-17        8.6020984260431e-15
18.25                       -1.1102230246252e-16        8.7499173750997e-15
18.3                        -6.1062266354384e-16        9.0094669740566e-15
18.35                       -1.3392065234541e-15        9.2953939311509e-15
18.4                        -1.9845236565175e-15        9.4476571776031e-15
18.45                       -2.4563684419832e-15        9.4692373556994e-15
18.5                        -3.2820968165481e-15        9.4643103262125e-15
18.55                       -4.3159920082303e-15        9.381786517543e-15
18.6                        -5.2041704279304e-15        9.1463845022642e-15
18.65                       -6.0437765903032e-15        8.9400265878741e-15
18.7                        -6.7931771319252e-15        8.7243169958034e-15
18.75                       -7.3482886442378e-15        8.4683114308247e-15
18.8                        -7.9658502016855e-15        8.1581723324422e-15
18.85                       -8.5625950774215e-15        7.7382618692943e-15
18.9                        -9.0066842872716e-15        7.1042694441063e-15
18.95                       -9.0968899080224e-15        6.3633609782474e-15
19                          -8.9650509238481e-15        5.7936879288682e-15
19.05                       -8.9303564543286e-15        4.957476771458e-15
19.1                        -8.7707618945387e-15        4.2170617461657e-15
19.15                       -8.4030005176317e-15        3.5861451598236e-15
19.2                        -7.7715611723761e-15        3.0811390981177e-15
19.25                       -7.0915495697932e-15        2.7809139068244e-15
19.3                        -6.432354648922e-15         2.5775857011786e-15
19.35                       -5.6760152133961e-15        2.5072057702232e-15
19.4                        -4.9196757778702e-15        2.3072320395426e-15
19.45                       -4.0731307215935e-15        2.2307421742466e-15
19.5                        -3.2820968165481e-15        2.0649433083717e-15
19.55                       -2.3037127760972e-15        1.9714899991472e-15
19.6                        -1.5265566588596e-15        1.6383020234632e-15
19.65                       -6.5919492087119e-16        1.438708716796e-15
19.7                        4.1633363423443e-16         1.008535010154e-15
19.75                       1.1171619185291e-15         8.6325378028824e-16
19.8                        1.8041124150159e-15         8.7766253780848e-16
19.85                       2.3106516700011e-15         7.1552866440542e-16
19.9                        2.6645352591004e-15         6.8140579783272e-16
19.95                       2.6784130469082e-15         7.8845591296859e-16
20                          2.7339241981394e-15         1.0721706038382e-15
20.05                       2.6645352591004e-15         1.3599868950446e-15
20.1                        2.4910629115027e-15         1.5468498020781e-15
20.15                       3.0045410603918e-15         1.577033940669e-15
20.2                        3.219646771413e-15          1.5123348988426e-15
20.25                       3.4625080580497e-15         1.4949186655286e-15
20.3                        3.7955749654373e-15         1.5195877600689e-15
20.35                       3.6845526629747e-15         1.4414037319007e-15
20.4                        3.6984304507826e-15         1.465608526628e-15
20.45                       3.6082248300318e-15         1.7294873396495e-15
20.5                        3.5318969970888e-15         1.8339345123883e-15
20.55                       3.2057689836051e-15         2.0198765820907e-15
20.6                        3.0808688933348e-15         2.0932022228025e-15
20.65                       2.6853519408121e-15         2.3607281502572e-15
20.7                        2.6298407895808e-15         2.6295995626078e-15
20.75                       2.9420910152567e-15         2.9306009503229e-15
20.8                        3.0114799542957e-15         3.1785099095487e-15
20.85                       2.8727020762176e-15         3.142250306902e-15
20.9                        2.7755575615629e-15         3.1253773040346e-15
20.95                       2.7547408798512e-15         3.3122459732318e-15
21.002630398234             2.7165769633797e-15         3.0760923404743e-15
21.058029574601             2.7998436902266e-15         3.1744935366124e-15
21.116343188881             2.393918396848e-15          3.2974672274382e-15
21.177724563722             2.1024848528839e-15         3.3280816476308e-15
21.242335087763             1.9047263766225e-15         3.7500199088055e-15
21.310344639971             2.1597307275911e-15         3.9057710203153e-15
21.3819320363               1.9567680809018e-15         4.0197056225453e-15
21.457285499847             2.3488155864726e-15         4.0426656681878e-15
21.536603155744             3.2213814948889e-15         4.4340743877983e-15
21.620093552081             3.7660846663456e-15         4.6221526232909e-15
21.707976208241             3.8267999880048e-15         3.8772407037334e-15
21.800482192072             4.2700218361169e-15         4.333629218789e-15
21.897854727434             4.5458428687972e-15         4.244273113354e-15
22.000349833698             4.9231452248222e-15         3.7904564746479e-15
22.108236998893             5.2076398748824e-15         3.3203195872894e-15
22.221799888265             5.6135651682609e-15         3.1208517647916e-15
22.34133709011              4.938757736106e-15          2.7455084317279e-15
22.467162900849             3.8294020732188e-15         5.9888310782131e-16
22.599608151396             2.0417695312247e-15         5.9899171674299e-16
22.739021077007             1.7124973314409e-15         -1.1934521771058e-15
22.885768232885             -1.4717366865133e-16        2.528410288213e-16
