x[nm]                   E_12_real[eV]           Psi_12_x2_real[nm^-1/2] E_12_imag[eV]           Psi_12_x2_imag[nm^-1/2]
7.1142317671146         2.9525116792099         2.9521638156382         2.9525116792099         2.9532715560871
7.260978922993          2.9525116792099         2.9586886358375         2.9525116792099         2.9390186696065
7.4003918486039         2.9525116792099         2.9573615028743         2.9525116792099         2.9419176729339
7.532837099151          2.9525116792099         2.9573721846099         2.9525116792099         2.9418943396375
7.6586629098899         2.9525116792099         2.9572959250221         2.9525116792099         2.9420609218903
7.7782001117354         2.9525116792099         2.957297548742          2.9525116792099         2.9420573750193
7.891763001107          2.9525116792099         2.9573513273928         2.9525116792099         2.9419399003637
7.9996501663019         2.9525116792099         2.9574511215381         2.9525116792099         2.9417219089739
8.1021452725658         2.9525116792099         2.9575907730544         2.9525116792099         2.9414168527198
8.1995178079279         2.9525116792099         2.9577650843519         2.9525116792099         2.9410360852718
8.2920237917592         2.9525116792099         2.9579695702061         2.9525116792099         2.940589404202
8.3799064479186         2.9525116792099         2.9582003035314         2.9525116792099         2.9400853878778
8.4633968442558         2.9525116792099         2.9584537717591         2.9525116792099         2.9395317091915
8.5427145001525         2.9525116792099         2.9587266454155         2.9525116792099         2.9389356410809
8.6180679636999         2.9525116792099         2.9590151206732         2.9525116792099         2.938305492667
8.6896553600291         2.9525116792099         2.9593235439638         2.9525116792099         2.9376317695581
8.7576649122373         2.9525116792099         2.9596283236892         2.9525116792099         2.9369660054919
8.8222754362784         2.9525116792099         2.9599166402757         2.9525116792099         2.936336203681
8.8836568111193         2.9525116792099         2.960185106994          2.9525116792099         2.9357497621327
8.9419704253995         2.9525116792099         2.9604324104734         2.9525116792099         2.935209549788
8.9973696017656         2.9525116792099         2.9606579577434         2.9525116792099         2.934716861938
9.05                    2.9525116792099         2.9608615621942         2.9525116792099         2.9342721062151
9.1                     2.9525116792099         2.9610433540064         2.9525116792099         2.9338749982516
9.15                    2.9525116792099         2.9612119595321         2.9525116792099         2.9335066945521
9.2                     2.9525116792099         2.9613653744954         2.9525116792099         2.9331715732784
9.25                    2.9525116792099         2.9615016253657         2.9525116792099         2.9328739454315
9.3                     2.9525116792099         2.9616188755552         2.9525116792099         2.9326178228733
9.35                    2.9525116792099         2.9617155807079         2.9525116792099         2.9324065791117
9.4                     2.9525116792099         2.9617907070245         2.9525116792099         2.9322424723885
9.45                    2.9525116792099         2.9618440316084         2.9525116792099         2.9321259896015
9.5                     2.9525116792099         2.9618765499526         2.9525116792099         2.9320549561854
9.55                    2.9525116792099         2.9618910235012         2.9525116792099         2.9320233400122
9.6                     2.9525116792099         2.9618927103354         2.9525116792099         2.9320196552738
9.65                    2.9525116792099         2.9618748660738         2.9525116792099         2.932058634468
9.7                     2.9525116792099         2.9618313606025         2.9525116792099         2.9321536682813
9.75                    2.9525116792099         2.9617696383893         2.9525116792099         2.9322884949387
9.8                     2.9525116792099         2.9616947344017         2.9525116792099         2.9324521160041
9.85                    2.9525116792099         2.9616100571505         2.9525116792099         2.9326370858901
9.9                     2.9525116792099         2.9615179173829         2.9525116792099         2.9328383569763
9.95                    2.9525116792099         2.9614198850343         2.9525116792099         2.9330524998787
10                      2.9525116792099         2.9613170302216         2.9525116792099         2.933277177023
10.05                   2.9525116792099         2.961210085941          2.9525116792099         2.9335107872443
10.1                    2.9525116792099         2.9610995579032         2.9525116792099         2.9337522258629
10.15                   2.9525116792099         2.960985798677          2.9525116792099         2.9340007227239
10.2                    2.9525116792099         2.9608690577353         2.9525116792099         2.9342557328758
10.25                   2.9525116792099         2.960749515233          2.9525116792099         2.9345168627863
10.3                    2.9525116792099         2.9606273048013         2.9525116792099         2.9347838205501
10.35                   2.9525116792099         2.960502528927          2.9525116792099         2.9350563822938
10.4                    2.9525116792099         2.9603752693276         2.9525116792099         2.9353343695133
10.45                   2.9525116792099         2.9602455939464         2.9525116792099         2.9356176337919
10.5                    2.9525116792099         2.9601135616688         2.9525116792099         2.9359060465002
10.55                   2.9525116792099         2.959979225498          2.9525116792099         2.9361994918572
10.6                    2.9525116792099         2.9598426346933         2.9525116792099         2.9364978622605
10.65                   2.9525116792099         2.9597038362065         2.9525116792099         2.9368010551477
10.7                    2.9525116792099         2.9595628756467         2.9525116792099         2.9371089708905
10.75                   2.9525116792099         2.9594197979244         2.9525116792099         2.9374215113852
10.8                    2.9525116792099         2.9592746476825         2.9525116792099         2.9377385791139
10.85                   2.9525116792099         2.9591274695805         2.9525116792099         2.9380600765216
10.9                    2.9525116792099         2.9589783084818         2.9525116792099         2.9383859056084
10.95                   2.9525116792099         2.9588272095749         2.9525116792099         2.938715967664
11                      2.9525116792099         2.95867421845           2.9525116792099         2.9390501631008
11.05                   2.9525116792099         2.9585193811457         2.9525116792099         2.9393883913514
11.1                    2.9525116792099         2.9583627441757         2.9525116792099         2.9397305508106
11.15                   2.9525116792099         2.958204354542          2.9525116792099         2.9400765388073
11.2                    2.9525116792099         2.958044259738          2.9525116792099         2.9404262515959
11.25                   2.9525116792099         2.9578825077469         2.9525116792099         2.9407795843617
11.3                    2.9525116792099         2.9577191470346         2.9525116792099         2.9411364312352
11.35                   2.9525116792099         2.9575542265404         2.9525116792099         2.9414966853127
11.4                    2.9525116792099         2.957387795666          2.9525116792099         2.9418602386809
11.45                   2.9525116792099         2.9572199042622         2.9525116792099         2.9422269824447
11.5                    2.9525116792099         2.9570506026161         2.9525116792099         2.9425968067571
11.55                   2.9525116792099         2.9568799414361         2.9525116792099         2.9429696008496
11.6                    2.9525116792099         2.9567079718378         2.9525116792099         2.943345253065
11.65                   2.9525116792099         2.9565347453287         2.9525116792099         2.9437236508897
11.7                    2.9525116792099         2.956360313793          2.9525116792099         2.9441046809873
11.75                   2.9525116792099         2.9561847294761         2.9525116792099         2.9444882292322
11.8                    2.9525116792099         2.9560080449692         2.9525116792099         2.944874180744
11.85                   2.9525116792099         2.9558303131931         2.9525116792099         2.9452624199216
11.9                    2.9525116792099         2.9556515873829         2.9525116792099         2.945652830478
11.95                   2.9525116792099         2.9554719210713         2.9525116792099         2.9460452954755
12                      2.9525116792099         2.9552913680734         2.9525116792099         2.9464396973601
12.05                   2.9525116792099         2.9551099824697         2.9525116792099         2.9468359179976
12.1                    2.9525116792099         2.9549278185905         2.9525116792099         2.9472338387083
12.15                   2.9525116792099         2.9547449309993         2.9525116792099         2.9476333403032
12.2                    2.9525116792099         2.9545613744765         2.9525116792099         2.9480343031194
12.25                   2.9525116792099         2.954377204003          2.9525116792099         2.948436607056
12.3                    2.9525116792099         2.9541924747435         2.9525116792099         2.9488401316105
12.35                   2.9525116792099         2.9540072420305         2.9525116792099         2.9492447559144
12.4                    2.9525116792099         2.9538215613471         2.9525116792099         2.9496503587696
12.45                   2.9525116792099         2.9536354883106         2.9525116792099         2.950056818685
12.5                    2.9525116792099         2.953449078656          2.9525116792099         2.9504640139126
12.55                   2.9525116792099         2.9532623882191         2.9525116792099         2.9508718224841
12.6                    2.9525116792099         2.9530754729197         2.9525116792099         2.9512801222475
12.65                   2.9525116792099         2.9528883887452         2.9525116792099         2.9516887909035
12.7                    2.9525116792099         2.9527011917334         2.9525116792099         2.9520977060424
12.75                   2.9525116792099         2.9525139379561         2.9525116792099         2.9525067451807
12.8                    2.9525116792099         2.9523266835018         2.9525116792099         2.9529157857977
12.85                   2.9525116792099         2.9521394844593         2.9525116792099         2.9533247053724
12.9                    2.9525116792099         2.9519523969011         2.9525116792099         2.9537333814199
12.95                   2.9525116792099         2.9517654768658         2.9525116792099         2.9541416915285
13                      2.9525116792099         2.951578780342          2.9525116792099         2.9545495133962
13.05                   2.9525116792099         2.9513923632513         2.9525116792099         2.9549567248672
13.1                    2.9525116792099         2.9512062814316         2.9525116792099         2.9553632039688
13.15                   2.9525116792099         2.9510205906202         2.9525116792099         2.9557688289477
13.2                    2.9525116792099         2.9508353464371         2.9525116792099         2.9561734783068
13.25                   2.9525116792099         2.9506506043687         2.9525116792099         2.9565770308413
13.3                    2.9525116792099         2.9504664197507         2.9525116792099         2.9569793656755
13.35                   2.9525116792099         2.9502828477515         2.9525116792099         2.9573803622984
13.4                    2.9525116792099         2.9500999433561         2.9525116792099         2.9577799006006
13.45                   2.9525116792099         2.9499177613492         2.9525116792099         2.9581778609097
13.5                    2.9525116792099         2.9497363562988         2.9525116792099         2.9585741240268
13.55                   2.9525116792099         2.9495557825399         2.9525116792099         2.9589685712617
13.6                    2.9525116792099         2.9493760941584         2.9525116792099         2.959361084469
13.65                   2.9525116792099         2.9491973449744         2.9525116792099         2.9597515460833
13.7                    2.9525116792099         2.9490195885265         2.9525116792099         2.9601398391544
13.75                   2.9525116792099         2.9488428780556         2.9525116792099         2.9605258473822
13.8                    2.9525116792099         2.948667266489          2.9525116792099         2.9609094551518
13.85                   2.9525116792099         2.9484928064249         2.9525116792099         2.9612905475669
13.9                    2.9525116792099         2.948319550117          2.9525116792099         2.9616690104844
13.95                   2.9525116792099         2.9481475494592         2.9525116792099         2.9620447305465
14                      2.9525116792099         2.9479768559712         2.9525116792099         2.9624175952131
14.05                   2.9525116792099         2.9478075207844         2.9525116792099         2.9627874927919
14.1                    2.9525116792099         2.9476395946295         2.9525116792099         2.9631543124666
14.15                   2.9525116792099         2.9474731278243         2.9525116792099         2.9635179443223
14.2                    2.9525116792099         2.9473081702651         2.9525116792099         2.9638782793652
14.25                   2.9525116792099         2.9471447714198         2.9525116792099         2.9642352095366
14.3                    2.9525116792099         2.9469829803273         2.9525116792099         2.964588627716
14.35                   2.9525116792099         2.9468228456017         2.9525116792099         2.9649384277097
14.4                    2.9525116792099         2.9466644154492         2.9525116792099         2.9652845042161
14.45                   2.9525116792099         2.9465077376978         2.9525116792099         2.9656267527589
14.5                    2.9525116792099         2.9463528598514         2.9525116792099         2.96596506957
14.55                   2.9525116792099         2.9461998291763         2.9525116792099         2.9662993514005
14.6                    2.9525116792099         2.9460486928382         2.9525116792099         2.9666294952212
14.65                   2.9525116792099         2.9458994981121         2.9525116792099         2.9669553977641
14.7                    2.9525116792099         2.9457522927025         2.9525116792099         2.9672769548228
14.75                   2.9525116792099         2.9456071252256         2.9525116792099         2.9675940601998
14.8                    2.9525116792099         2.9454640459322         2.9525116792099         2.9679066041265
14.85                   2.9525116792099         2.945323107788          2.9525116792099         2.9682144709044
14.9                    2.9525116792099         2.9451843680823         2.9525116792099         2.9685175353896
14.95                   2.9525116792099         2.9450478908226         2.9525116792099         2.968815657764
15                      2.9525116792099         2.9449137502897         2.9525116792099         2.9691086757674
15.05                   2.9525116792099         2.9447820363174         2.9525116792099         2.9693963931662
15.1                    2.9525116792099         2.9446528621228         2.9525116792099         2.9696785626476
15.15                   2.9525116792099         2.944526375919          2.9525116792099         2.9699548604534
15.2                    2.9525116792099         2.9444027781291         2.9525116792099         2.970224848777
15.25                   2.9525116792099         2.9442823468989         2.9525116792099         2.9704879200343
15.3                    2.9525116792099         2.9441654759012         2.9525116792099         2.9707432142819
15.35                   2.9525116792099         2.9440527303484         2.9525116792099         2.9709894968638
15.4                    2.9525116792099         2.9439449299737         2.9525116792099         2.9712249771461
15.45                   2.9525116792099         2.9438432719569         2.9525116792099         2.9714470399969
15.5                    2.9525116792099         2.9437495130123         2.9525116792099         2.9716518480303
15.55                   2.9525116792099         2.9436662391018         2.9525116792099         2.9718337524441
15.6                    2.9525116792099         2.9435972649232         2.9525116792099         2.9719844203716
15.65                   2.9525116792099         2.9435482256037         2.9525116792099         2.9720915423817
15.7                    2.9525116792099         2.9435274530505         2.9525116792099         2.9721369181673
15.75                   2.9525116792099         2.9435280488791         2.9525116792099         2.972135616633
15.8                    2.9525116792099         2.9435425585453         2.9525116792099         2.9721039215642
15.85                   2.9525116792099         2.9435772946894         2.9525116792099         2.9720280435622
15.9                    2.9525116792099         2.9436357466623         2.9525116792099         2.9719003604525
15.95                   2.9525116792099         2.9437194023574         2.9525116792099         2.9717176220645
16                      2.9525116792099         2.9438283650083         2.9525116792099         2.9714796028935
16.05                   2.9525116792099         2.9439618133634         2.9525116792099         2.9711880968907
16.1                    2.9525116792099         2.9441183423176         2.9525116792099         2.970846173382
16.15                   2.9525116792099         2.9442962123888         2.9525116792099         2.970457632111
16.2                    2.9525116792099         2.9444935297053         2.9525116792099         2.970026610071
16.25                   2.9525116792099         2.9447083729093         2.9525116792099         2.9695573042966
16.3                    2.9525116792099         2.9449388790532         2.9525116792099         2.9690537842298
16.35                   2.9525116792099         2.9451832965863         2.9525116792099         2.9685198759769
16.4                    2.9525116792099         2.9454400088381         2.9525116792099         2.96795911101
16.45                   2.9525116792099         2.945707523678          2.9525116792099         2.967374748755
16.5                    2.9525116792099         2.9459844081441         2.9525116792099         2.9667699193891
16.55                   2.9525116792099         2.9462691033517         2.9525116792099         2.9661480281567
16.6                    2.9525116792099         2.9465594316095         2.9525116792099         2.9655138320296
16.65                   2.9525116792099         2.946851229987          2.9525116792099         2.9648764245574
16.7                    2.9525116792099         2.9471342974168         2.9525116792099         2.9642580890601
16.75                   2.9525116792099         2.9474079058473         2.9525116792099         2.9636604159011
16.8                    2.9525116792099         2.9476765769599         2.9525116792099         2.9630735278718
16.85                   2.9525116792099         2.9479373804328         2.9525116792099         2.962503825998
16.9                    2.9525116792099         2.9481894677743         2.9525116792099         2.9619531637343
16.95                   2.9525116792099         2.9484328112156         2.9525116792099         2.9614216017388
17                      2.9525116792099         2.9486676998442         2.9525116792099         2.9609085085259
17.05                   2.9525116792099         2.9488945382794         2.9525116792099         2.9604130002411
17.1                    2.9525116792099         2.9491137656403         2.9525116792099         2.9599341176676
17.15                   2.9525116792099         2.9493258209001         2.9525116792099         2.959470901908
17.2                    2.9525116792099         2.9495311225155         2.9525116792099         2.9590224388808
17.25                   2.9525116792099         2.949730043106          2.9525116792099         2.9585879146322
17.3                    2.9525116792099         2.94992285552           2.9525116792099         2.958166733149
17.35                   2.9525116792099         2.9501096008904         2.9525116792099         2.9577588045801
17.4                    2.9525116792099         2.9502897590566         2.9525116792099         2.9573652651702
17.45                   2.9525116792099         2.9504614237988         2.9525116792099         2.9569902788858
17.5                    2.9525116792099         2.9506192394755         2.9525116792099         2.9566455446469
17.55                   2.9525116792099         2.9507645470043         2.9525116792099         2.956328133339
17.6                    2.9525116792099         2.9509011863173         2.9525116792099         2.9560296569739
17.65                   2.9525116792099         2.9510277845216         2.9525116792099         2.9557531145129
17.7                    2.9525116792099         2.951144297459          2.9525116792099         2.9554986024161
17.75                   2.9525116792099         2.9512510588771         2.9525116792099         2.9552653916417
17.8                    2.9525116792099         2.951348470685          2.9525116792099         2.9550526042548
17.85                   2.9525116792099         2.9514369006088         2.9525116792099         2.9548594369908
17.9                    2.9525116792099         2.9515166519773         2.9525116792099         2.9546852272553
17.95                   2.9525116792099         2.9515879607017         2.9525116792099         2.9545294597209
18                      2.9525116792099         2.9516510039811         2.9525116792099         2.9543917473125
18.05                   2.9525116792099         2.9517059156125         2.9525116792099         2.9542717977622
18.1                    2.9525116792099         2.9517528067635         2.9525116792099         2.9541693682343
18.15                   2.9525116792099         2.9517917928453         2.9525116792099         2.9540842066237
18.2                    2.9525116792099         2.951823028167          2.9525116792099         2.9540159758555
18.25                   2.9525116792099         2.9518467509156         2.9525116792099         2.9539641556315
18.3                    2.9525116792099         2.9518633419273         2.9525116792099         2.9539279140497
18.35                   2.9525116792099         2.9518734018403         2.9525116792099         2.9539059390689
18.4                    2.9525116792099         2.951877852658          2.9525116792099         2.9538962166555
18.45                   2.9525116792099         2.9518780716068         2.9525116792099         2.9538957383814
18.5                    2.9525116792099         2.9518760676096         2.9525116792099         2.9539001159341
18.55                   2.9525116792099         2.9518704535457         2.9525116792099         2.9539123793549
18.6                    2.9525116792099         2.9518597412311         2.9525116792099         2.9539357794487
18.65                   2.9525116792099         2.9518456533794         2.9525116792099         2.9539665531013
18.7                    2.9525116792099         2.9518293550355         2.9525116792099         2.9540021553767
18.75                   2.9525116792099         2.9518116347082         2.9525116792099         2.9540408638476
18.8                    2.9525116792099         2.9517930266707         2.9525116792099         2.9540815114422
18.85                   2.9525116792099         2.9517738935355         2.9525116792099         2.9541233060658
18.9                    2.9525116792099         2.9517544820068         2.9525116792099         2.9541657088151
18.95                   2.9525116792099         2.9517349605225         2.9525116792099         2.9542083517525
19                      2.9525116792099         2.9517154446681         2.9525116792099         2.9542509823921
19.05                   2.9525116792099         2.9516960143344         2.9525116792099         2.954293426219
19.1                    2.9525116792099         2.9516767253031         2.9525116792099         2.9543355613838
19.15                   2.9525116792099         2.9516576170687         2.9525116792099         2.9543773016138
19.2                    2.9525116792099         2.9516387181231         2.9525116792099         2.9544185846711
19.25                   2.9525116792099         2.9516200495284         2.9525116792099         2.9544593645475
19.3                    2.9525116792099         2.9516016273367         2.9525116792099         2.9544996061785
19.35                   2.9525116792099         2.9515834642372         2.9525116792099         2.9545392818457
19.4                    2.9525116792099         2.9515655706878         2.9525116792099         2.9545783687049
19.45                   2.9525116792099         2.9515479557094         2.9525116792099         2.9546168470507
19.5                    2.9525116792099         2.9515306274673         2.9525116792099         2.9546546990466
19.55                   2.9525116792099         2.9515135937319         2.9525116792099         2.954691907719
19.6                    2.9525116792099         2.9514968622904         2.9525116792099         2.9547284560572
19.65                   2.9525116792099         2.9514804413759         2.9525116792099         2.9547643260773
19.7                    2.9525116792099         2.9514643401794         2.9525116792099         2.9547994977016
19.75                   2.9525116792099         2.9514485695286         2.9525116792099         2.9548339472787
19.8                    2.9525116792099         2.9514331428363         2.9525116792099         2.9548676455089
19.85                   2.9525116792099         2.9514180774716         2.9525116792099         2.9549005544514
19.9                    2.9525116792099         2.951403396765          2.9525116792099         2.9549326231427
19.95                   2.9525116792099         2.9513891329646         2.9525116792099         2.9549637811397
20                      2.9525116792099         2.9513753316044         2.9525116792099         2.9549939289775
20.05                   2.9525116792099         2.9513620579692         2.9525116792099         2.9550229240469
20.1                    2.9525116792099         2.9513494066677         2.9525116792099         2.9550505596842
20.15                   2.9525116792099         2.951337515809          2.9525116792099         2.955076534202
20.2                    2.9525116792099         2.9513265880016         2.9525116792099         2.9551004050207
20.25                   2.9525116792099         2.9513169214546         2.9525116792099         2.9551215207284
20.3                    2.9525116792099         2.9513089560448         2.9525116792099         2.9551389204542
20.35                   2.9525116792099         2.9513033415451         2.9525116792099         2.9551511848268
20.4                    2.9525116792099         2.9513010386791         2.9525116792099         2.9551562152318
20.45                   2.9525116792099         2.9513012563429         2.9525116792099         2.9551557397647
20.5                    2.9525116792099         2.9513031241607         2.9525116792099         2.9551516596837
20.55                   2.9525116792099         2.9513073206981         2.9525116792099         2.9551424927227
20.6                    2.9525116792099         2.951314202325          2.9525116792099         2.955127460424
20.65                   2.9525116792099         2.9513238975114         2.9525116792099         2.955106282156
20.7                    2.9525116792099         2.9513363774917         2.9525116792099         2.9550790207546
20.75                   2.9525116792099         2.9513515088518         2.9525116792099         2.9550459676509
20.8                    2.9525116792099         2.9513690922893         2.9525116792099         2.9550075582035
20.85                   2.9525116792099         2.9513888907885         2.9525116792099         2.9549643101518
20.9                    2.9525116792099         2.9514106496612         2.9525116792099         2.9549167798394
20.95                   2.9525116792099         2.9514341102513         2.9525116792099         2.9548655322773
21.002630398234         2.9525116792099         2.9514603858065         2.9525116792099         2.9548081356759
21.058029574601         2.9525116792099         2.9514894931266         2.9525116792099         2.9547445533369
21.116343188881         2.9525116792099         2.9515214081293         2.9525116792099         2.9546748378664
21.177724563722         2.9525116792099         2.9515560542905         2.9525116792099         2.9545991564243
21.242335087763         2.9525116792099         2.9515932621169         2.9525116792099         2.9545178792533
21.310344639971         2.9525116792099         2.9516325945445         2.9525116792099         2.9544319610812
21.3819320363           2.9525116792099         2.9516723971816         2.9525116792099         2.9543450157783
21.457285499847         2.9525116792099         2.9517096254857         2.9525116792099         2.9542636938757
21.536603155744         2.9525116792099         2.9517448403724         2.9525116792099         2.9541867701035
21.620093552081         2.9525116792099         2.9517775509501         2.9525116792099         2.9541153167705
21.707976208241         2.9525116792099         2.9518073275436         2.9525116792099         2.9540502724637
21.800482192072         2.9525116792099         2.9518337168489         2.9525116792099         2.9539926273853
21.897854727434         2.9525116792099         2.9518562120678         2.9525116792099         2.9539434885905
22.000349833698         2.9525116792099         2.9518742343731         2.9525116792099         2.9539041204755
22.108236998893         2.9525116792099         2.9518871130056         2.9525116792099         2.953875988254
22.221799888265         2.9525116792099         2.9518940532472         2.9525116792099         2.9538608279165
22.34133709011          2.9525116792099         2.9518942627915         2.9525116792099         2.9538603701858
22.467162900849         2.9525116792099         2.9518844213403         2.9525116792099         2.9538818679562
22.599608151396         2.9525116792099         2.9518857998395         2.9525116792099         2.953878856748
22.739021077007         2.9525116792099         2.9517145306963         2.9525116792099         2.9542529788817
22.885768232885         2.9525116792099         2.9525565716943         2.9525116792099         2.9524136155906
