x[nm]                   E_6_real[eV]            Psi_6_hh2_real[nm^-1/2] E_6_imag[eV]            Psi_6_hh2_imag[nm^-1/2]
7.1142317671146         1.4437721218703         1.4437099250614         1.4437721218703         1.4437778141857
7.260978922993          1.4437721218703         1.4423711067464         1.4437721218703         1.4439003442043
7.4003918486039         1.4437721218703         1.4410201873677         1.4437721218703         1.4440239817246
7.532837099151          1.4437721218703         1.4395967094122         1.4437721218703         1.4441542598798
7.6586629098899         1.4437721218703         1.4380525563114         1.4437721218703         1.4442955823476
7.7782001117354         1.4437721218703         1.4363484289484         1.4437721218703         1.4444515458231
7.891763001107          1.4437721218703         1.4344516634958         1.4437721218703         1.4446251397331
7.9996501663019         1.4437721218703         1.4323349000884         1.4437721218703         1.4448188680805
8.1021452725658         1.4437721218703         1.429975288383          1.4437721218703         1.445034822152
8.1995178079279         1.4437721218703         1.4273540259635         1.4437721218703         1.4452747227639
8.2920237917592         1.4437721218703         1.4244560953684         1.4437721218703         1.4455399443296
8.3799064479186         1.4437721218703         1.4212701108506         1.4437721218703         1.4458315288843
8.4633968442558         1.4437721218703         1.4177882161156         1.4437721218703         1.4461501954441
8.5427145001525         1.4437721218703         1.4140059947854         1.4437721218703         1.4464963482003
8.6180679636999         1.4437721218703         1.4099223695779         1.4437721218703         1.4468700857471
8.6896553600291         1.4437721218703         1.4055921768839         1.4437721218703         1.4472663894018
8.7576649122373         1.4437721218703         1.4010697391906         1.4437721218703         1.4476802875151
8.8222754362784         1.4437721218703         1.3964006101372         1.4437721218703         1.4481076109714
8.8836568111193         1.4437721218703         1.391628573019          1.4437721218703         1.4485443526788
8.9419704253995         1.4437721218703         1.3867950031387         1.4437721218703         1.4489867259274
8.9973696017656         1.4437721218703         1.3819383248942         1.4437721218703         1.449431214077
9.05                    1.4437721218703         1.3770935971806         1.4437721218703         1.4498746085019
9.1                     1.4437721218703         1.3722922373725         1.4437721218703         1.4503140338518
9.15                    1.4437721218703         1.367309116674          1.4437721218703         1.4507700941439
9.2                     1.4437721218703         1.3621580315721         1.4437721218703         1.4512415267096
9.25                    1.4437721218703         1.3568554592568         1.4437721218703         1.4517268235397
9.3                     1.4437721218703         1.3514206799683         1.4437721218703         1.4522242200869
9.35                    1.4437721218703         1.3458758773321         1.4437721218703         1.4527316860832
9.4                     1.4437721218703         1.340246213129          1.4437721218703         1.4532469186967
9.45                    1.4437721218703         1.3345598729061         1.4437721218703         1.4537673383574
9.5                     1.4437721218703         1.3288480788508         1.4437721218703         1.4542900875788
9.55                    1.4437721218703         1.323145066435          1.4437721218703         1.4548120330955
9.6                     1.4437721218703         1.3174880214848         1.4437721218703         1.455329771623
9.65                    1.4437721218703         1.3118870089621         1.4437721218703         1.4558423820054
9.7                     1.4437721218703         1.3063340908834         1.4437721218703         1.4563505907353
9.75                    1.4437721218703         1.3008312922271         1.4437721218703         1.4568542124845
9.8                     1.4437721218703         1.2953806196947         1.4437721218703         1.4573530635976
9.85                    1.4437721218703         1.2899840609788         1.4437721218703         1.457846962159
9.9                     1.4437721218703         1.2846435840383         1.4437721218703         1.4583357280591
9.95                    1.4437721218703         1.2793611363809         1.4437721218703         1.4588191830599
10                      1.4437721218703         1.2741386443528         1.4437721218703         1.4592971508604
10.05                   1.4437721218703         1.2689780124362         1.4437721218703         1.4597694571604
10.1                    1.4437721218703         1.2638811225548         1.4437721218703         1.4602359297242
10.15                   1.4437721218703         1.2588498333876         1.4437721218703         1.4606963984437
10.2                    1.4437721218703         1.253885979691          1.4437721218703         1.4611506954001
10.25                   1.4437721218703         1.2489913716297         1.4437721218703         1.4615986549253
10.3                    1.4437721218703         1.2441677941167         1.4437721218703         1.4620401136623
10.35                   1.4437721218703         1.2394170061624         1.4437721218703         1.4624749106245
10.4                    1.4437721218703         1.2347407402331         1.4437721218703         1.4629028872549
10.45                   1.4437721218703         1.2301407016191         1.4437721218703         1.4633238874837
10.5                    1.4437721218703         1.2256185678129         1.4437721218703         1.4637377577849
10.55                   1.4437721218703         1.2211759878977         1.4437721218703         1.4641443472329
10.6                    1.4437721218703         1.2168145819457         1.4437721218703         1.4645435075568
10.65                   1.4437721218703         1.2125359404275         1.4437721218703         1.4649350931954
10.7                    1.4437721218703         1.2083416236321         1.4437721218703         1.4653189613492
10.75                   1.4437721218703         1.2042331610978         1.4437721218703         1.4656949720334
10.8                    1.4437721218703         1.2002120510545         1.4437721218703         1.4660629881285
10.85                   1.4437721218703         1.1962797598774         1.4437721218703         1.4664228754303
10.9                    1.4437721218703         1.192437721552          1.4437721218703         1.4667745026991
10.95                   1.4437721218703         1.1886873371517         1.4437721218703         1.467117741707
11                      1.4437721218703         1.1850299743261         1.4437721218703         1.4674524672855
11.05                   1.4437721218703         1.1814669668031         1.4437721218703         1.4677785573704
11.1                    1.4437721218703         1.177999613902          1.4437721218703         1.4680958930467
11.15                   1.4437721218703         1.1746291800595         1.4437721218703         1.4684043585918
11.2                    1.4437721218703         1.1713568943694         1.4437721218703         1.4687038415179
11.25                   1.4437721218703         1.1681839501335         1.4437721218703         1.4689942326127
11.3                    1.4437721218703         1.165111504427          1.4437721218703         1.4692754259795
11.35                   1.4437721218703         1.1621406776764         1.4437721218703         1.4695473190757
11.4                    1.4437721218703         1.1592725532508         1.4437721218703         1.4698098127503
11.45                   1.4437721218703         1.1565081770669         1.4437721218703         1.47006281128
11.5                    1.4437721218703         1.1538485572077         1.4437721218703         1.4703062224039
11.55                   1.4437721218703         1.1512946635548         1.4437721218703         1.4705399573575
11.6                    1.4437721218703         1.1488474274346         1.4437721218703         1.4707639309049
11.65                   1.4437721218703         1.1465077412788         1.4437721218703         1.4709780613698
11.7                    1.4437721218703         1.1442764582991         1.4437721218703         1.4711822706653
11.75                   1.4437721218703         1.1421543921757         1.4437721218703         1.4713764843227
11.8                    1.4437721218703         1.1401423167609         1.4437721218703         1.4715606315182
11.85                   1.4437721218703         1.1382409657966         1.4437721218703         1.471734645099
11.9                    1.4437721218703         1.1364510326471         1.4437721218703         1.4718984616076
11.95                   1.4437721218703         1.134773170046          1.4437721218703         1.4720520213053
12                      1.4437721218703         1.133207989858          1.4437721218703         1.4721952681935
12.05                   1.4437721218703         1.1317560628564         1.4437721218703         1.4723281500346
12.1                    1.4437721218703         1.1304179185142         1.4437721218703         1.4724506183705
12.15                   1.4437721218703         1.1291940448114         1.4437721218703         1.4725626285408
12.2                    1.4437721218703         1.1280848880573         1.4437721218703         1.472664139699
12.25                   1.4437721218703         1.1270908527271         1.4437721218703         1.4727551148269
12.3                    1.4437721218703         1.1262123013149         1.4437721218703         1.4728355207488
12.35                   1.4437721218703         1.1254495542014         1.4437721218703         1.4729053281431
12.4                    1.4437721218703         1.1248028895371         1.4437721218703         1.4729645115531
12.45                   1.4437721218703         1.1242725431407         1.4437721218703         1.4730130493966
12.5                    1.4437721218703         1.1238587084131         1.4437721218703         1.4730509239733
12.55                   1.4437721218703         1.1235615362671         1.4437721218703         1.4730781214713
12.6                    1.4437721218703         1.1233811350724         1.4437721218703         1.4730946319728
12.65                   1.4437721218703         1.1233175706156         1.4437721218703         1.4731004494568
12.7                    1.4437721218703         1.1233708660768         1.4437721218703         1.4730955718018
12.75                   1.4437721218703         1.1235410020208         1.4437721218703         1.4730800007865
12.8                    1.4437721218703         1.1238279164042         1.4437721218703         1.4730537420894
12.85                   1.4437721218703         1.1242315045981         1.4437721218703         1.4730168052859
12.9                    1.4437721218703         1.1247516194264         1.4437721218703         1.472969203846
12.95                   1.4437721218703         1.1253880712192         1.4437721218703         1.4729109551284
13                      1.4437721218703         1.126140627882          1.4437721218703         1.4728420803746
13.05                   1.4437721218703         1.1270090149807         1.4437721218703         1.472762604701
13.1                    1.4437721218703         1.1279929158411         1.4437721218703         1.4726725570901
13.15                   1.4437721218703         1.1290919716649         1.4437721218703         1.4725719703794
13.2                    1.4437721218703         1.1303057816603         1.4437721218703         1.4724608812498
13.25                   1.4437721218703         1.131633903188          1.4437721218703         1.4723393302121
13.3                    1.4437721218703         1.1330758519229         1.4437721218703         1.4722073615922
13.35                   1.4437721218703         1.1346311020308         1.4437721218703         1.4720650235151
13.4                    1.4437721218703         1.1362990863598         1.4437721218703         1.471912367887
13.45                   1.4437721218703         1.1380791966472         1.4437721218703         1.4717494503767
13.5                    1.4437721218703         1.1399707837417         1.4437721218703         1.4715763303952
13.55                   1.4437721218703         1.1419731578395         1.4437721218703         1.4713930710742
13.6                    1.4437721218703         1.1440855887365         1.4437721218703         1.4711997392425
13.65                   1.4437721218703         1.146307306094          1.4437721218703         1.4709964054025
13.7                    1.4437721218703         1.1486374997201         1.4437721218703         1.4707831437036
13.75                   1.4437721218703         1.1510753198649         1.4437721218703         1.470560031916
13.8                    1.4437721218703         1.1536198775303         1.4437721218703         1.4703271514014
13.85                   1.4437721218703         1.1562702447943         1.4437721218703         1.4700845870845
13.9                    1.4437721218703         1.1590254551497         1.4437721218703         1.4698324274208
13.95                   1.4437721218703         1.1618845038559         1.4437721218703         1.4695707643652
14                      1.4437721218703         1.1648463483058         1.4437721218703         1.4692996933383
14.05                   1.4437721218703         1.1679099084059         1.4437721218703         1.4690193131913
14.1                    1.4437721218703         1.1710740669699         1.4437721218703         1.4687297261702
14.15                   1.4437721218703         1.1743376701266         1.4437721218703         1.4684310378784
14.2                    1.4437721218703         1.1776995277403         1.4437721218703         1.4681233572385
14.25                   1.4437721218703         1.181158413845          1.4437721218703         1.4678067964521
14.3                    1.4437721218703         1.1847130670913         1.4437721218703         1.4674814709591
14.35                   1.4437721218703         1.1883621912064         1.4437721218703         1.4671474993958
14.4                    1.4437721218703         1.192104455467          1.4437721218703         1.4668050035513
14.45                   1.4437721218703         1.1959384951846         1.4437721218703         1.4664541083233
14.5                    1.4437721218703         1.1998629122027         1.4437721218703         1.4660949416726
14.55                   1.4437721218703         1.2038762754071         1.4437721218703         1.4657276345761
14.6                    1.4437721218703         1.2079771212478         1.4437721218703         1.4653523209794
14.65                   1.4437721218703         1.2121639542724         1.4437721218703         1.4649691377479
14.7                    1.4437721218703         1.2164352476716         1.4437721218703         1.4645782246168
14.75                   1.4437721218703         1.2207894438362         1.4437721218703         1.4641797241399
14.8                    1.4437721218703         1.2252249549248         1.4437721218703         1.4637737816382
14.85                   1.4437721218703         1.2297401634429         1.4437721218703         1.4633605451464
14.9                    1.4437721218703         1.2343334228327         1.4437721218703         1.4629401653591
14.95                   1.4437721218703         1.239003058074          1.4437721218703         1.462512795576
15                      1.4437721218703         1.2437473662944         1.4437721218703         1.4620785916457
15.05                   1.4437721218703         1.2485646173905         1.4437721218703         1.4616377119089
15.1                    1.4437721218703         1.2534530546591         1.4437721218703         1.4611903171409
15.15                   1.4437721218703         1.2584108954375         1.4437721218703         1.4607365704929
15.2                    1.4437721218703         1.2634363317537         1.4437721218703         1.4602766374323
15.25                   1.4437721218703         1.2685275309856         1.4437721218703         1.4598106856825
15.3                    1.4437721218703         1.2736826365294         1.4437721218703         1.4593388851618
15.35                   1.4437721218703         1.2788997684767         1.4437721218703         1.4588614079214
15.4                    1.4437721218703         1.2841770243            1.4437721218703         1.4583784280825
15.45                   1.4437721218703         1.2895124795463         1.4437721218703         1.457890121773
15.5                    1.4437721218703         1.2949041885394         1.4437721218703         1.4573966670632
15.55                   1.4437721218703         1.3003501850887         1.4437721218703         1.4568982439008
15.6                    1.4437721218703         1.3058484832068         1.4437721218703         1.4563950340455
15.65                   1.4437721218703         1.3113970778336         1.4437721218703         1.4558872210024
15.7                    1.4437721218703         1.3169939455672         1.4437721218703         1.4553749899552
15.75                   1.4437721218703         1.3226469719122         1.4437721218703         1.4548576192146
15.8                    1.4437721218703         1.3283459586273         1.4437721218703         1.4543360421341
15.85                   1.4437721218703         1.3340535556799         1.4437721218703         1.4538136770267
15.9                    1.4437721218703         1.3397353570378         1.4437721218703         1.4532936727676
15.95                   1.4437721218703         1.3453599630804         1.4437721218703         1.4527789030821
16                      1.4437721218703         1.3508990031783         1.4437721218703         1.4522719644792
16.05                   1.4437721218703         1.3563271217627         1.4437721218703         1.4517751775264
16.1                    1.4437721218703         1.3616219313495         1.4437721218703         1.4512905911491
16.15                   1.4437721218703         1.366763936064          1.4437721218703         1.4508199896297
16.2                    1.4437721218703         1.3717364292222         1.4437721218703         1.450364901981
16.25                   1.4437721218703         1.3765253684781         1.4437721218703         1.4499266133727
16.3                    1.4437721218703         1.381119231943          1.4437721218703         1.4495061782999
16.35                   1.4437721218703         1.3855088585345         1.4437721218703         1.4491044351942
16.4                    1.4437721218703         1.3896872756147         1.4437721218703         1.4487220221985
16.45                   1.4437721218703         1.3936495167497         1.4437721218703         1.448359393846
16.5                    1.4437721218703         1.3973924321543         1.4437721218703         1.4480168384081
16.55                   1.4437721218703         1.4009144940958         1.4437721218703         1.4476944957046
16.6                    1.4437721218703         1.4042155992115         1.4437721218703         1.4473923751953
16.65                   1.4437721218703         1.4072968693549         1.4437721218703         1.4471103742071
16.7                    1.4437721218703         1.4101604522289         1.4437721218703         1.4468482961799
16.75                   1.4437721218703         1.4128014835768         1.4437721218703         1.4466065862955
16.8                    1.4437721218703         1.415223604598          1.4437721218703         1.4463849113076
16.85                   1.4437721218703         1.4174439356148         1.4437721218703         1.4461817043469
16.9                    1.4437721218703         1.4194781706332         1.4437721218703         1.4459955290819
16.95                   1.4437721218703         1.4213406882736         1.4437721218703         1.4458250695665
17                      1.4437721218703         1.4230446534035         1.4437721218703         1.4456691209388
17.05                   1.4437721218703         1.4246021101905         1.4437721218703         1.4455265809041
17.1                    1.4437721218703         1.4260240672349         1.4437721218703         1.4453964419441
17.15                   1.4437721218703         1.4273205753815         1.4437721218703         1.4452777841953
17.2                    1.4437721218703         1.4285007987625         1.4437721218703         1.445169768947
17.25                   1.4437721218703         1.4295730795722         1.4437721218703         1.4450716327129
17.3                    1.4437721218703         1.4305449970327         1.4437721218703         1.444982681835
17.35                   1.4437721218703         1.4314234209659         1.4437721218703         1.4449022875801
17.4                    1.4437721218703         1.4322145603515         1.4437721218703         1.4448298816961
17.45                   1.4437721218703         1.4329240072146         1.4437721218703         1.4447649523951
17.5                    1.4437721218703         1.4335567761513         1.4437721218703         1.4447070407362
17.55                   1.4437721218703         1.4341159770762         1.4437721218703         1.4446558620968
17.6                    1.4437721218703         1.4346067555444         1.4437721218703         1.4446109455506
17.65                   1.4437721218703         1.4350368063533         1.4437721218703         1.4445715868616
17.7                    1.4437721218703         1.4354129300124         1.4437721218703         1.4445371636405
17.75                   1.4437721218703         1.4357411636664         1.4437721218703         1.4445071233614
17.8                    1.4437721218703         1.4360268932858         1.4437721218703         1.4444809730951
17.85                   1.4437721218703         1.4362749498789         1.4437721218703         1.4444582707025
17.9                    1.4437721218703         1.4364896920244         1.4437721218703         1.4444386172822
17.95                   1.4437721218703         1.4366750766465         1.4437721218703         1.4444216506923
18                      1.4437721218703         1.4368347196379         1.4437721218703         1.4444070400028
18.05                   1.4437721218703         1.4369719476718         1.4437721218703         1.4443944807531
18.1                    1.4437721218703         1.4370898423275         1.4437721218703         1.4443836909139
18.15                   1.4437721218703         1.4371912774689         1.4437721218703         1.4443744074662
18.2                    1.4437721218703         1.4372789506648         1.4437721218703         1.4443663835259
18.25                   1.4437721218703         1.4373554093147         1.4437721218703         1.4443593859522
18.3                    1.4437721218703         1.4374230720392         1.4437721218703         1.4443531933906
18.35                   1.4437721218703         1.4374842458106         1.4437721218703         1.4443475947046
18.4                    1.4437721218703         1.4375411392291         1.4437721218703         1.4443423877609
18.45                   1.4437721218703         1.4375958722973         1.4437721218703         1.4443373785346
18.5                    1.4437721218703         1.4376504829994         1.4437721218703         1.4443323805074
18.55                   1.4437721218703         1.4377066399811         1.4437721218703         1.4443272409631
18.6                    1.4437721218703         1.4377650088574         1.4437721218703         1.444321898984
18.65                   1.4437721218703         1.4378255683431         1.4437721218703         1.4443163565181
18.7                    1.4437721218703         1.437888296354          1.4437721218703         1.4443106155865
18.75                   1.4437721218703         1.4379531700151         1.4437721218703         1.4443046782828
18.8                    1.4437721218703         1.4380201656689         1.4437721218703         1.4442985467722
18.85                   1.4437721218703         1.4380892588842         1.4437721218703         1.4442922232906
18.9                    1.4437721218703         1.4381604244648         1.4437721218703         1.444285710144
18.95                   1.4437721218703         1.4382336364589         1.4437721218703         1.4442790097076
19                      1.4437721218703         1.4383088681683         1.4437721218703         1.4442721244248
19.05                   1.4437721218703         1.4383860921582         1.4437721218703         1.4442650568064
19.1                    1.4437721218703         1.4384652802675         1.4437721218703         1.4442578094298
19.15                   1.4437721218703         1.4385464036187         1.4437721218703         1.4442503849379
19.2                    1.4437721218703         1.4386294326286         1.4437721218703         1.4442427860382
19.25                   1.4437721218703         1.4387143370191         1.4437721218703         1.4442350155017
19.3                    1.4437721218703         1.4388010858281         1.4437721218703         1.4442270761622
19.35                   1.4437721218703         1.4388896474211         1.4437721218703         1.4442189709148
19.4                    1.4437721218703         1.4389799895023         1.4437721218703         1.4442107027153
19.45                   1.4437721218703         1.4390720791269         1.4437721218703         1.4442022745789
19.5                    1.4437721218703         1.4391658827124         1.4437721218703         1.444193689579
19.55                   1.4437721218703         1.4392613660517         1.4437721218703         1.4441849508464
19.6                    1.4437721218703         1.4393584943248         1.4437721218703         1.4441760615677
19.65                   1.4437721218703         1.4394572321122         1.4437721218703         1.4441670249846
19.7                    1.4437721218703         1.4395575434072         1.4437721218703         1.4441578443925
19.75                   1.4437721218703         1.4396593916292         1.4437721218703         1.4441485231393
19.8                    1.4437721218703         1.4397627396375         1.4437721218703         1.4441390646241
19.85                   1.4437721218703         1.4398675497442         1.4437721218703         1.4441294722962
19.9                    1.4437721218703         1.4399737837282         1.4437721218703         1.4441197496535
19.95                   1.4437721218703         1.4400814028494         1.4437721218703         1.4441099002417
20                      1.4437721218703         1.4401903678622         1.4437721218703         1.4440999276525
20.05                   1.4437721218703         1.4403006390305         1.4437721218703         1.4440898355227
20.1                    1.4437721218703         1.4404121761418         1.4437721218703         1.4440796275324
20.15                   1.4437721218703         1.440524938522          1.4437721218703         1.4440693074043
20.2                    1.4437721218703         1.4406388850501         1.4437721218703         1.4440588789017
20.25                   1.4437721218703         1.4407539741733         1.4437721218703         1.4440483458277
20.3                    1.4437721218703         1.4408701639221         1.4437721218703         1.4440377120233
20.35                   1.4437721218703         1.4409874119257         1.4437721218703         1.4440269813664
20.4                    1.4437721218703         1.4411056754274         1.4437721218703         1.44401615777
20.45                   1.4437721218703         1.441225122035          1.4437721218703         1.4440052258946
20.5                    1.4437721218703         1.4413455392302         1.4437721218703         1.44399420519
20.55                   1.4437721218703         1.4414661418468         1.4437721218703         1.4439831675154
20.6                    1.4437721218703         1.4415862070143         1.4437721218703         1.4439721790288
20.65                   1.4437721218703         1.4417050754866         1.4437721218703         1.4439613000649
20.7                    1.4437721218703         1.4418221521354         1.4437721218703         1.4439505850905
20.75                   1.4437721218703         1.441936905678          1.4437721218703         1.4439400827291
20.8                    1.4437721218703         1.4420488677148         1.4437721218703         1.4439298358493
20.85                   1.4437721218703         1.4421576311498         1.4437721218703         1.4439198817087
20.9                    1.4437721218703         1.4422628480727         1.4437721218703         1.4439102521485
20.95                   1.4437721218703         1.4423642271754         1.4437721218703         1.4439009738296
21.002630398234         1.4437721218703         1.4424665219769         1.4437721218703         1.443891611705
21.058029574601         1.4437721218703         1.4425690691098         1.4437721218703         1.4438822264867
21.116343188881         1.4437721218703         1.4426711283174         1.4437721218703         1.4438728859239
21.177724563722         1.4437721218703         1.4427718882813         1.4437721218703         1.4438636642691
21.242335087763         1.4437721218703         1.442870475376          1.4437721218703         1.4438546414776
21.310344639971         1.4437721218703         1.4429659651317         1.4437721218703         1.4438459021577
21.3819320363           1.4437721218703         1.4430573956987         1.4437721218703         1.4438375343389
21.457285499847         1.4437721218703         1.443143620076          1.4437721218703         1.4438296429959
21.536603155744         1.4437721218703         1.4432234804114         1.4437721218703         1.4438223340965
21.620093552081         1.4437721218703         1.4432969994514         1.4437721218703         1.4438156055589
21.707976208241         1.4437721218703         1.4433642704464         1.4437721218703         1.4438094488488
21.800482192072         1.4437721218703         1.4434254592794         1.4437721218703         1.4438038487844
21.897854727434         1.4437721218703         1.4434808063566         1.4437721218703         1.4437987833634
22.000349833698         1.4437721218703         1.4435306287667         1.4437721218703         1.4437942235656
22.108236998893         1.4437721218703         1.4435753235164         1.4437721218703         1.4437901330564
22.221799888265         1.4437721218703         1.443615373083          1.4437721218703         1.4437864676792
22.34133709011          1.4437721218703         1.443651355161          1.4437721218703         1.4437831745627
22.467162900849         1.4437721218703         1.443683959436          1.4437721218703         1.4437801905862
22.599608151396         1.4437721218703         1.4437140156958         1.4437721218703         1.4437774398066
22.739021077007         1.4437721218703         1.4437425399056         1.4437721218703         1.4437748292418
22.885768232885         1.4437721218703         1.4437708086055         1.4437721218703         1.4437722420616
