x[nm]                       Envelope_real_part[nm^-1/2] Envelope_imag_part[nm^-1/2]
7.1142317671146             -2.7731858693106e-16        3.6680463668074e-16
7.260978922993              1.8386984643182e-15         -3.6444012974534e-15
7.4003918486039             -2.3462135012586e-16        -1.486782467471e-15
7.532837099151              1.5671058201105e-15         -5.3003202597261e-16
7.6586629098899             2.3106516700011e-15         1.0420361127912e-15
7.7782001117354             3.441691376338e-15          1.604769718109e-15
7.891763001107              4.558853294867e-15          6.4898557686903e-16
7.9996501663019             4.9691153969356e-15         4.9026750239173e-16
8.1021452725658             5.159934979293e-15          5.5006770222531e-16
8.1995178079279             5.4036636276678e-15         1.3495112557053e-15
8.2920237917592             4.863297264901e-15          2.566566597618e-15
8.3799064479186             3.5631220196564e-15         3.5485766844557e-15
8.4633968442558             2.2724877535296e-15         4.5032777372991e-15
8.5427145001525             1.7312540290249e-15         6.1686136347079e-15
8.6180679636999             8.3266726846887e-16         6.3556875621876e-15
8.6896553600291             1.4918621893401e-16         6.9126517050735e-15
8.7576649122373             2.1857515797308e-16         7.7764929691573e-15
8.8222754362784             3.885780586188e-16          8.5084131468428e-15
8.8836568111193             5.3776427755281e-16         9.2624805019435e-15
8.9419704253995             9.2634233617161e-16         9.8941690062237e-15
8.9973696017656             1.3947176746854e-15         1.0579142252991e-14
9.05                        1.6757428777936e-15         1.113135259926e-14
9.1                         1.8457457784393e-15         1.1756910805457e-14
9.15                        2.6367796834847e-15         1.2010768457822e-14
9.2                         3.0773994463829e-15         1.2202939606851e-14
9.25                        3.441691376338e-15          1.214821113442e-14
9.3                         4.1286418728248e-15         1.1584429759854e-14
9.35                        4.8121229223597e-15         1.08320376921e-14
9.4                         5.6968318951078e-15         1.0028987287835e-14
9.45                        6.2866378769399e-15         9.1382348793036e-15
9.5                         6.7515437685017e-15         7.9800367073913e-15
9.55                        7.2511441295831e-15         6.9125645481276e-15
9.6                         7.7368667028566e-15         5.343006857691e-15
9.65                        7.9103390504542e-15         4.3040156152417e-15
9.7                         7.7646222784722e-15         3.2640393819914e-15
9.75                        7.2788997051987e-15         2.2983714908121e-15
9.8                         7.2095107661596e-15         1.4066232059737e-15
9.85                        6.6266436782314e-15         7.3400343886678e-16
9.9                         5.9674487573602e-15         1.8336562711925e-16
9.95                        5.4678483962789e-15         -5.1342147660578e-16
10                          4.8155923693116e-15         -1.0155008414368e-15
10.05                       4.19109191796e-15           -1.334192762387e-15
10.1                        3.962108419131e-15          -1.6927924842028e-15
10.15                       4.1633363423443e-15         -2.2907164440721e-15
10.2                        4.2257863874795e-15         -3.0824402396116e-15
10.25                       4.413136522885e-15          -3.6834566412046e-15
10.3                        4.6698755973296e-15         -4.6326381029068e-15
10.35                       5.2735593669695e-15         -5.4812825691474e-15
10.4                        5.8980598183211e-15         -6.4173226672985e-15
10.45                       6.3005156647478e-15         -7.4482598543421e-15
10.5                        6.7792993441174e-15         -8.0807314600085e-15
10.55                       6.6682770416548e-15         -8.0789451870219e-15
10.6                        6.7099104050783e-15         -8.1067260759186e-15
10.65                       6.5156213757689e-15         -8.2286457191436e-15
10.7                        6.7099104050783e-15         -8.6358673530907e-15
10.75                       6.2450045135165e-15         -8.7010868778553e-15
10.8                        5.4192761389515e-15         -8.5847079758909e-15
10.85                       4.8225312632155e-15         -8.4457866291186e-15
10.9                        4.19109191796e-15           -8.3048050946285e-15
10.95                       3.6429192995513e-15         -8.3096927117158e-15
11                          3.4347524824341e-15         -8.2988601824359e-15
11.05                       3.3584246494911e-15         -8.2968442664242e-15
11.1                        3.0600522116231e-15         -7.8940884467535e-15
11.15                       2.3245294578089e-15         -7.135333182001e-15
11.2                        1.866562460151e-15          -6.5480030398186e-15
11.25                       1.3114509478385e-15         -6.2583300866195e-15
11.3                        4.9960036108132e-16         -6.0253180177379e-15
11.35                       -2.914335439641e-16         -5.79303950577e-15
11.4                        -9.9226182825873e-16        -5.5638004866832e-15
11.45                       -1.866562460151e-15         -5.5167368901271e-15
11.5                        -2.6437185773887e-15        -5.1644559844705e-15
11.55                       -3.0600522116231e-15        -4.6097430082282e-15
11.6                        -3.4694469519536e-15        -4.4753846619113e-15
11.65                       -3.8719027983802e-15        -4.9387312617265e-15
11.7                        -4.1355807667287e-15        -5.1283035153147e-15
11.75                       -4.489464355828e-15         -5.4185978738279e-15
11.8                        -4.8502868388312e-15        -5.0201429951688e-15
11.85                       -5.1209037010835e-15        -4.6157025983949e-15
11.9                        -5.3325399651527e-15        -4.4256190574332e-15
11.95                       -5.2319260035461e-15        -4.2779032240083e-15
12                          -5.3498871999125e-15        -4.0663148381128e-15
12.05                       -5.0584536559484e-15        -4.563702835579e-15
12.1                        -5.1104953602277e-15        -4.8092570392257e-15
12.15                       -5.2874371547773e-15        -4.6981281453127e-15
12.2                        -4.9300841187261e-15        -4.6522143311973e-15
12.25                       -4.4755865680202e-15        -4.5307470498095e-15
12.3                        -4.0835390624494e-15        -4.5321949572647e-15
12.35                       -3.740063814206e-15         -4.3836657149702e-15
12.4                        -3.2699537522163e-15        -4.6082318195558e-15
12.45                       -3.141584214994e-15         -4.6880293330077e-15
12.5                        -2.9394889300427e-15        -5.1224183576913e-15
12.55                       -2.6124935548211e-15        -5.9060731102646e-15
12.6                        -2.3479482247346e-15        -6.3251324356171e-15
12.65                       -2.3358051604028e-15        -7.0308287929559e-15
12.7                        -2.2049419581838e-15        -7.715078020026e-15
12.75                       -1.8140870750027e-15        -7.8409324273233e-15
12.8                        -1.3244613739083e-15        -8.0070990521676e-15
12.85                       -7.181755190544e-16         -7.7950368490778e-15
12.9                        3.0531133177192e-16         -7.4511079921884e-15
12.95                       1.2403272853234e-15         -7.4149168349482e-15
13                          2.0330959138448e-15         -7.4742765828732e-15
13.05                       2.843211777126e-15          -7.4051691901289e-15
13.1                        3.5423053379446e-15         -7.6639959566854e-15
13.15                       4.1425196606326e-15         -7.4833571281022e-15
13.2                        4.4790560149721e-15         -6.9998291717656e-15
13.25                       4.5172199314436e-15         -6.5405188625862e-15
13.3                        4.2292558344315e-15         -5.963159887412e-15
13.35                       4.0349668051221e-15         -5.934545114054e-15
13.4                        3.6845526629747e-15         -5.4772328021121e-15
13.45                       3.6151637239357e-15         -5.6656452066865e-15
13.5                        3.9204750557076e-15         -5.6199636289163e-15
13.55                       3.6602665343111e-15         -5.9098254721615e-15
13.6                        3.4000580129145e-15         -5.987240606973e-15
13.65                       2.6992297286199e-15         -6.192971964445e-15
13.7                        2.7547408798512e-15         -6.3795740954202e-15
13.75                       2.8171909249863e-15         -6.7586551440324e-15
13.8                        2.6575963651965e-15         -7.0790943270384e-15
13.85                       2.8033131371785e-15         -7.1442618729629e-15
13.9                        2.7269853042355e-15         -7.1148621284919e-15
13.95                       2.844946500602e-15          -7.1053096477646e-15
14                          2.8171909249863e-15         -6.9164100557747e-15
14.05                       3.1710745140856e-15         -6.4382621604383e-15
14.1                        3.5804692544161e-15         -5.8059855903308e-15
14.15                       3.6012859361279e-15         -5.1209940094184e-15
14.2                        3.8441472227646e-15         -4.6803191690169e-15
14.25                       3.6776137690708e-15         -4.2119302602674e-15
14.3                        3.6567970873591e-15         -4.4389188683019e-15
14.35                       3.7539416020138e-15         -4.4957570059184e-15
14.4                        3.8025138593412e-15         -4.3342828864962e-15
14.45                       3.3861802251067e-15         -3.8227571041757e-15
14.5                        2.990663272584e-15          -3.1120065122941e-15
14.55                       2.6506574712926e-15         -2.888852656421e-15
14.6                        2.8657631823137e-15         -2.712850280565e-15
14.65                       3.1016855750465e-15         -2.481211483124e-15
14.7                        3.1641356201817e-15         -2.1485235972525e-15
14.75                       3.4763858458575e-15         -2.0241211492705e-15
14.8                        3.9551695252271e-15         -1.7509812850034e-15
14.85                       4.711508960753e-15          -1.4178205348846e-15
14.9                        5.3429483060086e-15         -1.212877825742e-15
14.95                       5.460909502375e-15          -6.3437264484799e-16
15                          5.5580540170297e-15         -3.8860280458147e-16
15.05                       5.5858095926453e-15         -6.5568320252694e-16
15.1                        5.0584536559484e-15         -2.0286067827495e-16
15.15                       4.8017145815038e-15         -7.1152923035705e-16
15.2                        4.5866088704827e-15         -8.9559621577712e-16
15.25                       4.0870085094014e-15         -1.1982948189632e-15
15.3                        3.816391647149e-15          -1.918446515728e-15
15.35                       3.7608804959177e-15         -1.8795575819022e-15
15.4                        3.1988300897012e-15         -1.9681328510741e-15
15.45                       2.1024848528839e-15         -1.9251586720221e-15
15.5                        4.3021142204225e-16         -1.4491150609121e-15
15.55                       -9.0899510141185e-16        -8.436394369773e-16
15.6                        -2.5257573810222e-15        -5.5874580486389e-17
15.65                       -4.0661918276896e-15        7.8156486727188e-16
15.7                        -5.1972315340265e-15        1.7536310890682e-15
15.75                       -6.2519434074204e-15        2.6077529656448e-15
15.8                        -7.0152217368502e-15        3.3040518841638e-15
15.85                       -7.9103390504542e-15        3.9213028026641e-15
15.9                        -8.3197337907848e-15        4.7110793240839e-15
15.95                       -7.9589113077816e-15        5.4692836234768e-15
16                          -7.3725747729014e-15        5.7715323412056e-15
16.05                       -6.9909356081865e-15        5.8516759742655e-15
16.1                        -6.6890937233666e-15        5.6363426861539e-15
16.15                       -6.133982211054e-15         5.8184328412622e-15
16.2                        -5.7870375158586e-15        5.5987577750838e-15
16.25                       -6.1131655293423e-15        5.5756957766983e-15
16.3                        -6.1999017031411e-15        5.0174631980443e-15
16.35                       -5.8078541975704e-15        4.9765752115507e-15
16.4                        -5.3186621773449e-15        4.8282058043196e-15
16.45                       -4.4790560149721e-15        3.993222859817e-15
16.5                        -3.8961889270439e-15        3.4379479963143e-15
16.55                       -3.4486302702419e-15        2.8136015754884e-15
16.6                        -2.9316826744008e-15        2.3056775806911e-15
16.65                       -2.5639212974937e-15        1.7860711631371e-15
16.7                        -1.9758500391376e-15        1.7656007582123e-15
16.75                       -1.3287981825982e-15        1.975346570817e-15
16.8                        -1.0044048925906e-15        2.5641110957694e-15
16.85                       -1.0651202142498e-15        3.0948310605972e-15
16.9                        -1.3010426069826e-15        3.5146791945412e-15
16.95                       -1.5543122344752e-15        3.5104420982946e-15
17                          -1.4554329963445e-15        3.3336741930246e-15
17.05                       -1.5265566588596e-15        3.2730664807742e-15
17.1                        -2.0296264668929e-15        3.7809288221998e-15
17.15                       -2.3678975447083e-15        4.4166308594806e-15
17.2                        -2.6003504904892e-15        4.4535487547514e-15
17.25                       -2.6697394295283e-15        4.7650175015477e-15
17.3                        -2.9958674430119e-15        5.0352767787159e-15
17.35                       -3.4347524824341e-15        5.2110668355475e-15
17.4                        -3.3462815851593e-15        4.9279111483089e-15
17.45                       -3.5318969970888e-15        4.2929665006238e-15
17.5                        -3.5423053379446e-15        3.4531224369397e-15
17.55                       -3.8736375218562e-15        2.7301444843152e-15
17.6                        -4.2986447734705e-15        2.1191638566275e-15
17.65                       -4.9925341638613e-15        1.8159365319821e-15
17.7                        -5.5701970813615e-15        1.407690574669e-15
17.75                       -6.5260297166247e-15        9.6381101028174e-16
17.8                        -7.6119666125862e-15        9.02072530042e-16
17.85                       -8.7603535536829e-15        4.0035875389678e-16
17.9                        -9.7838404045092e-15        3.4588292452387e-17
17.95                       -1.0776102232768e-14        1.4515742487181e-16
18                          -1.1494277751822e-14        3.3914924395733e-16
18.05                       -1.2184697695261e-14        5.4384672118486e-16
18.1                        -1.2458784004465e-14        4.2033267419114e-16
18.15                       -1.2899403767364e-14        8.4360167811275e-16
18.2                        -1.3440637491868e-14        1.4547225833189e-15
18.25                       -1.3843093338295e-14        2.0332900508827e-15
18.3                        -1.4158813010923e-14        2.8820363255093e-15
18.35                       -1.4654943925052e-14        3.6346114701316e-15
18.4                        -1.4994949726344e-14        3.9949789428818e-15
18.45                       -1.5456386170953e-14        4.5376386746941e-15
18.5                        -1.5688839116734e-14        4.9414167280409e-15
18.55                       -1.5688839116734e-14        5.3376521165554e-15
18.6                        -1.568190022283e-14         5.6624925537048e-15
18.65                       -1.5869250358236e-14        5.7968516835742e-15
18.7                        -1.6243950629047e-14        6.2305619159976e-15
18.75                       -1.6618650899858e-14        6.1462503687739e-15
18.8                        -1.6861512186495e-14        6.0132219867353e-15
18.85                       -1.6681100944993e-14        5.8442232854451e-15
18.9                        -1.6209256159527e-14        5.4271209292484e-15
18.95                       -1.552230566304e-14         5.2316184747807e-15
19                          -1.5085155347094e-14        5.2885594796669e-15
19.05                       -1.4377388168896e-14        5.1779295494684e-15
19.1                        -1.3537782006523e-14        4.7153046350739e-15
19.15                       -1.2496947920937e-14        4.6400008221862e-15
19.2                        -1.1837753000066e-14        4.5846766104094e-15
19.25                       -1.1553258350006e-14        4.8242667859088e-15
19.3                        -1.1601830607333e-14        4.8331994242123e-15
19.35                       -1.1823875212258e-14        4.9570554774751e-15
19.4                        -1.2372047830667e-14        4.9138809438012e-15
19.45                       -1.241368119409e-14         4.7019364276813e-15
19.5                        -1.2358170042859e-14        4.104317270648e-15
19.55                       -1.2441436769706e-14        3.5145716054384e-15
19.6                        -1.2510825708745e-14        3.5681981531937e-15
19.65                       -1.2677359162439e-14        3.4076891291493e-15
19.7                        -1.3024303857634e-14        3.028802597295e-15
19.75                       -1.3801459974871e-14        3.0805056267434e-15
19.8                        -1.4460654895743e-14        3.0485469889481e-15
19.85                       -1.4897805211689e-14        2.5832438954525e-15
19.9                        -1.5577816814272e-14        2.1347838804176e-15
19.95                       -1.5827616994812e-14        1.6834584686492e-15
20                          -1.6132928326584e-14        1.3469565431372e-15
20.05                       -1.6230072841239e-14        1.3236575539071e-15
20.1                        -1.5945578191179e-14        9.3476101734247e-16
20.15                       -1.5459855617905e-14        2.5806457401045e-16
20.2                        -1.5008827514151e-14        -1.9805981432022e-16
20.25                       -1.4710455076283e-14        -5.9918379185977e-16
20.3                        -1.4148404670067e-14        -9.9745814047703e-16
20.35                       -1.3582884816898e-14        -1.2064888547731e-15
20.4                        -1.3093692796673e-14        -1.3905318853554e-15
20.45                       -1.2795320358805e-14        -1.5201728391907e-15
20.5                        -1.2372047830667e-14        -1.4422985667896e-15
20.55                       -1.2028572582423e-14        -1.3331517155625e-15
20.6                        -1.1577544478669e-14        -1.5208683697376e-15
20.65                       -1.108141356454e-14         -1.4955164112883e-15
20.7                        -1.0422218643669e-14        -1.5795709611339e-15
20.75                       -9.7075125715662e-15        -1.7625594969786e-15
20.8                        -9.197503869629e-15         -1.6517435635683e-15
20.85                       -8.4654505627668e-15        -1.5535257001748e-15
20.9                        -7.5078832040276e-15        -1.511596967767e-15
20.95                       -6.7758298971654e-15        -1.1981227008537e-15
21.002630398234             -6.1478599988618e-15        -1.3108346232014e-15
21.058029574601             -5.5459109526979e-15        -1.6134435096031e-15
21.116343188881             -4.9075327135384e-15        -1.5395485503029e-15
21.177724563722             -4.3801767768414e-15        -9.3891857623196e-16
21.242335087763             -3.589142871796e-15         -3.1522342396774e-16
21.310344639971             -2.7616797737551e-15        1.3311044694469e-16
21.3819320363               -2.4077961846558e-15        -1.0170072413875e-16
21.457285499847             -2.6003504904892e-15        -6.053648281613e-16
21.536603155744             -2.4927976349787e-15        -4.6811678950633e-16
21.620093552081             -3.4651101432637e-15        -1.4176662432811e-15
21.707976208241             -4.9188084161322e-15        -1.5021497214773e-15
21.800482192072             -5.7237201089855e-15        -2.239748404801e-15
21.897854727434             -6.3438837516472e-15        -2.84013553865e-15
22.000349833698             -6.1196707423772e-15        -3.7272716625273e-15
22.108236998893             -5.6699436812302e-15        -2.233071001228e-15
22.221799888265             -5.0003404195031e-15        -2.4292350798153e-15
22.34133709011              -5.5220585049032e-15        -1.013994931601e-15
22.467162900849             -5.1078932750137e-15        2.4325251434145e-16
22.599608151396             -5.199183097937e-15         1.3083526594393e-15
22.739021077007             -6.3829692399653e-15        2.2009833915556e-15
22.885768232885             2.6891940822608e-16         -1.0046488380794e-16
