x[nm]                   E_12_real[eV]           Psi_12_s1_real[nm^-1/2] E_12_imag[eV]           Psi_12_s1_imag[nm^-1/2]
7.1142317671146         2.9525116792099         2.9550756097943         2.9525116792099         2.9525116792099
7.260978922993          2.9525116792099         2.9008457005017         2.9525116792099         2.9525116792099
7.4003918486039         2.9525116792099         2.9251465670527         2.9525116792099         2.9525116792099
7.532837099151          2.9525116792099         2.9356874717619         2.9525116792099         2.9525116792099
7.6586629098899         2.9525116792099         2.9470317218704         2.9525116792099         2.9525116792099
7.7782001117354         2.9525116792099         2.9575914087058         2.9525116792099         2.9525116792099
7.891763001107          2.9525116792099         2.9676955255241         2.9525116792099         2.9525116792099
7.9996501663019         2.9525116792099         2.9774514565702         2.9525116792099         2.9525116792099
8.1021452725658         2.9525116792099         2.9869503913098         2.9525116792099         2.9525116792099
8.1995178079279         2.9525116792099         2.9962605401162         2.9525116792099         2.9525116792099
8.2920237917592         2.9525116792099         3.0054322977531         2.9525116792099         2.9525116792099
8.3799064479186         2.9525116792099         3.0145018326418         2.9525116792099         2.9525116792099
8.4633968442558         2.9525116792099         3.0234936474189         2.9525116792099         2.9525116792099
8.5427145001525         2.9525116792099         3.0324213359252         2.9525116792099         2.9525116792099
8.6180679636999         2.9525116792099         3.0412831441252         2.9525116792099         2.9525116792099
8.6896553600291         2.9525116792099         3.0496609104142         2.9525116792099         2.9525116792099
8.7576649122373         2.9525116792099         3.0576548801464         2.9525116792099         2.9525116792098
8.8222754362784         2.9525116792099         3.0653588942594         2.9525116792099         2.9525116792098
8.8836568111193         2.9525116792099         3.0727752271617         2.9525116792099         2.9525116792098
8.9419704253995         2.9525116792099         3.0798920649076         2.9525116792099         2.9525116792098
8.9973696017656         2.9525116792099         3.0866976958681         2.9525116792099         2.9525116792098
9.05                    2.9525116792099         3.0931836751876         2.9525116792099         2.9525116792098
9.1                     2.9525116792099         3.0993455372303         2.9525116792099         2.9525116792098
9.15                    2.9525116792099         3.1054901790307         2.9525116792099         2.9525116792098
9.2                     2.9525116792099         3.1115998382893         2.9525116792099         2.9525116792098
9.25                    2.9525116792099         3.1176574416587         2.9525116792099         2.9525116792098
9.3                     2.9525116792099         3.1236479452112         2.9525116792099         2.9525116792098
9.35                    2.9525116792099         3.1295601937027         2.9525116792099         2.9525116792098
9.4                     2.9525116792099         3.1353894893795         2.9525116792099         2.9525116792098
9.45                    2.9525116792099         3.1411411121398         2.9525116792099         2.9525116792098
9.5                     2.9525116792099         3.1468351050768         2.9525116792099         2.9525116792098
9.55                    2.9525116792099         3.1525127369374         2.9525116792099         2.9525116792098
9.6                     2.9525116792099         3.1582451827831         2.9525116792099         2.9525116792098
9.65                    2.9525116792099         3.1641536371298         2.9525116792099         2.9525116792098
9.7                     2.9525116792099         3.1702645835172         2.9525116792099         2.9525116792098
9.75                    2.9525116792099         3.1764896406515         2.9525116792099         2.9525116792098
9.8                     2.9525116792099         3.1827685375215         2.9525116792099         2.9525116792098
9.85                    2.9525116792099         3.1890599847761         2.9525116792099         2.9525116792098
9.9                     2.9525116792099         3.1953355120447         2.9525116792099         2.9525116792098
9.95                    2.9525116792099         3.2015753077766         2.9525116792099         2.9525116792098
10                      2.9525116792099         3.2077654110914         2.9525116792099         2.9525116792098
10.05                   2.9525116792099         3.2138958164228         2.9525116792099         2.9525116792098
10.1                    2.9525116792099         3.2199591943996         2.9525116792099         2.9525116792098
10.15                   2.9525116792099         3.2259500287398         2.9525116792099         2.9525116792098
10.2                    2.9525116792099         3.231864033973          2.9525116792099         2.9525116792098
10.25                   2.9525116792099         3.2376977627247         2.9525116792099         2.9525116792098
10.3                    2.9525116792099         3.2434483409451         2.9525116792099         2.9525116792098
10.35                   2.9525116792099         3.2491132894851         2.9525116792099         2.9525116792098
10.4                    2.9525116792099         3.254690403942          2.9525116792099         2.9525116792098
10.45                   2.9525116792099         3.2601776738162         2.9525116792099         2.9525116792098
10.5                    2.9525116792099         3.2655732281899         2.9525116792099         2.9525116792098
10.55                   2.9525116792099         3.2708752992888         2.9525116792099         2.9525116792098
10.6                    2.9525116792099         3.2760821981026         2.9525116792099         2.9525116792098
10.65                   2.9525116792099         3.2811922981314         2.9525116792099         2.9525116792098
10.7                    2.9525116792099         3.2862040246054         2.9525116792099         2.9525116792098
10.75                   2.9525116792099         3.2911158473889         2.9525116792099         2.9525116792098
10.8                    2.9525116792099         3.2959262763615         2.9525116792099         2.9525116792098
10.85                   2.9525116792099         3.3006338584637         2.9525116792099         2.9525116792098
10.9                    2.9525116792099         3.3052371758579         2.9525116792099         2.9525116792098
10.95                   2.9525116792099         3.3097348448358         2.9525116792099         2.9525116792098
11                      2.9525116792099         3.3141255152231         2.9525116792099         2.9525116792098
11.05                   2.9525116792099         3.3184078701149         2.9525116792099         2.9525116792098
11.1                    2.9525116792099         3.3225806258279         2.9525116792099         2.9525116792098
11.15                   2.9525116792099         3.3266425319949         2.9525116792099         2.9525116792098
11.2                    2.9525116792099         3.3305923717501         2.9525116792099         2.9525116792098
11.25                   2.9525116792099         3.3344289619716         2.9525116792099         2.9525116792098
11.3                    2.9525116792099         3.3381511535574         2.9525116792099         2.9525116792098
11.35                   2.9525116792099         3.3417578317215         2.9525116792099         2.9525116792098
11.4                    2.9525116792099         3.3452479162971         2.9525116792099         2.9525116792098
11.45                   2.9525116792099         3.3486203620429         2.9525116792099         2.9525116792098
11.5                    2.9525116792099         3.351874158946          2.9525116792099         2.9525116792098
11.55                   2.9525116792099         3.3550083325195         2.9525116792099         2.9525116792098
11.6                    2.9525116792099         3.3580219440928         2.9525116792099         2.9525116792098
11.65                   2.9525116792099         3.3609140910918         2.9525116792099         2.9525116792098
11.7                    2.9525116792099         3.3636839073107         2.9525116792099         2.9525116792098
11.75                   2.9525116792099         3.3663305631724         2.9525116792099         2.9525116792098
11.8                    2.9525116792099         3.3688532659787         2.9525116792099         2.9525116792098
11.85                   2.9525116792099         3.371251260149          2.9525116792099         2.9525116792098
11.9                    2.9525116792099         3.3735238274484         2.9525116792099         2.9525116792098
11.95                   2.9525116792099         3.3756702872038         2.9525116792099         2.9525116792098
12                      2.9525116792099         3.3776899965093         2.9525116792099         2.9525116792098
12.05                   2.9525116792099         3.3795823504196         2.9525116792099         2.9525116792098
12.1                    2.9525116792099         3.381346782132          2.9525116792099         2.9525116792098
12.15                   2.9525116792099         3.3829827631571         2.9525116792099         2.9525116792098
12.2                    2.9525116792099         3.3844898034778         2.9525116792099         2.9525116792098
12.25                   2.9525116792099         3.3858674516962         2.9525116792099         2.9525116792098
12.3                    2.9525116792099         3.3871152951696         2.9525116792099         2.9525116792098
12.35                   2.9525116792099         3.3882329601347         2.9525116792099         2.9525116792098
12.4                    2.9525116792099         3.3892201118189         2.9525116792099         2.9525116792098
12.45                   2.9525116792099         3.3900764545419         2.9525116792099         2.9525116792098
12.5                    2.9525116792099         3.3908017318039         2.9525116792099         2.9525116792098
12.55                   2.9525116792099         3.3913957263624         2.9525116792099         2.9525116792098
12.6                    2.9525116792099         3.3918582602978         2.9525116792099         2.9525116792098
12.65                   2.9525116792099         3.3921891950666         2.9525116792099         2.9525116792098
12.7                    2.9525116792099         3.3923884315429         2.9525116792099         2.9525116792098
12.75                   2.9525116792099         3.3924559100481         2.9525116792099         2.9525116792098
12.8                    2.9525116792099         3.3923916103687         2.9525116792099         2.9525116792098
12.85                   2.9525116792099         3.3921955517625         2.9525116792099         2.9525116792098
12.9                    2.9525116792099         3.3918677929526         2.9525116792099         2.9525116792098
12.95                   2.9525116792099         3.3914084321097         2.9525116792099         2.9525116792098
13                      2.9525116792099         3.3908176068226         2.9525116792099         2.9525116792098
13.05                   2.9525116792099         3.3900954940565         2.9525116792099         2.9525116792098
13.1                    2.9525116792099         3.3892423101004         2.9525116792099         2.9525116792098
13.15                   2.9525116792099         3.3882583105011         2.9525116792099         2.9525116792098
13.2                    2.9525116792099         3.3871437899871         2.9525116792099         2.9525116792098
13.25                   2.9525116792099         3.3858990823793         2.9525116792099         2.9525116792098
13.3                    2.9525116792099         3.3845245604906         2.9525116792099         2.9525116792098
13.35                   2.9525116792099         3.3830206360138         2.9525116792099         2.9525116792098
13.4                    2.9525116792099         3.3813877593969         2.9525116792099         2.9525116792098
13.45                   2.9525116792099         3.3796264197079         2.9525116792099         2.9525116792098
13.5                    2.9525116792099         3.3777371444867         2.9525116792099         2.9525116792098
13.55                   2.9525116792099         3.375720499586          2.9525116792099         2.9525116792098
13.6                    2.9525116792099         3.3735770890007         2.9525116792099         2.9525116792098
13.65                   2.9525116792099         3.3713075546849         2.9525116792099         2.9525116792098
13.7                    2.9525116792099         3.3689125763581         2.9525116792099         2.9525116792098
13.75                   2.9525116792099         3.3663928713007         2.9525116792099         2.9525116792098
13.8                    2.9525116792099         3.363749194137          2.9525116792099         2.9525116792098
13.85                   2.9525116792099         3.3609823366089         2.9525116792099         2.9525116792098
13.9                    2.9525116792099         3.3580931273391         2.9525116792099         2.9525116792098
13.95                   2.9525116792099         3.3550824315856         2.9525116792099         2.9525116792098
14                      2.9525116792099         3.3519511509881         2.9525116792099         2.9525116792098
14.05                   2.9525116792099         3.3487002233098         2.9525116792099         2.9525116792098
14.1                    2.9525116792099         3.3453306221764         2.9525116792099         2.9525116792098
14.15                   2.9525116792099         3.3418433568189         2.9525116792099         2.9525116792098
14.2                    2.9525116792099         3.3382394718268         2.9525116792099         2.9525116792098
14.25                   2.9525116792099         3.3345200469229         2.9525116792099         2.9525116792098
14.3                    2.9525116792099         3.3306861967784         2.9525116792099         2.9525116792098
14.35                   2.9525116792099         3.3267390708911         2.9525116792099         2.9525116792098
14.4                    2.9525116792099         3.3226798535684         2.9525116792099         2.9525116792098
14.45                   2.9525116792099         3.3185097640685         2.9525116792099         2.9525116792098
14.5                    2.9525116792099         3.314230056987          2.9525116792099         2.9525116792098
14.55                   2.9525116792099         3.3098420230136         2.9525116792099         2.9525116792098
14.6                    2.9525116792099         3.305346990248          2.9525116792099         2.9525116792098
14.65                   2.9525116792099         3.3007463263505         2.9525116792099         2.9525116792098
14.7                    2.9525116792099         3.2960414419449         2.9525116792099         2.9525116792098
14.75                   2.9525116792099         3.2912337958835         2.9525116792099         2.9525116792098
14.8                    2.9525116792099         3.2863249032879         2.9525116792099         2.9525116792098
14.85                   2.9525116792099         3.2813163477149         2.9525116792099         2.9525116792098
14.9                    2.9525116792099         3.2762097994501         2.9525116792099         2.9525116792098
14.95                   2.9525116792099         3.2710070428991         2.9525116792099         2.9525116792098
15                      2.9525116792099         3.2657100174771         2.9525116792099         2.9525116792098
15.05                   2.9525116792099         3.2603208785174         2.9525116792099         2.9525116792098
15.1                    2.9525116792099         3.2548420878654         2.9525116792099         2.9525116792098
15.15                   2.9525116792099         3.2492765484755         2.9525116792099         2.9525116792098
15.2                    2.9525116792099         3.2436278042247         2.9525116792099         2.9525116792098
15.25                   2.9525116792099         3.2379003363722         2.9525116792099         2.9525116792098
15.3                    2.9525116792099         3.2321000032174         2.9525116792099         2.9525116792098
15.35                   2.9525116792099         3.2262346919167         2.9525116792099         2.9525116792098
15.4                    2.9525116792099         3.2203152846046         2.9525116792099         2.9525116792098
15.45                   2.9525116792099         3.2143570901113         2.9525116792099         2.9525116792098
15.5                    2.9525116792099         3.2083819653623         2.9525116792099         2.9525116792098
15.55                   2.9525116792099         3.2024214583523         2.9525116792099         2.9525116792098
15.6                    2.9525116792099         3.1965214642492         2.9525116792099         2.9525116792098
15.65                   2.9525116792099         3.1907491226455         2.9525116792099         2.9525116792098
15.7                    2.9525116792099         3.1852030341783         2.9525116792099         2.9525116792098
15.75                   2.9525116792099         3.1798678087768         2.9525116792099         2.9525116792098
15.8                    2.9525116792099         3.1746217480005         2.9525116792099         2.9525116792098
15.85                   2.9525116792099         3.1693836752804         2.9525116792099         2.9525116792098
15.9                    2.9525116792099         3.1641063571466         2.9525116792099         2.9525116792098
15.95                   2.9525116792099         3.1587667662264         2.9525116792099         2.9525116792098
16                      2.9525116792099         3.1533588349143         2.9525116792099         2.9525116792099
16.05                   2.9525116792099         3.1478880923039         2.9525116792099         2.9525116792099
16.1                    2.9525116792099         3.1423677234028         2.9525116792099         2.9525116792099
16.15                   2.9525116792099         3.1368157002957         2.9525116792099         2.9525116792099
16.2                    2.9525116792099         3.1312527181671         2.9525116792099         2.9525116792099
16.25                   2.9525116792099         3.125700730843          2.9525116792099         2.9525116792099
16.3                    2.9525116792099         3.1201819242234         2.9525116792099         2.9525116792099
16.35                   2.9525116792099         3.1147179918575         2.9525116792099         2.9525116792099
16.4                    2.9525116792099         3.1093295788612         2.9525116792099         2.9525116792099
16.45                   2.9525116792099         3.1040357172326         2.9525116792099         2.9525116792099
16.5                    2.9525116792099         3.0988529251281         2.9525116792099         2.9525116792099
16.55                   2.9525116792099         3.0937932018463         2.9525116792099         2.9525116792099
16.6                    2.9525116792099         3.0888588574449         2.9525116792099         2.9525116792099
16.65                   2.9525116792099         3.0840281381363         2.9525116792099         2.9525116792099
16.7                    2.9525116792099         3.0792125109689         2.9525116792099         2.9525116792099
16.75                   2.9525116792099         3.0744539015827         2.9525116792099         2.9525116792099
16.8                    2.9525116792099         3.0698901453833         2.9525116792099         2.9525116792099
16.85                   2.9525116792099         3.0655490381339         2.9525116792099         2.9525116792099
16.9                    2.9525116792099         3.061436390898          2.9525116792099         2.9525116792099
16.95                   2.9525116792099         3.0575495155096         2.9525116792099         2.9525116792099
17                      2.9525116792099         3.05388260536           2.9525116792099         2.9525116792099
17.05                   2.9525116792099         3.0504288726418         2.9525116792099         2.9525116792099
17.1                    2.9525116792099         3.047181381745          2.9525116792099         2.9525116792099
17.15                   2.9525116792099         3.0441333435926         2.9525116792099         2.9525116792099
17.2                    2.9525116792099         3.0412781494314         2.9525116792099         2.9525116792099
17.25                   2.9525116792099         3.0386091871086         2.9525116792099         2.9525116792099
17.3                    2.9525116792099         3.0361192861393         2.9525116792099         2.9525116792099
17.35                   2.9525116792099         3.0337993027522         2.9525116792099         2.9525116792099
17.4                    2.9525116792099         3.0316345808498         2.9525116792099         2.9525116792099
17.45                   2.9525116792099         3.0295961113818         2.9525116792099         2.9525116792099
17.5                    2.9525116792099         3.02761843812           2.9525116792099         2.9525116792099
17.55                   2.9525116792099         3.0256996271567         2.9525116792099         2.9525116792099
17.6                    2.9525116792099         3.0238919569484         2.9525116792099         2.9525116792099
17.65                   2.9525116792099         3.0222062146394         2.9525116792099         2.9525116792099
17.7                    2.9525116792099         3.0206383481118         2.9525116792099         2.9525116792099
17.75                   2.9525116792099         3.0191795962197         2.9525116792099         2.9525116792099
17.8                    2.9525116792099         3.0178198519262         2.9525116792099         2.9525116792099
17.85                   2.9525116792099         3.0165488357782         2.9525116792099         2.9525116792099
17.9                    2.9525116792099         3.0153565224941         2.9525116792099         2.9525116792099
17.95                   2.9525116792099         3.0142333113427         2.9525116792099         2.9525116792099
18                      2.9525116792099         3.0131701214118         2.9525116792099         2.9525116792099
18.05                   2.9525116792099         3.0121584871006         2.9525116792099         2.9525116792099
18.1                    2.9525116792099         3.0111906927903         2.9525116792099         2.9525116792099
18.15                   2.9525116792099         3.0102599748274         2.9525116792099         2.9525116792099
18.2                    2.9525116792099         3.0093608187638         2.9525116792099         2.9525116792099
18.25                   2.9525116792099         3.0084893851199         2.9525116792099         2.9525116792099
18.3                    2.9525116792099         3.0076441062504         2.9525116792099         2.9525116792099
18.35                   2.9525116792099         3.0068265101468         2.9525116792099         2.9525116792099
18.4                    2.9525116792099         3.006042344919          2.9525116792099         2.9525116792099
18.45                   2.9525116792099         3.0053031015046         2.9525116792099         2.9525116792099
18.5                    2.9525116792099         3.0046280636451         2.9525116792099         2.9525116792099
18.55                   2.9525116792099         3.0040194511241         2.9525116792099         2.9525116792099
18.6                    2.9525116792099         3.0034569964921         2.9525116792099         2.9525116792099
18.65                   2.9525116792099         3.0029208336979         2.9525116792099         2.9525116792099
18.7                    2.9525116792099         3.0023976012663         2.9525116792099         2.9525116792099
18.75                   2.9525116792099         3.0018783302377         2.9525116792099         2.9525116792099
18.8                    2.9525116792099         3.0013570181979         2.9525116792099         2.9525116792099
18.85                   2.9525116792099         3.0008296665496         2.9525116792099         2.9525116792099
18.9                    2.9525116792099         3.0002936305578         2.9525116792099         2.9525116792099
18.95                   2.9525116792099         2.99974718057           2.9525116792099         2.9525116792099
19                      2.9525116792099         2.9991892058154         2.9525116792099         2.9525116792099
19.05                   2.9525116792099         2.9986190144673         2.9525116792099         2.9525116792099
19.1                    2.9525116792099         2.9980361987001         2.9525116792099         2.9525116792099
19.15                   2.9525116792099         2.9974405436333         2.9525116792099         2.9525116792099
19.2                    2.9525116792099         2.9968319659174         2.9525116792099         2.9525116792099
19.25                   2.9525116792099         2.99621047235           2.9525116792099         2.9525116792099
19.3                    2.9525116792099         2.9955761320487         2.9525116792099         2.9525116792099
19.35                   2.9525116792099         2.994929057825          2.9525116792099         2.9525116792099
19.4                    2.9525116792099         2.994269393846          2.9525116792099         2.9525116792099
19.45                   2.9525116792099         2.993597307657          2.9525116792099         2.9525116792099
19.5                    2.9525116792099         2.99291298532           2.9525116792099         2.9525116792099
19.55                   2.9525116792099         2.9922166289143         2.9525116792099         2.9525116792099
19.6                    2.9525116792099         2.9915084560142         2.9525116792099         2.9525116792099
19.65                   2.9525116792099         2.9907887010743         2.9525116792099         2.9525116792099
19.7                    2.9525116792099         2.9900576189467         2.9525116792099         2.9525116792099
19.75                   2.9525116792099         2.9893154910975         2.9525116792099         2.9525116792099
19.8                    2.9525116792099         2.9885626355053         2.9525116792099         2.9525116792099
19.85                   2.9525116792099         2.9877994218115         2.9525116792099         2.9525116792099
19.9                    2.9525116792099         2.987026294107          2.9525116792099         2.9525116792099
19.95                   2.9525116792099         2.9862438049426         2.9525116792099         2.9525116792099
20                      2.9525116792099         2.9854526659042         2.9525116792099         2.9525116792099
20.05                   2.9525116792099         2.9846538226867         2.9525116792099         2.9525116792099
20.1                    2.9525116792099         2.9838485664333         2.9525116792099         2.9525116792099
20.15                   2.9525116792099         2.9830386987784         2.9525116792099         2.9525116792099
20.2                    2.9525116792099         2.9822267764269         2.9525116792099         2.9525116792099
20.25                   2.9525116792099         2.9814164735393         2.9525116792099         2.9525116792099
20.3                    2.9525116792099         2.9806131186001         2.9525116792099         2.9525116792099
20.35                   2.9525116792099         2.979824489719          2.9525116792099         2.9525116792099
20.4                    2.9525116792099         2.9790619926946         2.9525116792099         2.9525116792099
20.45                   2.9525116792099         2.9783222097992         2.9525116792099         2.9525116792099
20.5                    2.9525116792099         2.9775895006612         2.9525116792099         2.9525116792099
20.55                   2.9525116792099         2.9768546800093         2.9525116792099         2.9525116792099
20.6                    2.9525116792099         2.9761124220406         2.9525116792099         2.9525116792099
20.65                   2.9525116792099         2.9753601401647         2.9525116792099         2.9525116792099
20.7                    2.9525116792099         2.9745971530096         2.9525116792099         2.9525116792099
20.75                   2.9525116792099         2.9738240668381         2.9525116792099         2.9525116792099
20.8                    2.9525116792099         2.9730423212642         2.9525116792099         2.9525116792099
20.85                   2.9525116792099         2.9722538577429         2.9525116792099         2.9525116792099
20.9                    2.9525116792099         2.9714608796292         2.9525116792099         2.9525116792099
20.95                   2.9525116792099         2.9706656791878         2.9525116792099         2.9525116792099
21.002630398234         2.9525116792099         2.9698286507544         2.9525116792099         2.9525116792099
21.058029574601         2.9525116792099         2.9689503706295         2.9525116792099         2.9525116792099
21.116343188881         2.9525116792099         2.9680319286398         2.9525116792099         2.9525116792099
21.177724563722         2.9525116792099         2.9670748361958         2.9525116792099         2.9525116792099
21.242335087763         2.9525116792099         2.9660806179121         2.9525116792099         2.9525116792099
21.310344639971         2.9525116792099         2.9650489802733         2.9525116792099         2.9525116792099
21.3819320363           2.9525116792099         2.9639678129213         2.9525116792099         2.9525116792099
21.457285499847         2.9525116792099         2.9628241789955         2.9525116792099         2.9525116792099
21.536603155744         2.9525116792099         2.9616720430816         2.9525116792099         2.9525116792099
21.620093552081         2.9525116792099         2.9605116315427         2.9525116792099         2.9525116792099
21.707976208241         2.9525116792099         2.9593411900674         2.9525116792099         2.9525116792099
21.800482192072         2.9525116792099         2.9581575565421         2.9525116792099         2.9525116792099
21.897854727434         2.9525116792099         2.9569560633608         2.9525116792099         2.9525116792099
22.000349833698         2.9525116792099         2.9557302069794         2.9525116792099         2.9525116792099
22.108236998893         2.9525116792099         2.9544711847141         2.9525116792099         2.9525116792099
22.221799888265         2.9525116792099         2.9531672283834         2.9525116792099         2.9525116792099
22.34133709011          2.9525116792099         2.9518044798376         2.9525116792099         2.9525116792099
22.467162900849         2.9525116792099         2.9503404818439         2.9525116792099         2.9525116792099
22.599608151396         2.9525116792099         2.9489801571684         2.9525116792099         2.9525116792099
22.739021077007         2.9525116792099         2.9458440821049         2.9525116792099         2.9525116792099
22.885768232885         2.9525116792099         2.952842559541          2.9525116792099         2.9525116792099
