x[nm]                       Envelope_real_part[nm^-1/2] Envelope_imag_part[nm^-1/2]
7.1142317671146             1.4429674515757e-05         -1.7529324279575e-17
7.260978922993              0.00033775213635845         -3.8113547498691e-16
7.4003918486039             0.0004629072169668          -3.3932500443437e-16
7.532837099151              0.00052816628550394         -2.8779562621554e-16
7.6586629098899             0.00056373485583432         -1.2770680779792e-16
7.7782001117354             0.00058765807180616         4.9012752107519e-17
7.891763001107              0.000608124384078           9.6990085569291e-17
7.9996501663019             0.00062900879225951         1.4963503380388e-16
8.1021452725658             0.00065208089238732         2.3146401938678e-16
8.1995178079279             0.00067808794602456         3.7856695674548e-16
8.2920237917592             0.00070728581894755         5.6338877570875e-16
8.3799064479186             0.0007397054760584          1.1636456853385e-15
8.4633968442558             0.00077528968414816         1.444720863673e-15
8.5427145001525             0.00081396509822401         1.4200675781481e-15
8.6180679636999             0.00085568339143734         1.4083088693762e-15
8.6896553600291             0.00089947910622331         1.4945800007846e-15
8.7576649122373             0.00094387515698887         1.448726455844e-15
8.8222754362784             0.00098769062597774         1.2867147085713e-15
8.8836568111193             0.0010301039524958          1.1645326281998e-15
8.9419704253995             0.0010705549864375          1.0825826198348e-15
8.9973696017656             0.0011086718821583          9.9422511616018e-16
9.05                        0.0011442217494692          8.7151565072529e-16
9.1                         0.0011770769199873          7.5262878366792e-16
9.15                        0.0012087292300047          6.0810050100227e-16
9.2                         0.0012388912558021          5.3670356549421e-16
9.25                        0.0012672820264406          5.1898501546998e-16
9.3                         0.0012936299713535          5.5096414625811e-16
9.35                        0.0013176758947793          5.9149976312532e-16
9.4                         0.0013391750851354          5.4129068341712e-16
9.45                        0.0013578972450122          4.8383529182665e-16
9.5                         0.0013736223442042          4.1452938486681e-16
9.55                        0.001386129700817           3.8476874926028e-16
9.6                         0.0013951765153303          4.6067386180973e-16
9.65                        0.0014006548495527          4.7916770012616e-16
9.7                         0.0014027494755273          5.6283784678553e-16
9.75                        0.001401815630011           5.2753273092416e-16
9.8                         0.0013982031590409          5.0134706454553e-16
9.85                        0.0013922387799827          4.302157343619e-16
9.9                         0.001384217620837           3.0752243948784e-16
9.95                        0.0013744003905311          1.4898130993714e-16
10                          0.0013630138321498          -3.8249418859473e-17
10.05                       0.0013502529671231          -2.0322772241383e-16
10.1                        0.0013362841996068          -2.624412935407e-16
10.15                       0.0013212487154381          -3.0802454081912e-16
10.2                        0.0013052658452832          -3.4489919151435e-16
10.25                       0.0012884362111623          -4.429374552742e-16
10.3                        0.0012708445689057          -5.8994823055834e-16
10.35                       0.0012525623159145          -6.3656531127193e-16
10.4                        0.0012336496668399          -6.6080339047292e-16
10.45                       0.0012141575180471          -5.1733236177728e-16
10.5                        0.0011941290306199          -3.8520442645605e-16
10.55                       0.0011736009648338          -1.8242805837921e-16
10.6                        0.001152604798866           -5.1852070020429e-17
10.65                       0.0011311676624994          8.2386618204823e-17
10.7                        0.0011093131136664          1.2341625262696e-16
10.75                       0.0010870617824422          1.5363091511103e-16
10.8                        0.0010644319038585          1.1475094712435e-16
10.85                       0.0010414397578754          1.247840314905e-16
10.9                        0.001018100032087           1.764879292823e-16
10.95                       0.00099442612030743         2.7194633816511e-16
11                          0.0009704303680569          3.7787908409132e-16
11.05                       0.00094612427416191         4.0942685098948e-16
11.1                        0.00092151865612753         4.3619469911245e-16
11.15                       0.00089662378564556         3.92291728098e-16
11.2                        0.00087144949950315         4.0928399286098e-16
11.25                       0.00084600529024616         3.5583367383666e-16
11.3                        0.0008203003801906          4.1237702756667e-16
11.35                       0.00079434378174308         4.8478558703912e-16
11.4                        0.00076814434647132         6.62931143313e-16
11.45                       0.00074171080493115         8.8763527162452e-16
11.5                        0.00071505179890195         1.1174209798053e-15
11.55                       0.00068817590738753         1.3879919209278e-15
11.6                        0.00066109166749743         1.6078598228302e-15
11.65                       0.00063380759112497         1.7840607327987e-15
11.7                        0.00060633217817473         1.8487525863479e-15
11.75                       0.00057867392695625         1.7817287346081e-15
11.8                        0.00055084134225188         1.6941965807821e-15
11.85                       0.00052284294147451         1.5427257009247e-15
11.9                        0.00049468725925745         1.456635167858e-15
11.95                       0.00046638285075632         1.3641187560489e-15
12                          0.00043793829389428         1.2960775077046e-15
12.05                       0.00040936219073871         1.3027158973677e-15
12.1                        0.00038066316816625         1.2498428994734e-15
12.15                       0.00035184987794276         1.1900411172658e-15
12.2                        0.00032293099632475         1.010017631381e-15
12.25                       0.00029391522326788         8.0492095642772e-16
12.3                        0.00026481128131489         6.2285289864392e-16
12.35                       0.0002356279142228          4.3683239075531e-16
12.4                        0.00020637388537729         3.5535642684563e-16
12.45                       0.00017705797603799         2.8131233308002e-16
12.5                        0.00014768898344642         3.0971394066197e-16
12.55                       0.00011827571883            4.3258151425275e-16
12.6                        8.8827005324886e-05         5.6002694028658e-16
12.65                       5.9351675842319e-05         7.6742059695075e-16
12.7                        2.9858570898735e-05         8.3616338008876e-16
12.75                       3.5653642835136e-07         9.2673338465505e-16
12.8                        -2.9145578400862e-05        9.2380554642233e-16
12.85                       -5.8638923351437e-05        8.3298650728769e-16
12.9                        -8.8114649238714e-05        7.1513863346128e-16
12.95                       -0.00011756390999089        4.4635400356993e-16
13                          -0.00014697786462269        2.5066794541554e-16
13.05                       -0.00017634767909494        -1.2487504856607e-17
13.1                        -0.00020566452802837        -1.9832350358838e-16
13.15                       -0.00023491959623495        -3.5742652360905e-16
13.2                        -0.00026410408002111        -5.1418556182524e-16
13.25                       -0.00029320918821065        -5.4435275725028e-16
13.3                        -0.00032222614282297        -5.9413406182672e-16
13.35                       -0.00035114617932844        -5.2899994410896e-16
13.4                        -0.00037996054638806        -4.486089635829e-16
13.45                       -0.00040866050496235        -3.270984704834e-16
13.5                        -0.00043723732665198        -1.2642623108045e-16
13.55                       -0.00046568229110062        3.834382069417e-17
13.6                        -0.00049398668225586        2.8478591566514e-16
13.65                       -0.00052214178323757        4.8675487157306e-16
13.7                        -0.00055013886951022        6.1474589674515e-16
13.75                       -0.00057796919998822        7.1142210826625e-16
13.8                        -0.00060562400562356        6.8282664439212e-16
13.85                       -0.00063309447492539        6.7214031411477e-16
13.9                        -0.00066037173574206        5.0551644385876e-16
13.95                       -0.00068744683249053        3.2071532304516e-16
14                          -0.0007143106978393         8.6157787334455e-17
14.05                       -0.00074095411763676        -1.7294583658772e-16
14.1                        -0.00076736768761281        -3.8192612310245e-16
14.15                       -0.00079354176006481        -6.0200655254817e-16
14.2                        -0.00081946637835182        -7.5637171418072e-16
14.25                       -0.0008451311965532         -8.7279263179089e-16
14.3                        -0.00087052538108231        -9.6529167296558e-16
14.35                       -0.0008956374903629         -9.9579392347545e-16
14.4                        -0.00092045532785292        -1.0683705123119e-15
14.45                       -0.00094496576271352        -1.1247822147706e-15
14.5                        -0.00096915451123793        -1.2287165232865e-15
14.55                       -0.00099300587074958        -1.3667882628742e-15
14.6                        -0.001016502396011          -1.4406448320707e-15
14.65                       -0.0010396245062292         -1.5633736036167e-15
14.7                        -0.0010623500084644         -1.5967916310417e-15
14.75                       -0.0010846535206389         -1.7432319364009e-15
14.8                        -0.0011065057743941         -1.8598329075245e-15
14.85                       -0.0011278727748125         -1.9836234648914e-15
14.9                        -0.0011487147906091         -2.096700759282e-15
14.95                       -0.0011689851450217         -2.2011553326824e-15
15                          -0.001188628774677          -2.273219488668e-15
15.05                       -0.0012075805218371         -2.2624803954443e-15
15.1                        -0.0012257631257006         -2.1943800616645e-15
15.15                       -0.001243084882545          -2.0796456133382e-15
15.2                        -0.0012594369551186         -1.8908563134916e-15
15.25                       -0.001274690332945          -1.6327608198248e-15
15.3                        -0.0012886924834136         -1.3149394960656e-15
15.35                       -0.0013012637983433         -9.811928434286e-16
15.4                        -0.0013121940467057         -6.5384329617791e-16
15.45                       -0.0013212392134032         -3.1706848601663e-16
15.5                        -0.0013281193694947         -5.9758856880345e-17
15.55                       -0.0013325186306318         2.1586451647509e-16
15.6                        -0.0013340888918646         3.7935747008376e-16
15.65                       -0.0013324599890893         5.4436485013833e-16
15.7                        -0.0013272603952377         5.8753797031535e-16
15.75                       -0.001318290187204          6.1277787653482e-16
15.8                        -0.0013056271059916         5.7161556551955e-16
15.85                       -0.0012894716218567         4.3737659923617e-16
15.9                        -0.0012700035084299         2.1412135124991e-16
15.95                       -0.0012474057910649         4.9104537817735e-19
16                          -0.0012218767648315         -2.1265126189984e-16
16.05                       -0.0011936343283554         -3.8397436261463e-16
16.1                        -0.0011629156671122         -4.685171294048e-16
16.15                       -0.0011299744253482         -4.449135370616e-16
16.2                        -0.0010950768530491         -3.3399236632829e-16
16.25                       -0.0010584979447573         -1.9412252041721e-16
16.3                        -0.0010205182554941         2.6332308639616e-17
16.35                       -0.00098142184985079        2.3287017499062e-16
16.4                        -0.00094149568239873        4.486123529947e-16
16.45                       -0.00090103058683022        5.7312740064477e-16
16.5                        -0.00086032391383036        6.8587435889568e-16
16.55                       -0.00081968358676001        7.2138153606683e-16
16.6                        -0.00077943263719986        7.129671117687e-16
16.65                       -0.00073991127700133        6.7433736618651e-16
16.7                        -0.00070146761878204        6.4509376230109e-16
16.75                       -0.000664454517176          5.8321672873497e-16
16.8                        -0.00062898384779648        5.1503391582027e-16
16.85                       -0.00059494834703095        3.8882444257355e-16
16.9                        -0.00056226486893772        2.5691997706334e-16
16.95                       -0.00053086439785513        1.141795366811e-16
17                          -0.00050068821393131        -1.213801057421e-17
17.05                       -0.0004716866902201         -1.465108543856e-16
17.1                        -0.00044381933177227        -2.7018191055078e-16
17.15                       -0.00041705552511378        -3.6476256569948e-16
17.2                        -0.00039137580958493        -4.6904010520545e-16
17.25                       -0.00036677360365006        -5.6863588991176e-16
17.3                        -0.00034325731074849        -6.5221636838289e-16
17.35                       -0.00032085256090091        -7.1273272108285e-16
17.4                        -0.00029960383768311        -7.3082348782481e-16
17.45                       -0.00027957340604347        -7.6158941667613e-16
17.5                        -0.00026083205231852        -7.5947984624149e-16
17.55                       -0.00024346013355198        -7.7600232584877e-16
17.6                        -0.00022744346602698        -7.792419075682e-16
17.65                       -0.00021268813246111        -7.9592617332851e-16
17.7                        -0.00019912103111646        -8.4884300496766e-16
17.75                       -0.00018668299090793        -9.0226175639967e-16
17.8                        -0.00017532537713356        -9.9728387350277e-16
17.85                       -0.00016500790189737        -1.1279906484839e-15
17.9                        -0.00015569681431603        -1.2835100810975e-15
17.95                       -0.0001473631548926         -1.4493518409723e-15
18                          -0.0001399809499894         -1.6067479937121e-15
18.05                       -0.0001335253038705         -1.7494962751791e-15
18.1                        -0.00012797039066436        -1.8516674888228e-15
18.15                       -0.00012328738534614        -1.919078951698e-15
18.2                        -0.00011944241459812        -1.9639229765401e-15
18.25                       -0.00011639466330288        -1.982318966132e-15
18.3                        -0.00011409484758159        -1.9805556943664e-15
18.35                       -0.00011248436864219        -1.9595863858064e-15
18.4                        -0.00011149560308419        -1.9184822479731e-15
18.45                       -0.00011105397737364        -1.842505426943e-15
18.5                        -0.00011108273342014        -1.7176329154728e-15
18.55                       -0.00011152627518317        -1.5629127114977e-15
18.6                        -0.00011235392745391        -1.3913900979232e-15
18.65                       -0.00011353123979144        -1.2088893288682e-15
18.7                        -0.00011501641310773        -1.0370053535064e-15
18.75                       -0.00011676594924456        -8.77245675463e-16
18.8                        -0.00011873787442666        -7.1955772142784e-16
18.85                       -0.0001208934300413         -5.6620526147508e-16
18.9                        -0.00012319781482146        -4.1549441465666e-16
18.95                       -0.00012562035702337        -2.6838132993289e-16
19                          -0.00012813435922666        -1.2634455537856e-16
19.05                       -0.00013071676885483        1.1194714397389e-17
19.1                        -0.00013334776891172        1.386472983063e-16
19.15                       -0.00013601034536277        2.6108457927171e-16
19.2                        -0.00013868986309803        3.8019337902508e-16
19.25                       -0.00014137366684868        4.856453839138e-16
19.3                        -0.00014405071368996        5.779773863799e-16
19.35                       -0.00014671123778946        6.4946049744181e-16
19.4                        -0.00014934644448759        6.881131632721e-16
19.45                       -0.00015194822872715        6.9601665247882e-16
19.5                        -0.00015450891169556        6.6438945968447e-16
19.55                       -0.00015702098892936        5.9430875968899e-16
19.6                        -0.00015947688282476        5.08432303444e-16
19.65                       -0.00016186869236807        4.1687526556687e-16
19.7                        -0.0001641879328938         3.3427191382601e-16
19.75                       -0.00016642525881272        2.770073553112e-16
19.8                        -0.00016857016261358        2.4044373563603e-16
19.85                       -0.00017061064420771        2.2619367747381e-16
19.9                        -0.00017253284615143        2.3183751250163e-16
19.95                       -0.00017432065291691        2.395457686632e-16
20                          -0.00017595525691472        2.4617380600787e-16
20.05                       -0.00017741470151044        2.495260850388e-16
20.1                        -0.0001786734235039         2.4414742891575e-16
20.15                       -0.00017970183698842        2.3770983270564e-16
20.2                        -0.00018046603099001        2.2999741168544e-16
20.25                       -0.00018092770051219        2.1827397667767e-16
20.3                        -0.00018104450312398        2.0747464067597e-16
20.35                       -0.00018077114377767        1.9153813040237e-16
20.4                        -0.00018006165813955        1.6819225095009e-16
20.45                       -0.00017889209586894        1.446299576614e-16
20.5                        -0.00017727630387323        1.1844683267553e-16
20.55                       -0.00017524555474847        8.941144469446e-17
20.6                        -0.00017282827679336        6.1080864481047e-17
20.65                       -0.0001700528226509         2.9574719845475e-17
20.7                        -0.0001669488770712         -1.2361583749021e-18
20.75                       -0.00016354799094786        -2.2524580523842e-17
20.8                        -0.00015988358938877        -3.2256650406577e-17
20.85                       -0.00015599069868268        -2.6139564610044e-17
20.9                        -0.0001519055617552         -2.2200499830229e-18
20.95                       -0.00014766525719681        3.1678238808489e-17
21.002630398234             -0.0001430772385103         7.1240203442609e-17
21.058029574601             -0.00013815797789143        1.1318255628635e-16
21.116343188881             -0.00013293752644862        1.4532443764436e-16
21.177724563722             -0.00012746386769264        1.6938980052936e-16
21.242335087763             -0.00012180928621848        1.775733376954e-16
21.310344639971             -0.0001160798022858         1.7175122986491e-16
21.3819320363               -0.0001104278120863         1.5548552675666e-16
21.457285499847             -0.00010504393325399        1.3063786021615e-16
21.536603155744             -0.00010005275717967        9.7185685121782e-17
21.620093552081             -9.546051759424e-05         5.0690968921779e-17
21.707976208241             -9.1276677375687e-05        -1.0641053181796e-17
21.800482192072             -8.7508620606788e-05        -6.6361381406444e-17
21.897854727434             -8.4152349639345e-05        -8.1356085651478e-17
22.000349833698             -8.1174843274671e-05        -5.7153685693393e-17
22.108236998893             -7.8479665008617e-05        -2.876301324455e-17
22.221799888265             -7.5838444285104e-05        -1.5232831310042e-18
22.34133709011              -7.2751104227703e-05        1.2122636265649e-18
22.467162900849             -6.8160908685445e-05        7.7555643997502e-18
22.599608151396             -5.9739095792641e-05        1.8611666866302e-18
22.739021077007             -4.3587583868973e-05        -4.0834788146731e-19
22.885768232885             -1.8621781494932e-06        0
