x[nm]                  E_3_real[eV]           Psi_3_z1_real[nm^-1/2] E_3_imag[eV]           Psi_3_z1_imag[nm^-1/2]
7.1142317671146        1.4167478423565        1.4167171612386        1.4167478423565        1.4167600627579
7.260978922993         1.4167478423565        1.4160795304819        1.4167478423565        1.4170140334187
7.4003918486039        1.4167478423565        1.414871584868         1.4167478423565        1.4174951625715
7.532837099151         1.4167478423565        1.4133811113592        1.4167478423565        1.4180888236175
7.6586629098899        1.4167478423565        1.4116795527712        1.4167478423565        1.4187665606219
7.7782001117354        1.4167478423565        1.4098194532352        1.4167478423565        1.4195074450655
7.891763001107         1.4167478423565        1.4078287176506        1.4167478423565        1.4203003623246
7.9996501663019        1.4167478423565        1.4057213432709        1.4167478423565        1.4211397372421
8.1021452725658        1.4167478423565        1.4035028050774        1.4167478423565        1.4220233891129
8.1995178079279        1.4167478423565        1.4011735169318        1.4167478423565        1.4229511530945
8.2920237917592        1.4167478423565        1.3987310388268        1.4167478423565        1.4239240010505
8.3799064479186        1.4167478423565        1.3961715119825        1.4167478423565        1.4249434699472
8.4633968442558        1.4167478423565        1.3934906112574        1.4167478423565        1.4260112825042
8.5427145001525        1.4167478423565        1.3906841985841        1.4167478423565        1.4271290869289
8.6180679636999        1.4167478423565        1.3877488206685        1.4167478423565        1.428298258681
8.6896553600291        1.4167478423565        1.3847216066266        1.4167478423565        1.4295040090977
8.7576649122373        1.4167478423565        1.3816387227959        1.4167478423565        1.4307319329949
8.8222754362784        1.4167478423565        1.3785283545758        1.4167478423565        1.4319708040248
8.8836568111193        1.4167478423565        1.375415671441         1.4167478423565        1.4332105970937
8.9419704253995        1.4167478423565        1.3723229865128        1.4167478423565        1.4344424248038
8.9973696017656        1.4167478423565        1.3692698539367        1.4167478423565        1.4356584986675
9.05                   1.4167478423565        1.366273158404         1.4167478423565        1.4368520934505
9.1                    1.4167478423565        1.3633472202328        1.4167478423565        1.4380175053179
9.15                   1.4167478423565        1.3603531065012        1.4167478423565        1.4392100717601
9.2                    1.4167478423565        1.3573003277936        1.4167478423565        1.4404260046767
9.25                   1.4167478423565        1.3541996405778        1.4167478423565        1.4416610197272
9.3                    1.4167478423565        1.351063103333         1.4167478423565        1.4429103139753
9.35                   1.4167478423565        1.3479041267657        1.4167478423565        1.4441685458875
9.4                    1.4167478423565        1.3447375185141        1.4167478423565        1.4454298175275
9.45                   1.4167478423565        1.3415795231252        1.4167478423565        1.4466876586328
9.5                    1.4167478423565        1.3384478586412        1.4167478423565        1.4479350120425
9.55                   1.4167478423565        1.3353617518784        1.4167478423565        1.4491642196452
9.6                    1.4167478423565        1.3323419754663        1.4167478423565        1.4503670076269
9.65                   1.4167478423565        1.3293937012076        1.4167478423565        1.4515413160395
9.7                    1.4167478423565        1.3265104484413        1.4167478423565        1.4526897261541
9.75                   1.4167478423565        1.3236899584357        1.4167478423565        1.4538131376318
9.8                    1.4167478423565        1.3209301840016        1.4167478423565        1.4549123658753
9.85                   1.4167478423565        1.318229266416         1.4167478423565        1.455988151221
9.9                    1.4167478423565        1.3155855165127        1.4167478423565        1.4570411664699
9.95                   1.4167478423565        1.3129973988308        1.4167478423565        1.4580720232017
10                     1.4167478423565        1.3104635180453        1.4167478423565        1.4590812771794
10.05                  1.4167478423565        1.3079826071414        1.4167478423565        1.4600694330598
10.1                   1.4167478423565        1.3055535169476        1.4167478423565        1.4610369485618
10.15                  1.4167478423565        1.3031752067587        1.4167478423565        1.4619842382023
10.2                   1.4167478423565        1.3008467358494        1.4167478423565        1.4629116766757
10.25                  1.4167478423565        1.2985672557356        1.4167478423565        1.4638196019361
10.3                   1.4167478423565        1.2963360030757        1.4167478423565        1.4647083180253
10.35                  1.4167478423565        1.2941522931293        1.4167478423565        1.465578097678
10.4                   1.4167478423565        1.2920155137092        1.4167478423565        1.4664291847306
10.45                  1.4167478423565        1.2899251195753        1.4167478423565        1.4672617963542
10.5                   1.4167478423565        1.2878806272285        1.4167478423565        1.4680761251281
10.55                  1.4167478423565        1.2858816100695        1.4167478423565        1.4688723409686
10.6                   1.4167478423565        1.283927693892         1.4167478423565        1.4696505929233
10.65                  1.4167478423565        1.2820185526838        1.4167478423565        1.4704110108441
10.7                   1.4167478423565        1.2801539047135        1.4167478423565        1.4711537069456
10.75                  1.4167478423565        1.2783335088814        1.4167478423565        1.4718787772587
10.8                   1.4167478423565        1.2765571613159        1.4167478423565        1.4725863029863
10.85                  1.4167478423565        1.2748246921977        1.4167478423565        1.4732763517679
10.9                   1.4167478423565        1.2731359627984        1.4167478423565        1.4739489788597
10.95                  1.4167478423565        1.2714908627156        1.4167478423565        1.4746042282352
11                     1.4167478423565        1.2698893072946        1.4167478423565        1.4752421336128
11.05                  1.4167478423565        1.2683312352222        1.4167478423565        1.4758627194137
11.1                   1.4167478423565        1.2668166062821        1.4167478423565        1.4764660016562
11.15                  1.4167478423565        1.2653453992615        1.4167478423565        1.4770519887895
11.2                   1.4167478423565        1.2639176099984        1.4167478423565        1.4776206824713
11.25                  1.4167478423565        1.2625332495614        1.4167478423565        1.478172078293
11.3                   1.4167478423565        1.2611923425525        1.4167478423565        1.4787061664554
11.35                  1.4167478423565        1.2598949255264        1.4167478423565        1.4792229323987
11.4                   1.4167478423565        1.2586410455173        1.4167478423565        1.479722357389
11.45                  1.4167478423565        1.2574307586685        1.4167478423565        1.4802044190643
11.5                   1.4167478423565        1.2562641289563        1.4167478423565        1.4806690919425
11.55                  1.4167478423565        1.2551412270039        1.4167478423565        1.4811163478941
11.6                   1.4167478423565        1.25406212898          1.4167478423565        1.481546156581
11.65                  1.4167478423565        1.2530269155754        1.4167478423565        1.4819584858635
11.7                   1.4167478423565        1.2520356710554        1.4167478423565        1.4823533021786
11.75                  1.4167478423565        1.2510884823813        1.4167478423565        1.4827305708893
11.8                   1.4167478423565        1.2501854383989        1.4167478423565        1.483090256608
11.85                  1.4167478423565        1.2493266290895        1.4167478423565        1.4834323234947
11.9                   1.4167478423565        1.2485121448798        1.4167478423565        1.4837567355322
11.95                  1.4167478423565        1.2477420760087        1.4167478423565        1.484063456778
12                     1.4167478423565        1.2470165119468        1.4167478423565        1.4843524515957
12.05                  1.4167478423565        1.2463355408671        1.4167478423565        1.4846236848656
12.1                   1.4167478423565        1.2456992491644        1.4167478423565        1.4848771221763
12.15                  1.4167478423565        1.2451077210203        1.4167478423565        1.485112729998
12.2                   1.4167478423565        1.2445610380136        1.4167478423565        1.4853304758376
12.25                  1.4167478423565        1.2440592787725        1.4167478423565        1.4855303283772
12.3                   1.4167478423565        1.2436025186694        1.4167478423565        1.4857122575956
12.35                  1.4167478423565        1.2431908295542        1.4167478423565        1.4858762348749
12.4                   1.4167478423565        1.2428242795271        1.4167478423565        1.4860222330903
12.45                  1.4167478423565        1.2425029327496        1.4167478423565        1.4861502266862
12.5                   1.4167478423565        1.2422268492921        1.4167478423565        1.4862601917364
12.55                  1.4167478423565        1.2419960850174        1.4167478423565        1.4863521059904
12.6                   1.4167478423565        1.2418106915019        1.4167478423565        1.4864259489052
12.65                  1.4167478423565        1.2416707159902        1.4167478423565        1.4864817016631
12.7                   1.4167478423565        1.2415762013874        1.4167478423565        1.4865193471749
12.75                  1.4167478423565        1.2415271862851        1.4167478423565        1.4865388700692
12.8                   1.4167478423565        1.2415237050247        1.4167478423565        1.486540256668
12.85                  1.4167478423565        1.2415657877956        1.4167478423565        1.4865234949465
12.9                   1.4167478423565        1.2416534607703        1.4167478423565        1.4864885744803
12.95                  1.4167478423565        1.2417867462774        1.4167478423565        1.4864354863757
13                     1.4167478423565        1.2419656630114        1.4167478423565        1.4863642231866
13.05                  1.4167478423565        1.2421902262828        1.4167478423565        1.4862747788149
13.1                   1.4167478423565        1.2424604483073        1.4167478423565        1.4861671483949
13.15                  1.4167478423565        1.2427763385377        1.4167478423565        1.4860413281616
13.2                   1.4167478423565        1.2431379040377        1.4167478423565        1.4858973153015
13.25                  1.4167478423565        1.2435451499019        1.4167478423565        1.4857351077854
13.3                   1.4167478423565        1.2439980797216        1.4167478423565        1.4855547041828
13.35                  1.4167478423565        1.2444966960999        1.4167478423565        1.485356103457
13.4                   1.4167478423565        1.2450410012182        1.4167478423565        1.485139304739
13.45                  1.4167478423565        1.2456309974569        1.4167478423565        1.4849043070808
13.5                   1.4167478423565        1.2462666880723        1.4167478423565        1.4846511091854
13.55                  1.4167478423565        1.2469480779343        1.4167478423565        1.484379709113
13.6                   1.4167478423565        1.2476751743268        1.4167478423565        1.4840901039625
13.65                  1.4167478423565        1.2484479878154        1.4167478423565        1.4837822895254
13.7                   1.4167478423565        1.2492665331869        1.4167478423565        1.4834562599124
13.75                  1.4167478423565        1.2501308304628        1.4167478423565        1.4831120071485
13.8                   1.4167478423565        1.2510409059945        1.4167478423565        1.4827495207381
13.85                  1.4167478423565        1.2519967936425        1.4167478423565        1.4823687871943
13.9                   1.4167478423565        1.2529985360477        1.4167478423565        1.4819697895331
13.95                  1.4167478423565        1.2540461859976        1.4167478423565        1.4815525067291
14                     1.4167478423565        1.2551398078973        1.4167478423565        1.4811169131294
14.05                  1.4167478423565        1.256279479349         1.4167478423565        1.4806629778249
14.1                   1.4167478423565        1.2574652928497        1.4167478423565        1.4801906639737
14.15                  1.4167478423565        1.2586973576134        1.4167478423565        1.4796999280753
14.2                   1.4167478423565        1.2599758015277        1.4167478423565        1.4791907191918
14.25                  1.4167478423565        1.2613007732526        1.4167478423565        1.4786629781112
14.3                   1.4167478423565        1.2626724444733        1.4167478423565        1.4781166364508
14.35                  1.4167478423565        1.2640910123151        1.4167478423565        1.4775516156948
14.4                   1.4167478423565        1.2655567019339        1.4167478423565        1.4769678261628
14.45                  1.4167478423565        1.2670697692943        1.4167478423565        1.4763651659032
14.5                   1.4167478423565        1.2686305041476        1.4167478423565        1.4757435195069
14.55                  1.4167478423565        1.2702392332243        1.4167478423565        1.475102756836
14.6                   1.4167478423565        1.271896323658         1.4167478423565        1.47444273166
14.65                  1.4167478423565        1.2736021866545        1.4167478423565        1.4737632801938
14.7                   1.4167478423565        1.2753572814277        1.4167478423565        1.4730642195311
14.75                  1.4167478423565        1.2771621194184        1.4167478423565        1.472345345963
14.8                   1.4167478423565        1.2790172688208        1.4167478423565        1.4716064331759
14.85                  1.4167478423565        1.2809233594375        1.4167478423565        1.4708472303168
14.9                   1.4167478423565        1.2828810878921        1.4167478423565        1.4700674599182
14.95                  1.4167478423565        1.2848912232263        1.4167478423565        1.4692668156679
15                     1.4167478423565        1.2869546129165        1.4167478423565        1.468444960013
15.05                  1.4167478423565        1.2890721893486        1.4167478423565        1.4676015215807
15.1                   1.4167478423565        1.2912449767956        1.4167478423565        1.4667360923994
15.15                  1.4167478423565        1.2934740989535        1.4167478423565        1.4658482248969
15.2                   1.4167478423565        1.2957607871019        1.4167478423565        1.46493742865
15.25                  1.4167478423565        1.2981063889753        1.4167478423565        1.464003166851
15.3                   1.4167478423565        1.3005123784529        1.4167478423565        1.4630448524487
15.35                  1.4167478423565        1.3029803662121        1.4167478423565        1.4620618439041
15.4                   1.4167478423565        1.3055121115397        1.4167478423565        1.4610534404871
15.45                  1.4167478423565        1.3081095355671        1.4167478423565        1.4600188770039
15.5                   1.4167478423565        1.3107747362993        1.4167478423565        1.4589573178114
15.55                  1.4167478423565        1.31351000596          1.4167478423565        1.4578678499086
15.6                   1.4167478423565        1.3163178513924        1.4167478423565        1.4567494748107
15.65                  1.4167478423565        1.3192010185777        1.4167478423565        1.4556010987834
15.7                   1.4167478423565        1.3221625227968        1.4167478423565        1.4544215208292
15.75                  1.4167478423565        1.3252089400961        1.4167478423565        1.4532081216847
15.8                   1.4167478423565        1.328333757776         1.4167478423565        1.4519634953822
15.85                  1.4167478423565        1.3315140403812        1.4167478423565        1.4506967771972
15.9                   1.4167478423565        1.3347284428403        1.4167478423565        1.4494164689497
15.95                  1.4167478423565        1.3379571719419        1.4167478423565        1.4481304543481
16                     1.4167478423565        1.3411819482384        1.4167478423565        1.4468460141632
16.05                  1.4167478423565        1.3443859651346        1.4167478423565        1.4455698425234
16.1                   1.4167478423565        1.3475538429227        1.4167478423565        1.4443080652224
16.15                  1.4167478423565        1.3506715762825        1.4167478423565        1.4430662606304
16.2                   1.4167478423565        1.353726474317         1.4167478423565        1.4418494835782
16.25                  1.4167478423565        1.3567070925936        1.4167478423565        1.440662292425
16.3                   1.4167478423565        1.3596031569259        1.4167478423565        1.4395087794168
16.35                  1.4167478423565        1.3624054787853        1.4167478423565        1.4383926043783
16.4                   1.4167478423565        1.3651058622985        1.4167478423565        1.4373170317556
16.45                  1.4167478423565        1.36769700276          1.4167478423565        1.4362849710396
16.5                   1.4167478423565        1.3701723764784        1.4167478423565        1.4352990206405
16.55                  1.4167478423565        1.3725261215453        1.4167478423565        1.4343615153779
16.6                   1.4167478423565        1.3747529086992        1.4167478423565        1.433474577916
16.65                  1.4167478423565        1.3768478006148        1.4167478423565        1.4326401748095
16.7                   1.4167478423565        1.3788060959898        1.4167478423565        1.4318601786045
16.75                  1.4167478423565        1.3806192806702        1.4167478423565        1.4311379805194
16.8                   1.4167478423565        1.3822872748753        1.4167478423565        1.4304736123313
16.85                  1.4167478423565        1.3838205773168        1.4167478423565        1.4298628923649
16.9                   1.4167478423565        1.3852285483034        1.4167478423565        1.4293020923751
16.95                  1.4167478423565        1.3865194932666        1.4167478423565        1.4287879042781
17                     1.4167478423565        1.3877007431486        1.4167478423565        1.4283174081328
17.05                  1.4167478423565        1.3887787272688        1.4167478423565        1.4278880431179
17.1                   1.4167478423565        1.3897590373752        1.4167478423565        1.4274975820196
17.15                  1.4167478423565        1.39064648277          1.4167478423565        1.4271441092754
17.2                   1.4167478423565        1.3914451368037        1.4167478423565        1.4268260024549
17.25                  1.4167478423565        1.3921583751306        1.4167478423565        1.4265419170225
17.3                   1.4167478423565        1.3927889060832        1.4167478423565        1.4262907742397
17.35                  1.4167478423565        1.3933387934156        1.4167478423565        1.4260717521054
17.4                   1.4167478423565        1.3938094714669        1.4167478423565        1.4258842793173
17.45                  1.4167478423565        1.3942017524164        1.4167478423565        1.4257280323814
17.5                   1.4167478423565        1.3945158244765        1.4167478423565        1.425602936332
17.55                  1.4167478423565        1.3947524241176        1.4167478423565        1.4255086978302
17.6                   1.4167478423565        1.3949168264005        1.4167478423565        1.4254432158001
17.65                  1.4167478423565        1.3950169157899        1.4167478423565        1.4254033498305
17.7                   1.4167478423565        1.395059839954         1.4167478423565        1.425386252979
17.75                  1.4167478423565        1.3950521405209        1.4167478423565        1.4253893196914
17.8                   1.4167478423565        1.3949998695912        1.4167478423565        1.4254101393937
17.85                  1.4167478423565        1.3949086915579        1.4167478423565        1.4254464559376
17.9                   1.4167478423565        1.3947839714173        1.4167478423565        1.4254961324254
17.95                  1.4167478423565        1.3946308510857        1.4167478423565        1.4255571208131
18                     1.4167478423565        1.3944543151636        1.4167478423565        1.4256274357161
18.05                  1.4167478423565        1.3942592474143        1.4167478423565        1.4257051319136
18.1                   1.4167478423565        1.3940504790302        1.4167478423565        1.425788285124
18.15                  1.4167478423565        1.3938328295948        1.4167478423565        1.4258749756896
18.2                   1.4167478423565        1.3936111415001        1.4167478423565        1.4259632748679
18.25                  1.4167478423565        1.3933903084743        1.4167478423565        1.4260512334692
18.3                   1.4167478423565        1.393175298789         1.4167478423565        1.4261368726127
18.35                  1.4167478423565        1.3929711736668        1.4167478423565        1.4262181763949
18.4                   1.4167478423565        1.3927831013914        1.4167478423565        1.4262930862696
18.45                  1.4167478423565        1.3926163676331        1.4167478423565        1.4263594969348
18.5                   1.4167478423565        1.3924763825542        1.4167478423565        1.4264152535034
18.55                  1.4167478423565        1.3923663430175        1.4167478423565        1.426459082653
18.6                   1.4167478423565        1.3922860130232        1.4167478423565        1.4264910783833
18.65                  1.4167478423565        1.3922338417293        1.4167478423565        1.4265118584004
18.7                   1.4167478423565        1.3922084050049        1.4167478423565        1.4265219899407
18.75                  1.4167478423565        1.3922083903634        1.4167478423565        1.4265219957724
18.8                   1.4167478423565        1.3922325851139        1.4167478423565        1.4265123589149
18.85                  1.4167478423565        1.3922798668294        1.4167478423565        1.4264935264348
18.9                   1.4167478423565        1.392349195507         1.4167478423565        1.4264659125691
18.95                  1.4167478423565        1.3924396069882        1.4167478423565        1.4264299013457
19                     1.4167478423565        1.3925502073375        1.4167478423565        1.4263858488223
19.05                  1.4167478423565        1.3926801679688        1.4167478423565        1.4263340850279
19.1                   1.4167478423565        1.3928287213686        1.4167478423565        1.4262749156658
19.15                  1.4167478423565        1.3929951573107        1.4167478423565        1.4262086236218
19.2                   1.4167478423565        1.3931788194853        1.4167478423565        1.4261354703064
19.25                  1.4167478423565        1.3933791024845        1.4167478423565        1.4260556968558
19.3                   1.4167478423565        1.3935954491042        1.4167478423565        1.4259695252065
19.35                  1.4167478423565        1.3938273479286        1.4167478423565        1.4258771590572
19.4                   1.4167478423565        1.3940743311746        1.4167478423565        1.4257787847276
19.45                  1.4167478423565        1.3943359727751        1.4167478423565        1.4256745719219
19.5                   1.4167478423565        1.3946118866877        1.4167478423565        1.4255646744021
19.55                  1.4167478423565        1.3949017254152        1.4167478423565        1.4254492305776
19.6                   1.4167478423565        1.3952051787297        1.4167478423565        1.4253283640134
19.65                  1.4167478423565        1.3955219725911        1.4167478423565        1.4252021838606
19.7                   1.4167478423565        1.3958518682554        1.4167478423565        1.4250707852118
19.75                  1.4167478423565        1.3961946615688        1.4167478423565        1.4249342493822
19.8                   1.4167478423565        1.3965501824436        1.4167478423565        1.4247926441184
19.85                  1.4167478423565        1.3969182945185        1.4167478423565        1.4246460237336
19.9                   1.4167478423565        1.3972988950024        1.4167478423565        1.4244944291698
19.95                  1.4167478423565        1.3976919147083        1.4167478423565        1.4243378879846
20                     1.4167478423565        1.3980973182851        1.4167478423565        1.4241764142583
20.05                  1.4167478423565        1.3985151046618        1.4167478423565        1.4240100084175
20.1                   1.4167478423565        1.3989453077232        1.4167478423565        1.4238386569658
20.15                  1.4167478423565        1.3993879972485        1.4167478423565        1.4236623321099
20.2                   1.4167478423565        1.3998432801571        1.4167478423565        1.4234809912635
20.25                  1.4167478423565        1.4003113021243        1.4167478423565        1.4232945764034
20.3                   1.4167478423565        1.4007922496622        1.4167478423565        1.4231030132413
20.35                  1.4167478423565        1.4012863527987        1.4167478423565        1.4229062101562
20.4                   1.4167478423565        1.4017938885508        1.4167478423565        1.4227040568112
20.45                  1.4167478423565        1.4023158422294        1.4167478423565        1.4224961607533
20.5                   1.4167478423565        1.4028511517095        1.4167478423565        1.4222829450309
20.55                  1.4167478423565        1.4033960396847        1.4167478423565        1.422065914159
20.6                   1.4167478423565        1.4039470019494        1.4167478423565        1.4218464638753
20.65                  1.4167478423565        1.4045008015618        1.4167478423565        1.4216258834656
20.7                   1.4167478423565        1.4050544632902        1.4167478423565        1.4214053579757
20.75                  1.4167478423565        1.4056052677819        1.4167478423565        1.4211859705335
20.8                   1.4167478423565        1.4061507450749        1.4167478423565        1.4209687049341
20.85                  1.4167478423565        1.4066886672053        1.4167478423565        1.4207544485836
20.9                   1.4167478423565        1.4072170397677        1.4167478423565        1.4205439958609
20.95                  1.4167478423565        1.407734092355         1.4167478423565        1.4203380519256
21.002630398234        1.4167478423565        1.4082643412511        1.4167478423565        1.4201268518523
21.058029574601        1.4167478423565        1.4088052646892        1.4167478423565        1.41991140007
21.116343188881        1.4167478423565        1.4093538752977        1.4167478423565        1.4196928864596
21.177724563722        1.4167478423565        1.4099066995707        1.4167478423565        1.4194726945311
21.242335087763        1.4167478423565        1.4104597600775        1.4167478423565        1.41925240851
21.310344639971        1.4167478423565        1.411008556255         1.4167478423565        1.4190338209867
21.3819320363          1.4167478423565        1.4115480340659        1.4167478423565        1.4188189450029
21.457285499847        1.4167478423565        1.4120717036116        1.4167478423565        1.418610365509
21.536603155744        1.4167478423565        1.4125729005255        1.4167478423565        1.4184107369464
21.620093552081        1.4167478423565        1.4130522047905        1.4167478423565        1.4182198283059
21.707976208241        1.4167478423565        1.413510313891         1.4167478423565        1.4180373617768
21.800482192072        1.4167478423565        1.4139479536575        1.4167478423565        1.4178630482584
21.897854727434        1.4167478423565        1.4143657609982        1.4167478423565        1.4176966340675
22.000349833698        1.4167478423565        1.4147641124742        1.4167478423565        1.4175379692188
22.108236998893        1.4167478423565        1.4151428653409        1.4167478423565        1.4173871105677
22.221799888265        1.4167478423565        1.4155009585049        1.4167478423565        1.4172444807517
22.34133709011         1.4167478423565        1.4158357859749        1.4167478423565        1.4171111177466
22.467162900849        1.4167478423565        1.4161422211597        1.4167478423565        1.4169890634926
22.599608151396        1.4167478423565        1.4164106719295        1.4167478423565        1.4168821385698
22.739021077007        1.4167478423565        1.4166281169229        1.4167478423565        1.4167955294342
22.885768232885        1.4167478423565        1.4167423439343        1.4167478423565        1.4167500323981
