x[nm]                       Envelope_real_part[nm^-1/2] Envelope_imag_part[nm^-1/2]
7.1142317671146             0.052289577551907           2.4962021426186e-13
7.260978922993              -1.2098352356205            -5.775636789703e-12
7.4003918486039             -0.81514743777766           -3.891092491461e-12
7.532837099151              -0.72149203082536           -3.4439014967028e-12
7.6586629098899             -0.61669120112213           -2.9425842896982e-12
7.7782001117354             -0.53402234484975           -2.5480826481695e-12
7.891763001107              -0.4658285151786            -2.2218974821531e-12
7.9996501663019             -0.40937355423797           -1.9528778553933e-12
8.1021452725658             -0.36233653915241           -1.7288352584152e-12
8.1995178079279             -0.32291927685947           -1.5411196628082e-12
8.2920237917592             -0.28971025035718           -1.3826282677865e-12
8.3799064479186             -0.26159072944775           -1.248588690228e-12
8.4633968442558             -0.23765448125583           -1.135001880375e-12
8.5427145001525             -0.21710091857226           -1.0373073107967e-12
8.6180679636999             -0.19897305204134           -9.50625034234e-13
8.6896553600291             -0.18351232337103           -8.7623851885124e-13
8.7576649122373             -0.17030364371657           -8.1265358117518e-13
8.8222754362784             -0.15888757623289           -7.5771327791273e-13
8.8836568111193             -0.14894824686933           -7.1018352635788e-13
8.9419704253995             -0.14024152354112           -6.689609038826e-13
8.9973696017656             -0.13257214315056           -6.3255064135235e-13
9.05                        -0.12578171214823           -6.0027782682488e-13
9.1                         -0.11974068142723           -5.7148652254514e-13
9.15                        -0.11406465787592           -5.4433185609531e-13
9.2                         -0.10872711517152           -5.1869866457876e-13
9.25                        -0.10370344473386           -4.9455241139808e-13
9.3                         -0.098971617734248          -4.7192200082758e-13
9.35                        -0.094512746006808          -4.5058375156228e-13
9.4                         -0.090311708017626          -4.3048492005226e-13
9.45                        -0.086357953842852          -4.1158558843256e-13
9.5                         -0.082646590082404          -3.9389362432477e-13
9.55                        -0.079179853904792          -3.7738830384683e-13
9.6                         -0.075969108153805          -3.6216948544485e-13
9.65                        -0.072975181519794          -3.4801810144449e-13
9.7                         -0.070142008469863          -3.3468298656681e-13
9.75                        -0.067447986190228          -3.2196895516856e-13
9.8                         -0.064877308246143          -3.0984862770568e-13
9.85                        -0.06241815063468           -2.9810928033267e-13
9.9                         -0.060061437208767          -2.8677915681861e-13
9.95                        -0.057799998950287          -2.7597319004598e-13
10                          -0.055628000997927          -2.6563607837423e-13
10.05                       -0.053540551725649          -2.5579822293537e-13
10.1                        -0.051533435618941          -2.4634141610428e-13
10.15                       -0.049602930353508          -2.3722282383492e-13
10.2                        -0.047745681161856          -2.283764654164e-13
10.25                       -0.045958614191948          -2.198664648684e-13
10.3                        -0.044238876420105          -2.1166701522339e-13
10.35                       -0.042583793661905          -2.0368344458378e-13
10.4                        -0.040990840931139          -1.9600104746403e-13
10.45                       -0.039457621236452          -1.8849596230005e-13
10.5                        -0.037981850155671          -1.8130059211082e-13
10.55                       -0.03656134437788           -1.7436672205702e-13
10.6                        -0.03519401298114           -1.6790752190317e-13
10.65                       -0.033877850606617          -1.6180234401275e-13
10.7                        -0.032610931957053          -1.5588383793263e-13
10.75                       -0.031391407229158          -1.5003522557153e-13
10.8                        -0.030217498213071          -1.4436719719757e-13
10.85                       -0.029087494876136          -1.388459638127e-13
10.9                        -0.02799975230544           -1.3369676167115e-13
10.95                       -0.026952687922531          -1.2874320575839e-13
11                          -0.025944778910293          -1.2392886134405e-13
11.05                       -0.024974559810054          -1.1916513688605e-13
11.1                        -0.024040620259381          -1.1453672954992e-13
11.15                       -0.023141602849444          -1.1018548553973e-13
11.2                        -0.02227620108667           -1.0607472077226e-13
11.25                       -0.021443157447353          -1.021360999843e-13
11.3                        -0.020641261516665          -9.8297621944014e-14
11.35                       -0.019869348205411          -9.4668829265073e-14
11.4                        -0.019126296039194          -9.1238179939979e-14
11.45                       -0.01841102551564           -8.7989320584222e-14
11.5                        -0.01772249752595           -8.4703820101087e-14
11.55                       -0.01705971183758           -8.1481494562686e-14
11.6                        -0.016421705635181          -7.8390787333536e-14
11.65                       -0.015807552117237          -7.5570142986823e-14
11.7                        -0.015216359146006          -7.2922692863706e-14
11.75                       -0.014647267948589          -7.0362555452794e-14
11.8                        -0.014099451867046          -6.7799774706532e-14
11.85                       -0.013572115155624          -6.5268971681444e-14
11.9                        -0.013064491823254          -6.2921667813154e-14
11.95                       -0.012575844519548          -6.0673290313209e-14
12                          -0.012105463462647          -5.8392399950111e-14
12.05                       -0.011652665407297          -5.6160785671616e-14
12.1                        -0.011216792651626          -5.3872942138166e-14
12.15                       -0.010797212081152          -5.1730240828016e-14
12.2                        -0.01039331424862           -4.9820474591573e-14
12.25                       -0.010004512488296          -4.8123579953939e-14
12.3                        -0.0096302420634341         -4.6489171534228e-14
12.35                       -0.0092699593456513         -4.4906077658473e-14
12.4                        -0.0089231410250237         -4.3359635014442e-14
12.45                       -0.0085892833497336         -4.1875485149902e-14
12.5                        -0.008267901394166          -4.0578200295981e-14
12.55                       -0.0079585283543812         -3.9405263190276e-14
12.6                        -0.0076607148699357         -3.8319881643643e-14
12.65                       -0.0073740283710637         -3.7137858673711e-14
12.7                        -0.007098052450265          -3.5861552047565e-14
12.75                       -0.0068323862573865         -3.4491273171289e-14
12.8                        -0.006576643917313          -3.3171957581474e-14
12.85                       -0.0063304539694218         -3.1950811528544e-14
12.9                        -0.0060934588279832         -3.0757200964506e-14
12.95                       -0.005865314262722          -2.9651353885273e-14
13                          -0.0056456888987856         -2.8561661597714e-14
13.05                       -0.0054342637353893         -2.7454334633401e-14
13.1                        -0.0052307316824391         -2.6392762525472e-14
13.15                       -0.0050347971144584         -2.5429240699845e-14
13.2                        -0.0048461754411688         -2.4625974507402e-14
13.25                       -0.0046645926941021         -2.3908116187824e-14
13.3                        -0.0044897851286411         -2.32966883711e-14
13.35                       -0.0043214988409111         -2.2869561168787e-14
13.4                        -0.0041594893989643         -2.2303609034854e-14
13.45                       -0.0040035214877215         -2.1563958879143e-14
13.5                        -0.0038533685671541         -2.0640536955818e-14
13.55                       -0.0037088125432099         -1.9694662828274e-14
13.6                        -0.0035696434510032         -1.8791571786024e-14
13.65                       -0.0034356591498095         -1.7985223802703e-14
13.7                        -0.0033066650294206         -1.7225009932671e-14
13.75                       -0.0031824737274324         -1.6437838567233e-14
13.8                        -0.0030629048570563         -1.5743585672241e-14
13.85                       -0.0029477847450562         -1.5077326094899e-14
13.9                        -0.0028369461794316         -1.4371983487844e-14
13.95                       -0.0027302281664826         -1.3591318980074e-14
14                          -0.0026274756969029         -1.2837031304848e-14
14.05                       -0.0025285395205676         -1.2219137859115e-14
14.1                        -0.002433275929692          -1.1792759143852e-14
14.15                       -0.002341546550058          -1.1428684779619e-14
14.2                        -0.0022532181400185         -1.1011187620675e-14
14.25                       -0.0021681623970123         -1.0593244472647e-14
14.3                        -0.0020862557713469         -1.0180445314054e-14
14.35                       -0.0020073792870319         -9.8703141402463e-15
14.4                        -0.0019314183694883         -9.6375110263882e-15
14.45                       -0.0018582626800104         -9.3219556198612e-15
14.5                        -0.001787805956928          -8.9408926421633e-15
14.55                       -0.0017199458635193         -8.5558338514004e-15
14.6                        -0.0016545838428726         -8.2191025265875e-15
14.65                       -0.0015916249801077         -7.9466985580049e-15
14.7                        -0.0015309778726707         -7.6041151011432e-15
14.75                       -0.0014725545098747         -7.1364351201916e-15
14.8                        -0.001416270163515          -6.5511715093714e-15
14.85                       -0.0013620432923556         -5.9821269915225e-15
14.9                        -0.0013097954647143         -5.6188066969357e-15
14.95                       -0.0012594513054653         -5.3890669336905e-15
15                          -0.0012109384768588         -5.197120663383e-15
15.05                       -0.0011641877070934         -4.9904084365794e-15
15.1                        -0.0011191328872463         -4.7922391236919e-15
15.15                       -0.0010757112669831         -4.5312776041504e-15
15.2                        -0.001033863793912          -4.4077767437035e-15
15.25                       -0.00099353566270177        -4.3977823797914e-15
15.3                        -0.00095467717136208        -4.4251028151245e-15
15.35                       -0.00091724502810368        -4.2576074498313e-15
15.4                        -0.00088120431992731        -3.9766069563415e-15
15.45                       -0.00084653145373828        -3.6920890366129e-15
15.5                        -0.00081321852742456        -3.5009210190671e-15
15.55                       -0.00078127980410247        -3.3477643580293e-15
15.6                        -0.00075076128022653        -3.1694855101594e-15
15.65                       -0.00072175480541597        -3.1039621636119e-15
15.7                        -0.00069441889923599        -2.9799765654629e-15
15.75                       -0.00066845859679011        -2.8077626169179e-15
15.8                        -0.00064338245455273        -2.536175772866e-15
15.85                       -0.00061900917821939        -2.1724593665028e-15
15.9                        -0.00059523587687858        -1.8743788680115e-15
15.95                       -0.00057201470803999        -1.7835025676928e-15
16                          -0.00054933547082726        -1.7282641705921e-15
16.05                       -0.00052721274259355        -1.5287568523731e-15
16.1                        -0.00050567648073849        -1.2782390693853e-15
16.15                       -0.00048476526077093        -1.1663367879431e-15
16.2                        -0.00046452151176239        -1.1793691943333e-15
16.25                       -0.00044498825448567        -1.3876302921156e-15
16.3                        -0.00042620695453138        -1.6742028487677e-15
16.35                       -0.00040821617631581        -1.9876661912476e-15
16.4                        -0.00039105075945577        -2.2078021930771e-15
16.45                       -0.00037474121295278        -2.1451209322597e-15
16.5                        -0.00035931286149022        -2.1010026739405e-15
16.55                       -0.00034478376270753        -1.9196945508764e-15
16.6                        -0.00033115886996768        -1.7251031881655e-15
16.65                       -0.00031841314106781        -1.7976812875544e-15
16.7                        -0.00030644057073234        -1.7067700063829e-15
16.75                       -0.00029543975753964        -1.3301769496019e-15
16.8                        -0.00028562344860815        -1.3437810643868e-15
16.85                       -0.00027691122671973        -1.233661436929e-15
16.9                        -0.00026925293313785        -1.3252118262728e-15
16.95                       -0.00026261283989431        -1.0248049031679e-15
17                          -0.00025696323677343        -7.1129783914922e-16
17.05                       -0.00025228180699144        -7.1719948060965e-16
17.1                        -0.0002485505311651         -7.9305074455406e-16
17.15                       -0.00024575521000833        -9.4176864489373e-16
17.2                        -0.00024388523648471        -1.0195445739396e-15
17.25                       -0.00024293345936398        -1.0785957032063e-15
17.3                        -0.00024289605058823        -1.151858318842e-15
17.35                       -0.00024377228132487        -8.7845212793827e-16
17.4                        -0.00024556401932269        -8.3559471353907e-16
17.45                       -0.00024827450097836        -7.8152334851168e-16
17.5                        -0.00025190527426102        -5.1695236172152e-16
17.55                       -0.00025636168257314        -1.9987207386722e-16
17.6                        -0.00026155803965937        1.4608219678223e-16
17.65                       -0.00026752583046579        3.6322448824727e-16
17.7                        -0.00027425821718613        6.7262777768815e-16
17.75                       -0.00028173471687136        8.8599308322482e-16
17.8                        -0.00028992924660625        9.0966493721336e-16
17.85                       -0.0002988127955873         8.3425358498583e-16
17.9                        -0.00030835430026322        7.7620613633341e-16
17.95                       -0.00031852096835366        6.9224478358892e-16
18                          -0.0003292785469738         6.3025934313203e-16
18.05                       -0.00034059178364961        5.1750214612417e-16
18.1                        -0.00035242525729358        4.6817383664719e-16
18.15                       -0.00036474475257961        4.5628550749226e-16
18.2                        -0.0003775193802285         4.1322864356198e-16
18.25                       -0.00039072469684288        3.1849060194439e-16
18.3                        -0.00040434714986812        1.9844789911566e-16
18.35                       -0.00041839026924739        1.1945991706024e-16
18.4                        -0.00043288315353175        1.8098824054422e-16
18.45                       -0.00044789196348034        2.8766804430071e-16
18.5                        -0.00046353535258723        3.3617498784813e-16
18.55                       -0.00048011547841421        2.9673625485381e-16
18.6                        -0.00049780463060539        2.1409091355504e-16
18.65                       -0.00051649581235674        2.2367939679931e-16
18.7                        -0.00053612611462173        3.4186133980651e-16
18.75                       -0.00055666294976171        4.7867557773841e-16
18.8                        -0.0005780947129779         6.2420978755234e-16
18.85                       -0.00060042445325361        7.261697544051e-16
18.9                        -0.00062366559000419        7.0065833419451e-16
18.95                       -0.00064783902050925        6.2680086588719e-16
19                          -0.000672971173138          6.154864357732e-16
19.05                       -0.00069909270407803        5.9867362862431e-16
19.1                        -0.00072623763229428        4.7763459704036e-16
19.15                       -0.00075444277343265        3.2477480777397e-16
19.2                        -0.00078374737830302        2.4007725668754e-16
19.25                       -0.00081419291222315        2.3701500657238e-16
19.3                        -0.00084582293250197        2.9124405178212e-16
19.35                       -0.00087868303585722        2.9879162302525e-16
19.4                        -0.00091282085779942        2.0869598357935e-16
19.45                       -0.00094828611351251        1.2829987928688e-16
19.5                        -0.00098513067564892        1.0797108461913e-16
19.55                       -0.0010234086896323         6.4219711755596e-17
19.6                        -0.0010631767323024         -5.7503456043784e-17
19.65                       -0.0011044940258274         -1.5645024302179e-16
19.7                        -0.0011474227266721         -1.3896408358498e-16
19.75                       -0.0011920283202474         -1.0516887938918e-16
19.8                        -0.001238380167275          -1.0711033038904e-16
19.85                       -0.0012865522702477         -7.430954352105e-17
19.9                        -0.0013366243609959         -7.0168934962765e-18
19.95                       -0.0013886834582175         6.1782905272077e-17
20                          -0.0014428261141122         3.6503159559666e-17
20.05                       -0.0014991616725971         -1.4804675374528e-16
20.1                        -0.0015578170135575         -3.2918914641494e-16
20.15                       -0.0016189434811599         -3.6331535372082e-16
20.2                        -0.0016827270231814         -2.9497905694917e-16
20.25                       -0.0017494030522335         -2.1390141211065e-16
20.3                        -0.0018192782517831         -1.8265465170802e-16
20.35                       -0.0018927625974735         -2.0863889509568e-16
20.4                        -0.0019704164056446         -2.6676112253445e-16
20.45                       -0.0020536938557156         -3.1773945738293e-16
20.5                        -0.002143610939617          -3.1725302821018e-16
20.55                       -0.0022398729395312         -2.5459171119465e-16
20.6                        -0.0023424218309449         -1.4516022472408e-16
20.65                       -0.0024513845353959         -9.8260826085758e-17
20.7                        -0.0025670346880494         -1.7784630516426e-16
20.75                       -0.0026897644982015         -2.8761997348986e-16
20.8                        -0.0028200638704991         -4.8328625234873e-16
20.85                       -0.0029585041691323         -6.4329363240337e-16
20.9                        -0.0031057236694342         -6.126626737867e-16
20.95                       -0.0032624103873121         -5.9264002865299e-16
21.002630398234             -0.0034385343590869         -5.9153598440071e-16
21.058029574601             -0.0036374557105272         -1.5391811747043e-16
21.116343188881             -0.0038632827080693         9.3896052588683e-17
21.177724563722             -0.0041210799066312         4.6495050344087e-16
21.242335087763             -0.0044171793800233         3.6818448773435e-16
21.310344639971             -0.0047597739792493         3.3349557078607e-16
21.3819320363               -0.0051607801551575         2.2052433758643e-16
21.457285499847             -0.0056309641008833         7.7966550658501e-17
21.536603155744             -0.0061640635233727         1.0149044847911e-16
21.620093552081             -0.0067848999333049         -1.2919196507769e-16
21.707976208241             -0.0075142382261015         1.1742870159211e-16
21.800482192072             -0.0083755834373476         3.8902591323498e-17
21.897854727434             -0.009397952162875          -5.2723806627224e-17
22.000349833698             -0.010617955033556          2.6956517832342e-16
22.108236998893             -0.012082231928554          3.9801528676099e-16
22.221799888265             -0.013850980812519          2.3490872902186e-16
22.34133709011              -0.015995169633799          8.8641118081624e-17
22.467162900849             -0.018713397242533          -2.7363708418838e-16
22.599608151396             -0.021142545118581          4.1198807477276e-16
22.739021077007             -0.03137959450003           -1.2679404109802e-16
22.885768232885             0.0013562390082942          -2.1898956095328e-18
