x[nm]                Probability[nm^-1]  
7.1142317671146      0.00070648235537902
7.260978922993       0.14604753945966
7.4003918486039      0.059521693999224
7.532837099151       0.044688271702219
7.6586629098899      0.031361496683348
7.7782001117354      0.02281585874503
7.891763001107       0.016925579299036
7.9996501663019      0.012776728538045
8.1021452725658      0.0097906960487018
8.1995178079279      0.0076013609031297
8.2920237917592      0.0059696047649126
8.3799064479186      0.0047353978783877
8.4633968442558      0.0037898391788259
8.5427145001525      0.0030595805271396
8.6180679636999      0.0025022605670659
8.6896553600291      0.0020803096730702
8.7576649122373      0.0017531842836268
8.8222754362784      0.0014946883539718
8.8836568111193      0.0012877782304888
8.9419704253995      0.0011203903362434
8.9973696017656      0.00098370669241782
9.05                 0.00087115706274161
9.1                  0.00077777305511236
9.15                 0.0006958583329347
9.2                  0.00062402832763265
9.25                 0.00056105824711318
9.3                  0.00050586518175172
9.35                 0.00045748715342959
9.4                  0.00041506163814417
9.45                 0.00037780416677001
9.5                  0.00034498674903587
9.55                 0.00031591549066471
9.6                  0.00028990668997293
9.65                 0.00026656208720193
9.7                  0.000245583780533
9.75                 0.00022658222513521
9.8                  0.00020926998908141
9.85                 0.00019342869423524
9.9                  0.00017888742866179
9.95                 0.00016550852937641
10                   0.00015317813592042
10.05                0.00014179985175864
10.1                 0.00013129044189756
10.15                0.00012157687223135
10.2                 0.00011259423838453
10.25                0.00010428428834864
10.3                 9.6594344801821e-05
10.35                8.9476499176737e-05
10.4                 8.2886992784409e-05
10.45                7.6785728638366e-05
10.5                 7.1135876245815e-05
10.55                6.5903543907572e-05
10.6                 6.1057501187896e-05
10.65                5.6568939607612e-05
10.7                 5.2411263213072e-05
10.75                4.855990309022e-05
10.8                 4.4992151528279e-05
10.85                4.1687012654095e-05
10.9                 3.8625067129328e-05
10.95                3.5788349042374e-05
11                   3.3160233510727e-05
11.05                3.0725333787463e-05
11.1                 2.8469406870746e-05
11.15                2.6379266770372e-05
11.2                 2.4442704704893e-05
11.25                2.2648415597346e-05
11.3                 2.0985930313649e-05
11.35                1.9445553150336e-05
11.4                 1.8018304130625e-05
11.45                1.6695865712319e-05
11.5                 1.5470533549359e-05
11.55                1.4335170982192e-05
11.6                 1.3283166961502e-05
11.65                1.2308397135803e-05
11.7                 1.1405187856573e-05
11.75                1.0568282875411e-05
11.8                 9.7928125263838e-06
11.85                9.0742652036498e-06
11.9                 8.4084609597932e-06
11.95                7.791527064225e-06
12                   7.21987537373e-06
12.05                6.6901813788247e-06
12.1                 6.1993648002302e-06
12.15                5.7445716194475e-06
12.2                 5.3231574363853e-06
12.25                4.9326720551262e-06
12.3                 4.5708452064932e-06
12.35                4.2355733229724e-06
12.4                 3.9249072879494e-06
12.45                3.6370410870726e-06
12.5                 3.3703012949798e-06
12.55                3.1231373356417e-06
12.6                 2.8941124591648e-06
12.65                2.6818953821773e-06
12.7                 2.4852525428419e-06
12.75                2.3030409251868e-06
12.8                 2.1342014108098e-06
12.85                1.977752619107e-06
12.9                 1.8327852000737e-06
12.95                1.6984565463581e-06
13                   1.5739858937336e-06
13.05                1.4586497814212e-06
13.1                 1.3517778458001e-06
13.15                1.252748923001e-06
13.2                 1.1609874376813e-06
13.25                1.075960056952e-06
13.3                 9.9717258997469e-07
13.35                9.2416711518234e-07
13.4                 8.5651931840597e-07
13.45                7.9383602641673e-07
13.5                 7.3575292153717e-07
13.55                6.8193242402104e-07
13.6                 6.320617298901e-07
13.65                5.8585099281442e-07
13.7                 5.4303163946168e-07
13.75                5.0335480852333e-07
13.8                 4.6658990433764e-07
13.85                4.3252325670368e-07
13.9                 4.0095687909515e-07
13.95                3.7170731805276e-07
14                   3.4460458707224e-07
14.05                3.1949117878634e-07
14.1                 2.9622114970381e-07
14.15                2.7465927218172e-07
14.2                 2.5468024870627e-07
14.25                2.3616798391033e-07
14.3                 2.1901491009638e-07
14.35                2.0312136234094e-07
14.4                 1.8839499953664e-07
14.45                1.7475026800041e-07
14.5                 1.6210790450505e-07
14.55                1.503944758164e-07
14.6                 1.3954195201637e-07
14.65                1.2948731105902e-07
14.7                 1.2017217216353e-07
14.75                1.1154245576062e-07
14.8                 1.0354806780588e-07
14.85                9.6142606309218e-08
14.9                 8.9283087925752e-08
14.95                8.292969236935e-08
15                   7.7045522232403e-08
15.05                7.1596375476677e-08
15.1                 6.6550527353299e-08
15.15                6.1878517733828e-08
15.2                 5.7552938673304e-08
15.25                5.3548215328946e-08
15.3                 4.9840370884096e-08
15.35                4.6406762571381e-08
15.4                 4.3225770799293e-08
15.45                4.0276416184939e-08
15.5                 3.7537869227287e-08
15.55                3.4988803592381e-08
15.6                 3.2606525841747e-08
15.65                3.0365792134719e-08
15.7                 2.8237198922314e-08
15.75                2.6211198705518e-08
15.8                 2.4280936829659e-08
15.85                2.2429945581823e-08
15.9                 2.0650836328255e-08
15.95                1.8941769954326e-08
16                   1.7304003471394e-08
16.05                1.5740220765049e-08
16.1                 1.4253436457771e-08
16.15                1.2846316250838e-08
16.2                 1.1520795753796e-08
16.25                1.0277908604084e-08
16.3                 9.1177569254792e-09
16.35                8.0395748621926e-09
16.4                 7.0418505238417e-09
16.45                6.1224847746832e-09
16.5                 5.2789795729537e-09
16.55                4.5086701576306e-09
16.6                 3.8090608306399e-09
16.65                3.1784427182365e-09
16.7                 2.6173250564507e-09
16.75                2.126757225969e-09
16.8                 1.7020783136998e-09
16.85                1.3357615006519e-09
16.9                 1.0221478777266e-09
16.95                7.5667142867889e-10
17                   5.3554951268653e-10
17.05                3.5564765126935e-10
17.1                 2.1441128739426e-10
17.15                1.0982509783647e-10
17.2                 4.0385430381086e-11
17.25                5.0805024365469e-12
17.3                 3.3760305872784e-12
17.35                3.5204308057765e-11
17.4                 1.0095277496219e-10
17.45                2.0144155332903e-10
17.5                 3.3786076287775e-10
17.55                5.1070503442187e-10
17.6                 7.1933868783806e-10
17.65                9.6327572132452e-10
17.7                 1.242498113488e-09
17.75                1.5572507739547e-09
17.8                 1.9078988126438e-09
17.85                2.2948158142999e-09
17.9                 2.7182875528879e-09
17.95                3.1784255762422e-09
18                   3.6750912904827e-09
18.05                4.2078358046413e-09
18.1                 4.7758651741079e-09
18.15                5.3780455478792e-09
18.2                 6.0129685658014e-09
18.25                6.6791046015043e-09
18.3                 7.3750806349721e-09
18.35                8.1001314774653e-09
18.4                 8.8547891651965e-09
18.45                9.641898134941e-09
18.5                 1.0468078013168e-08
18.55                1.1336031918811e-08
18.6                 1.2249465863138e-08
18.65                1.3220172349015e-08
18.7                 1.4258349123292e-08
18.75                1.5373212699051e-08
18.8                 1.6573455866183e-08
18.85                1.7867588270173e-08
18.9                 1.92641924014e-08
18.95                2.077211991945e-08
19                   2.2400646850226e-08
19.05                2.4159601198905e-08
19.1                 2.6059472813804e-08
19.15                2.8111512660466e-08
19.2                 3.0327826783926e-08
19.25                3.2721468947822e-08
19.3                 3.5306535090949e-08
19.35                3.8098262233187e-08
19.4                 4.11131342344e-08
19.45                4.4368996828571e-08
19.5                 4.7885184633462e-08
19.55                5.1682663417367e-08
19.6                 5.5784191886492e-08
19.65                6.0214508798873e-08
19.7                 6.5000553572978e-08
19.75                7.0171732147014e-08
19.8                 7.5760245277167e-08
19.85                8.1801504702225e-08
19.9                 8.8334675115185e-08
19.95                9.5403398935342e-08
20                   1.0305678996008e-07
20.05                1.1135082648804e-07
20.1                 1.2035034284702e-07
20.15                1.3013192356005e-07
20.2                 1.4078816735688e-07
20.25                1.5243404193347e-07
20.3                 1.6521644821494e-07
20.35                1.7932874289458e-07
20.4                 1.9503297824832e-07
20.45                2.1252955340991e-07
20.5                 2.3208638366688e-07
20.55                2.5416341369542e-07
20.6                 2.7922744469333e-07
20.65                3.0776821538206e-07
20.7                 3.4031345988538e-07
20.75                3.7744342269958e-07
20.8                 4.1980525466741e-07
20.85                4.6812746149212e-07
20.9                 5.2323399808732e-07
20.95                5.8605630641765e-07
21.002630398234      6.6177195302297e-07
21.058029574601      7.5372333525836e-07
21.116343188881      8.663304625379e-07
21.177724563722      1.0055254729524e-06
21.242335087763      1.1794239228095e-06
21.310344639971      1.3994916261842e-06
21.3819320363        1.6833515051767e-06
21.457285499847      2.058278518173e-06
21.536603155744      2.5495469604262e-06
21.620093552081      3.1856546779561e-06
21.707976208241      4.0159453232408e-06
21.800482192072      5.113680145708e-06
21.897854727434      6.5865163100372e-06
22.000349833698      8.5953164136221e-06
22.108236998893      1.1386381783072e-05
22.221799888265      1.5348962258196e-05
22.34133709011       2.1097887823142e-05
22.467162900849      3.0063238125239e-05
22.599608151396      4.004215852457e-05
22.739021077007      9.8250878509459e-05
22.885768232885      4.7527340969522e-07
