|k|[1/nm]            Band_1[m_0]          Band_2[m_0]          Band_3[m_0]          Band_4[m_0]          Band_5[m_0]          Band_6[m_0]          Band_7[m_0]          Band_8[m_0]          Band_9[m_0]          Band_10[m_0]         Band_11[m_0]         Band_12[m_0]         Band_13[m_0]         Band_14[m_0]        
0.00277857219616     -0.078472856035357   -0.078938421066541   0.1789423518452      0.18323575688578     -0.16470457452687    -0.16563679032266    -0.043109368829646   -0.012908957583187   0.032138962690224    -0.043189302358167   0.06896944396985     0.068974326952323    0.082667498706953    0.082676851397101
0.00555714439232     -0.078416428031593   -0.079346576683918   0.17657135418284     0.18510368867991     -0.1643306655783     -0.16619779809928    0.16801495360543     0.16819749473173     0.16836923954851     0.16855184404897     0.068675623555923    0.06868529798796     0.081252666077931    0.081270717546293
0.00833571658848     -0.078468888785344   -0.07986131458195    0.17594114908696     0.18888575072668     -0.1640109301083     -0.1668181822054     0.16789073893752     0.1680570215289      0.1685323738498      0.16869886501783     0.068677935058297    0.068692442981517    0.081252086167438    0.081279153618954
0.01111428878464     -0.078637058672608   -0.080488409266704   0.17588029530221     0.19341777506709     -0.16374799210587    -0.16750329844245    0.16778977315808     0.16795390112846     0.16866697452166     0.16883140385462     0.068682136993389    0.068701479781199    0.081253079425509    0.081289160514145
0.0138928609808      -0.078922114644242   -0.081227926548443   0.17638450394538     0.1987651041589      -0.16354111653911    -0.16825512167732    0.16769669672023     0.16786008575225     0.16880112942883     0.16896490179609     0.068688233663042    0.068712407958805    0.081255645289706    0.081300742315585
0.01667143317696     -0.079325638791242   -0.082080355734776   0.1774078730772      0.20494614391952     -0.16338980669826    -0.16907595524386    0.13281707834707     0.13291577547069     0.13367982824993     0.13377844353912     0.068677347780184    0.068706256674642    0.081166298486078    0.081219987192401
0.01945000537312     -0.079849511731729   -0.083046511481309   0.17896919420786     0.21206576230411     -0.16329370353796    -0.16996833903583    0.097526732636884    0.097576493717825    0.098105234045081    0.098154697688694    0.068654431384876    0.068687934216643    0.081009903918109    0.081071618583297
0.02222857756928     -0.080494519359229   -0.084126043254585   0.18133907489571     0.22060306533562     -0.16325203300067    -0.1709344891649     0.16745073575837     0.16761290070767     0.16927824952952     0.16944107331525     0.06871796916681     0.06875655284791     0.08127313230623     0.081344951301152
0.02500714976544     -0.081264251123458   -0.085321597890095   0.18418587174643     0.23022267317877     -0.16326513127103    -0.171977915466      0.16737647617784     0.16753819294774     0.16942770342916     0.16959015472052     0.0687316389365      0.068775054991045    0.081282012001677    0.081362841815343
0.0277857219616      -0.082161257388736   -0.086634735109773   0.18767166315119     0.24129362764086     -0.163332858362      -0.17310175813588    0.16730668216297     0.16746792114501     0.16958160284597     0.16974363761121     0.068747203207838    0.068795451903498    0.081292466532665    0.081382307330309
0.03056429415776     -0.083189083938991   -0.088068113158523   0.19183276280572     0.25404820296576     -0.16345535710365    -0.1743096753331     0.16724132854272     0.16740203730752     0.16973998545929     0.1699015632294      0.068764661635325    0.068817740410033    0.081304493785553    0.081403344209039
0.03334286635392     -0.084352098836423   -0.089625315460535   0.19671442660729     0.26877971358399     -0.16363291578477    -0.17560566144504    0.16718039824952     0.16734053374885     0.16990286805898     0.1700639453507      0.068784012614425    0.06884192314279     0.081318096448246    0.081425953985934
0.03612143855008     -0.085655733210117   -0.091311121908009   0.20237219086654     0.28586300558079     -0.16386596639233    -0.17699411270632    0.16712387011735     0.16728340442047     0.17007026492917     0.17023078713168     0.068805257300287    0.068867997296719    0.081333271886018    0.081450135667906
0.03890001074624     -0.087106822267498   -0.093131886931232   0.2088735855772      0.30578379112204     -0.16415509825316    -0.17847987853176    0.16707175331912     0.16723062786995     0.17024218134544     0.170402119797       0.068828397462014    0.068895967932905    0.081350022636895    0.081475892816878
0.0416785829424      -0.08871406048194    -0.095096025348208   0.21630034748166     0.32918198678023     -0.16450102940235    -0.18006827092425    0.16702402670757     0.16718220406074     0.17041864123377     0.17057792916497     0.068853431175361    0.068925830146418    0.081368348130343    0.0815032204411
0.04445715513856     -0.09048863884104    -0.097214702673396   0.22475129767699     0.35691703581913     -0.16490468471388    -0.18176513542383    0.16698069695171     0.16713813212382     0.17059962940434     0.17075823289248     0.068880360572363    0.068957587991919    0.081388249195355    0.081532123130488
0.04723572733472     -0.092445138527155   -0.099502748024372   0.2343459971497      0.39016988460492     -0.16536709029391    -0.18357692176657    0.16694173905276     0.16709838835781     0.1707851721523      0.17094304566391     0.068909185575514    0.068991240578144    0.08140972447616     0.081562598557976
0.05001429953088     -0.094602817279878   -0.1019799512546     0.2452297028429      0.43060752387647     -0.16588949677667    -0.18551070667157    0.16690716930313     0.16706299460468     0.17097527571706     0.17113236385835     0.068939908210479    0.069026789829472    0.081432778860493    0.081594648856509
0.05279287172704     -0.096987453650967   -0.10467288994929    0.25757968952236     0.4806604388382      -0.16647330147713    -0.18757433935197    0.16687696468823     0.16703191969647     0.17116992974871     0.17132619589357     0.06897252518049     0.069064232602246    0.081457405300193    0.081628272512308
0.0555714439232      -0.099634087820759   -0.10761753911072    0.2716138637906      0.54401499902871     -0.16712011876486    -0.18977643600566    0.16685113482982     0.16700518025477     0.17136916529947     0.17152455375834     0.069007040448862    0.069103573267543    0.081483611422872    0.081663470032446
0.05835001611936     -0.10259116202146    -0.11086311320533    0.28760228185988     0.62654287268382     -0.1678317375238     -0.1921265678503     0.16682966730836     0.16698275427204     0.17157296719324     0.17172744300839     0.069043455341616    0.069144811242981    0.081511393864265    0.081700244053135
0.06112858831552     -0.10592689897524    -0.11447782431382    0.30588306122441     0.73819978453399     -0.16861018131978    -0.19463532169478    0.16681255697394     0.16696465506935     0.17178135708838     0.1719348686411      0.069081765236383    0.069187944788252    0.081540754020637    0.081738590023376
0.06390716051168     -0.10973949215459    -0.11855771271213    0.32688446612661     0.89732277364452     -0.16945770122303    -0.19731444222344    0.16679980522147     0.16695086691617     0.17199433840222     0.17214683939724     0.069121977375411    0.069232979030689    0.081571691504711    0.081778514550743
0.06668573270784     -0.11417388544797    -0.12324070238753    0.35115648921441     1.1417932523708      -0.17037678378839    -0.20017699213765    0.16679140263957     0.16694138641509     0.17221190930973     0.17236336421146     0.069164088154381    0.069279910294512    0.081604208029034    0.081820013421905
0.069464304904       -0.11945058356761    -0.12872967672467    0.37941648879356     1.5645330344717      -0.17137020515964    -0.20323754905102    0.16678734255923     0.16693622002959     0.1724340951205      0.17258444350513     0.069208099776886    0.069328741748851    0.081638303967173    0.081863087841172
0.07224287710016     -0.12591771212635    -0.13533215202978    0.41261773995972     2.4704720583883      -0.17244101137397    -0.20651235129175    0.16678763371186     0.16693534754212     0.17266088003115     0.1728100893114      0.069254011794772    0.069379471280443    0.081673977768441    0.081907738501568
0.07502144929632     -0.1341510766243     -0.14353211663619    0.45205385148621     5.7839251664297      -0.17359256983243    -0.21001963746269    0.16679225764179     0.16693878129314     0.17289228606702     0.1730403114718      0.069301826957647    0.069432104887523    0.081711232852947    0.081953966574637
0.07780002149248     -0.14516252699347    -0.15412904909153    0.49952531138278     -17.760073414346     -0.17482858945558    -0.21377985108732    0.16680121719099     0.16694651062124     0.17312832149548     0.17327511225176     0.069351544653974    0.069486638147117    0.08175006899682     0.08200177263105
0.08057859368864     -0.16088194445207    -0.16853045629401    0.55761353400595     -3.5376320058393     -0.17615317214192    -0.21781601989173    0.16681450951372     0.16695853425789     0.17336897940528     0.17351449990866     0.069403165076593    0.069543072554593    0.08179048457639     0.082051154765509
0.0833571658848      -0.18544638583505    -0.1894399855958     0.63015511694071     -1.9758371569626     -0.17757080876233    -0.2221541785673     0.16683212617641     0.1669748422097      0.17361428214784     0.17375848240662     0.069456691366772    0.069601412693386    0.081832482858314    0.082102115205256
0.08613573808096     -0.22947725329256    -0.22274591762604    0.72310876364387     -1.37633860032       -0.17908644849034    -0.22682382466662    0.16685406977156     0.16699544140801     0.17386422987654     0.17400707506081     0.069512122033245    0.06966165403856     0.081876063340117    0.082154655259843
0.08891431027712     -0.33049016491911    -0.28405553318459    0.84625816303233     -1.059319551895      -0.18070557992243    -0.23185851548488    0.16688033025844     0.1670203247943      0.17411882660399     0.17426026817525     0.06956945951966     0.069723802554806    0.081921225989558    0.082208773360125
0.09169288247328     -0.78043068865931    -0.43248356632589    1.0168644040561      -0.86323687775237    -0.18243418961977    -0.23729657540801    0.16691090693745     0.16704948616996     0.1743780877072      0.17451808304012     0.069628703631722    0.069787854562513    0.08196797300572     0.082264470682626
0.09447145466944     0.9870694103605      -1.2669510417775     1.2684971598019      -0.72998908398493    -0.18427893000507    -0.2431819704543     0.16694580053123     0.16708292796907     0.17464201342763     0.17478053057414     0.069689856035776    0.069853813821679    0.082016303037078    0.08232174975973
0.0972500268656      0.25169937658701     0.87899457311031     1.6762461496187      -0.63354628652321    -0.18624713629832    -0.24956533819486    0.16698499950401     0.16712063787088     0.17491061401069     0.17504760176935     0.069752917887962    0.069921681076315    0.082066219598333    0.082380608037958
0.10002859906176     0.13221862273471     0.28090278819768     2.4496490312435      -0.56050490345262    -0.18834690076569    -0.25650530498169    0.16702850595267     0.1671626310547      0.17518390049013     0.17531932164382     0.06981788837676     0.069991455272128    0.08211771858695     0.082441046397571
0.10280717125792     0.088102883055041    0.15295526607972     4.477394814074       -0.50326040214896    -0.19058721121667    -0.26407007947285    0.16707631500802     0.16720888475664     0.17546187172379     0.17559568759325     0.069884772199672    0.070063140419351    0.08217080723509     0.082503068620927
0.10558574345408     0.070038867823476    0.099741340233552    23.832919773642      -0.45717777769182    -0.19297800172958    -0.27233949505668    0.16712842242338     0.16725940983496     0.17574453866709     0.17587670964257     0.069953566661661    0.070136734359757    0.08222548082696     0.082566672365969
0.10836431565024     0.066808558513658    0.072840572489701    -7.3558777638483     -0.41927115254721    -0.19553033963643    -0.28140756001319    0.16718482982498     0.16731419659921     0.17603192189229     0.17616240504005     0.070024274206068    0.070212240599053    0.082281741108919    0.082631858312996
0.1111428878464      0.077605090881699    0.059143475200968    -3.1765777633534     -0.38698265215131    -0.1982399151292     -0.29136159581706    3.556265445257       3.6235267819597      120.30558576847      286.64250370499      0.070160844082559    0.070355478902476    0.082651541610407    0.083018403574363
0.11392146004256     0.10800841086184     0.054263019567784    -2.0623616920039     -0.36019843299416    -0.20115408208454    -0.30238310557441    0.73255923801362     0.73526486679016     0.9253692952344      0.92933918122025     0.07022297255758     0.070422148704817    0.082650590428375    0.083025254126109
0.11670003223872     0.16440144323011     0.057223032328172    -1.5406272845481     -0.3373656206601     -0.20428374921083    -0.31462739752345    0.16747717754954     0.16760137986449     0.17693671258777     0.17706169175911     0.07024750489181     0.07044997546653     0.082458799151984    0.08283607673998
0.11947860443488     0.23652407426069     0.069109599967721    -1.2289191439306     -0.31715501060023    -0.20762040585692    -0.32824910831753    0.16755262226912     0.16767507381275     0.17724526707961     0.17736839762152     0.070325867146402    0.070533126639133    0.082521383049549    0.082907563516964
0.12225717663104     0.30977783186803     0.093119945093299    -1.0253111666696     -0.29939938832625    -0.2111965674633     -0.3435066953195     0.16763234546001     0.16775302397796     0.1775585716341      0.17767983148016     0.070406146711893    0.07061819294164     0.082585557387912    0.0829806366341
0.1250357488272      0.41158319268096     0.1358641018951      -0.88183364056201    -0.28366972377339    -0.21503406470705    -0.36069546938632    0.16771635168383     0.16783523106655     0.17787665849196     0.17799599386536     0.070488347528839    0.070705178858336    0.082651326662296    0.083055296591862
0.12781432102336     0.63216003906578     0.21152158814714     -0.77522996879201    -0.26963174887055    -0.2191576028038     -0.3801857827423     0.16780465281558     0.16792169461411     0.17819952172208     0.17831690931929     0.07057246928894     0.070794082023582    0.08271868581528     0.083131543009896
0.13059289321952     1.4209132928002      0.35592661342556     -0.69285719909436    -0.25702129559448    -0.22359522698438    -0.40244825351511    0.16789722058591     0.16801241009839     0.1785271704596      0.17864257912508     0.070658513874527    0.070884906240198    0.082787640516135    0.083209377967813
0.13337146541568     -7.763757166126      0.69197161866233     -0.62725262868421    -0.24562701556986    -0.2283789161282     -0.42809030182041    0.16799407638104     0.16810737964154     0.17885961975061     0.1789730042987      0.070746482184198    0.070977652293737    0.082858189653333    0.083288803114446
0.13615003761184     -1.1546206784405     2.0952173586795      -0.57372654658701    -0.23527799283418    -0.23354520717379    -0.45790924297688    0.16809520052997     0.16820659630101     0.17919687724567     0.17930821136762     0.070836376021109    0.071072320901696    0.082930335497176    0.083369816461122
0.138928609808       -0.67052242781373    -4.6773922465562     -0.52918452014208    -0.22583462896911    -0.23913615453414    -0.49297289795498    0.16820060598837     0.16831006798167     0.1795389435636      0.17964819288905     0.07092819666165     0.071168913706576    0.083004076691636    0.083452420367335
0.14170718200416     -0.49788914990744    -1.4043121333916     -0.49150213058566    -0.21718198495735    -0.24520025948247    -0.53474455356248    0.16831027836021     0.16841778379818     0.17988583463553     0.17999296897805     0.071021944664181    0.071267431860289    0.083079416518798    0.083536617471532
0.14448575420032     -0.4114655579123     -0.93024126790841    -0.45917272390855    -0.20922467441204    -0.25179381445456    -0.58528412339549    0.16842422627        0.16852974857429     0.18023756514701     0.18034254845056     0.071117622646535    0.071367875786717    0.083156353617379    0.083622404638894
0.14726432639648     -0.36071109398233    -0.74542079793547    -0.43109839219686    -0.20188302504489    -0.25898250934665    -0.64758696264601    0.16854244012567     0.16864595440673     0.18059412553177     0.18069692962632     0.071215230159764    0.071470248131248    0.08323489038868     0.083709783483595
0.15004289859264     -0.32798243175693    -0.65000691031283    -0.40646018976722    -0.19509009801217    -0.26684340388887    -0.7261813346787     0.16866491719475     0.16876641430426     0.18095554329422     0.1810561466285      0.071314772121368    0.071574551192782    0.083315029309382    0.083798760611607
0.1528214707888      -0.30554402196778    -0.59371698124915    -0.38463507287938    -0.18878936892195    -0.27546753276754    -0.82825280036476    0.16879166779625     0.16889110641357     0.18132181909392     0.18142017314568     0.071416243967858    0.07168078158182     0.08339676500382     0.083889326174462
0.15560004298496     -0.28948639963108    -0.55798954000444    -0.36514072893942    -0.18293290682904    -0.28496316420247    -0.96592661100245    0.16892267373508     0.16902005679951     0.18169296421527     0.18178905944899     0.071519654677191    0.071788948235379    0.083480108962298    0.083981493010914
0.15837861518112     -0.27763061073257    -0.53439164791964    -0.34759824921295    -0.17747990776401    -0.29545999923897    -1.1613914455229     0.16905795044382     0.16915323289022     0.18206898870994     0.18216278552796     0.071624999058522    0.071899044623333    0.083565050773929    0.084075250743896
0.16115718737728     -0.26867222546952    -0.51854884307803    -0.33170574306093    -0.17239553642619    -0.30711485715713    -1.4600688485904     0.16919747930235     0.16929066554221     0.18244989492973     0.18254136708632     0.071732282160788    0.072011077981892    0.083651600656692    0.084170609410748
0.16393575957344     -0.26178646601345    -0.50797266264733    -0.31722013536886    -0.16765000185967    -0.32011893481963    -1.9717993929485     0.16934127566626     0.16943233099036     0.1828357037199      0.18292482901648     0.071841506057251    0.072125047308802    0.083739753186442    0.084267564732043
0.1667143317696      -0.25642907107546    -0.50114781097905    -0.30394341425374    -0.16321776958779    -0.33470781008998    -3.0477442315941     0.16948932428796     0.16957824005846     0.18322641158981     0.1833131642352      0.071952669174074    0.072240954455171    0.083829514114924    0.084366119000488
0.16949290396576     -0.25222817064033    -0.49710282614368    -0.29171296839738    -0.15907695207119    -0.35117504682769    -6.7506517576995     0.16964163515449     0.16972838847524     0.18362204324841     0.18370639362384     0.072065775332094    0.072358799894263    0.083920881104895    0.084466273271407
0.17227147616192     -0.24892253781084    -0.49518891646995    -0.28039399645563    -0.15520879420248    -0.36989118800333    30.869979490196      0.16979819758753     0.1698827783019      0.18402259425072     0.18410452496276     0.072180825449174    0.072478586591306    0.084013855510409    0.084568025823027
0.17505004835808     -0.24632419745707    -0.49495904958033    -0.26987405178597    -0.15159724426958    -0.39133039138349    4.6937668121911      0.16995902321824     0.17004140874861     0.18442808328825     0.18450756435144     0.072297822720449    0.072600316820527    0.084108442462705    0.08467138477804
0.17782862055424     -0.24429542140803    -0.49609695308132    -0.26005861586513    -0.14822861696439    -0.41610975205125    2.5421272552886      0.17012408930048     0.17020427434763     0.18483851619854     0.18491552467986     0.072416763851054    0.072723989271032    0.084204636755191    0.084776342768063
0.1806071927504      -0.24273347898529    -0.49837484329834    -0.25086783827712    -0.14509128195376    -0.44504680818861    1.7455999118846      0.17029342468207     0.17037138542946     0.18525390379848     0.18532842159116     0.072537658007943    0.072849607328275    0.084302444476115    0.084882904851871
0.18338576494656     -0.24156086912391    -0.50162573622041    -0.24223390042219    -0.14217545354321    -0.47924855021958    1.3315341736151      0.17046700098373     0.17054273456921     0.1856742562568      0.1857462616541      0.07266049923748     0.072977172632838    0.084401864009466    0.084991071939297
0.18616433714272     -0.2407184486302     -0.50572649864287    -0.23409885735468    -0.13947296731644    -0.52025117484662    1.0784640194811      0.17064483692509     0.1707183191492      0.18609958056079     0.18616905104433     0.072785293837616    0.073106686413377    0.084502898211308    0.085100845591982
0.18894290933888     -0.24016073299913    -0.5105854205061     -0.22641314474679    -0.13697713816149    -0.57025067078208    0.90828828293793     0.17082692243295     0.17089815246508     0.18652989813079     0.18659681544335     0.072912042512363    0.073238149064515    0.084605546657912    0.085212223062945
0.19172148153504     -0.23985256355254    -0.51613470111926    -0.21913399782632    -0.13468261921853    -0.63249856860324    0.78642477796094     0.17101325976369     0.17108221987472     0.18696519975614     0.18702954407413     0.073040746796942    0.073371565749938    0.084709811583043    0.08532521095947
0.1945000537312      -0.23976674101119    -0.52232442071413    -0.21222463678875    -0.13258531477381    -0.71202311188622    0.6952078958644      0.17120384236533     0.17127052711465     0.18740551074839     0.18746726322962     0.073171407519966    0.073506933111318    0.084815694433991    0.085439805616626
0.19727862592736     -0.23988219764793    -0.52911854980979    -0.20565310284489    -0.13068229417433    -0.81703336571774    0.62467425547613     0.17139868404137     0.1714630786536      0.18785084470179     0.18790999208427     0.073304027587666    0.073644257040266    0.084923193273047    0.085556010886326
0.20005719812352     -0.24018278257977    -0.53649228070958    -0.19939171807356    -0.12897175345368    -0.96190475151937    0.56878000513552     0.17159777400781     0.17165986930696     0.18830119332407     0.18835771417801     0.073438607138598    0.073783536124206    0.08503231473344     0.085673825692239
0.20283577031968     -0.24065627308523    -0.5444297282943     -0.19341638543677    -0.12745297541036    -1.1743099814632     0.52364837592872     0.17180110899495     0.17186091024826     0.18875658762358     0.18881047052432     0.073575149936385    0.073924775013687    0.085143054510504    0.085793253050405
0.20561434251584     -0.24129356349506    -0.5529225005331     -0.1877060392969     -0.12612634121551    -1.5152065145226     0.48668031863884     0.17200870013576     0.17206618646072     0.18921702650067     0.18926824792605     0.073713656552971    0.074067972179643    0.085255417670497    0.085914292595698
0.208392914712       -0.24208829356689    -0.56196834062696    -0.18224230074283    -0.12499333958823    -2.1504053568979     0.45607032254076     0.17222053950286     0.17227570583543     0.18968252081431     0.18973108193256     0.073854128946893    0.074213131652721    0.085369403515805    0.086036946554542
0.21117148690816     -0.24303624627678    -0.57157075323669    -0.17700904377219    -0.12405662083735    -3.7460680331388     0.43052710557347     0.17243662702439     0.17248947419674     0.19015308493451     0.19019896075982     0.073996568269801    0.074360253544695    0.085485013069504    0.086161215039672
0.21395005910432     -0.24413512673129    -0.58173783330749    -0.17199208187058    -0.12332006186578    -15.152619915173     0.40910492176927     0.17265697387885     0.17270748599237     0.19062873415524     0.19067191249915     0.074140977811682    0.074509341084721    0.085602249731501    0.086287098978298
0.21672863130048     -0.24538433114308    -0.59248243549561    -0.16717897270105    -0.12278887224942    7.2717335228678      0.39109721012886     0.17288156204246     0.17292974671297     0.19110947014689     0.19114994213798     0.074287356975616    0.07466039498722     0.085721111148883    0.086414600740746
0.21950720349664     -0.2467847157657     -0.60382118308813    -0.16255868908713    -0.12246971971107    2.913396286317       0.3759678385821      0.17311040585806     0.17315625550768     0.19159530759232     0.19163306315463     0.07443571054405     0.074813417055302    0.085841602945906    0.086543720282119
0.2222857756928      -0.2483385026576     -0.61577526881712    -0.15812155307677    -0.12237091514158    1.8156289760721      0.36330479178544     0.17334350445756     0.17338701564369     0.1920862591026      0.19212129103278     0.074586036762139    0.074968408156423    0.08596372152949     0.086674459565921
0.22506434788896     -0.25004918389154    -0.62836943685643    -0.15385898263411    -0.12250260403084    1.3163772801473      0.35278886060113     0.17358085182862     0.17362201586876     0.19258233534564     0.19261462845587     0.074738341754591    0.075125372631853    0.086087471856429    0.086806818239642
0.22784292008512     -0.25192143878015    -0.64163247955877    -0.14976345062188    -0.12287703047316    1.0315668397344      0.34417128978315     0.17382245577829     0.17386128435073     0.19308354929408     0.19311309433025     0.074892622675144    0.075284309761874    0.086212853960696    0.086940799138286
0.23062149228128     -0.2539611573019     -0.6555973566556     -0.14582835905132    -0.1235088455761     0.84786691520497     0.33725845977737     0.17406831121733     0.17410479455173     0.19358991018914     0.19361670625249     0.075048885970999    0.07544522231012     0.086339869603154    0.087076403837433
0.23340006447744     -0.25617538217585    -0.67030137124803    -0.14204802452252    -0.12441545003573    0.71986967422497     0.33190028931517     0.17431842533611     0.1743525639706      0.1941014256178      0.19412546492958     0.075207128729725    0.075608110563769    0.086468518833908    0.087213629880147
0.2361786366736      -0.25857233375437    -0.68578585474842    -0.13841765023744    -0.12561742641964    0.62583657577506     0.32798244162338     0.17457279462971     0.17460459280843     0.19461811833042     0.19463938615484     0.075367356189753    0.075772978525412    0.08659880234864     0.087352482957381
0.23895720886976     -0.26116149351105    -0.70209743920543    -0.13493338190636    -0.12713899461074    0.55405627290405     0.32542017475316     0.17483142222034     0.17486087949713     0.19513999052943     0.19515849406544     0.075529570337644    0.075939828164038    0.08673072659968     0.087492960831907
0.24173578106592     -0.26395361707213    -0.71928762333897    -0.13159236793228    -0.1290085387427     0.49766187067259     0.32415438266265     0.17509430054085     0.17512142047652     0.19566705497588     0.19568278366056     0.075693769879713    0.076108657108041    0.086864284293312    0.087635067364204
0.24451435326208     -0.26696082068285    -0.73741349622234    -0.12839292033721    -0.13125916146149    0.45236247913072     0.32414848186637     0.17536145543173     0.17538623474456     0.19619933152086     0.19621227711329     0.075859960522113    0.07627947187864     0.086999485034572    0.087778800495079
0.24729292545824     -0.27019672573661    -0.75653827138635    -0.12533468261717    -0.13392920130055    0.41533970059916     0.32538671412954     0.17563285848553     0.17565530908348     0.1967368192958      0.19674699457474     0.076028139882548    0.076452272853868    0.087136325141909    0.087924164959914
0.2500714976544      -0.27367651730871    -0.77673209371708    -0.122418874627      -0.13706274047641    0.38466746308744     0.32787310114504     0.17590852700785     0.17592864766867     0.19727954806895     0.19728693412618     0.076198315558819    0.076627059805364    0.087274806632906    0.088071159569532
0.25285006985056     -0.27741717905251    -0.79807240765325    -0.1196485865062     -0.14070990761305    0.35898551607389     0.33163129422737     0.17618846283985     0.17620625824363     0.19782750688873     0.19783210945173     0.076370482939599    0.076803837495329    0.087414933956448    0.088219787244143
0.25562864204672     -0.28143762027105    -0.8206453703239     -0.11702913617546    -0.14492684823163    0.33730723938479     0.33670507935588     0.17647266345667     0.17648814410112     0.19838073312198     0.19838255827729     0.07654464754776     0.076982603666913    0.087556703495972    0.088370045617363
0.25840721424288     -0.28575888584323    -0.84454582238616    -0.11456838529219    -0.14977515824429    0.31890059863732     0.34315994826934     0.17676113224146     0.1767743007726      0.19893922463048     0.19893825932882     0.076720813538384    0.077163367223187    0.087700120065039    0.088521941011081
0.26118578643904     -0.29040451989927    -0.86987993879462    -0.11227716492722    -0.15532037592392    0.30321208224695     0.35108516491897     0.17705387203714     0.1770647310106      0.19950298523106     0.19949924844982     0.076898975799177    0.077346121080563    0.087845185500821    0.088675470725264
0.2639643586352      -0.29540066680665    -0.89676529752647    -0.11016958375098    -0.16162910518899    0.28981656695619     0.36059723119744     0.1773508823535      0.1773594434758      0.20007205907099     0.20006553281255     0.077079143536916    0.077530873585083    0.08799189604999     0.088830638071197
0.26674293083136     -0.30077669184058    -0.92533335527277    -0.10826329685022    -0.16876416095566    0.27838324835599     0.37184454100213     0.17765216973218     0.17765844436544     0.20064642555293     0.20063712940073     0.077261313007748    0.07771762295961     0.088140260595459    0.088987441980871
0.26952150302752     -0.30656536583987    -0.95573058000683    -0.10657967104764    -0.1767771202154     0.26865202687697     0.38501360563481     0.17795772894812     0.17796172244596     0.2012261102452      0.20121404269872     0.077445490762223    0.077906374052559    0.088290275260159    0.089145887617927
0.27230007522368     -0.31280350404848    -0.98812106893755    -0.10514376993499    -0.18569765660915    0.26041683561899     0.40033759921314     0.17826757103041     0.17826928964453     0.20181114292511     0.2017963027115      0.077631675925683    0.078097125916051    0.088441941661628    0.08930597120013
0.27507864741984     -0.31953254335635    -1.0226896368353     -0.10398411980291    -0.19551962232585    0.25351356304786     0.4181080055012      0.17858169688773     0.17858114766575     0.20240150249569     0.20238390389451     0.077819868814817    0.078289880232785    0.088595263283767    0.089467698682552
0.277857219616       -0.32679921035067    -1.0596440706853     -0.1031322819478     -0.20618460435946    0.24781132509021     0.43869027127454     0.17890009832452     0.17889730910792     0.20299722813513     0.20297687468915     0.078010075809884    0.078484642131638    0.088750241122043    0.089631067032404
0.28063579181216     -0.33465640424746    -1.0992189166864     -0.10262217588461    -0.21756540353281    0.24320590279116     0.46254536895489     0.17922279324685     0.1792177504942      0.2035983313742      0.20357522124669     0.078202295380526    0.078681410309393    0.088906873736408    0.089796081735392
0.28341436400832     -0.34316423318358    -1.1416808004656     -0.10248921454937    -0.22945393273938    0.23961497084756     0.49026030582753     0.17954977477386     0.17954250964789     0.20420481580698     0.20417897256683     0.078396530357756    0.078880185700647    0.089065167124672    0.089962740666228
0.28619293620448     -0.35239119051809    -1.1873324531116     -0.10276931683718    -0.24155997627242    0.23697446336362     0.52259100565103     0.17988104748694     0.1798715626828      0.20481670243319     0.20478811925088     0.07859278290055     0.079080974268815    0.08922511880238     0.090131046547208
0.28897150840064     -0.36241578651863    -1.2365207302023     -0.10349784948701    -0.25352759980613    0.2352358199217      0.56052472452221     0.18021661625473     0.18020492951637     0.20543399751854     0.20540269275379     0.078791054131855    0.079283773972224    0.089386730590448    0.090300999372889
0.2917500805968      -0.37332819750912    -1.2896426600729     -0.1047086462249     -0.26497293727161    0.2343640649892      0.60537340910673     0.18055648755731     0.18054260361235     0.20605672162411     0.20602270483392     0.078991345991312    0.079488587650069    0.089550007836791    0.090472603152405
0.29452865279296     -0.38523278817706    -1.3471572294055     -0.10643315032908    -0.2755400434836     0.23433628588839     0.65891521190046     0.18090065196937     0.18088459368538     0.20668489494562     0.20664816722433     0.07919366190575     0.079695417636846    0.089714945997753    0.090645856923015
0.29730722498912     -0.39825069506681    -1.4095946073929     -0.1086998154437     -0.28496313649521    0.23514064693139     0.72361954265054     0.18124912651854     0.18123090253006     0.2073185152843      0.20727910474726     0.079398001133442    0.079904265081603    0.08988154954941     0.090820761647386
0.30008579718528     -0.41252360668539    -1.4775749796615     -0.11153378841375    -0.29311738654733    0.23677580737853     0.80301519899125     0.18160190639796     0.18158153884954     0.20795760753562     0.20791550781654     0.079604367159905    0.080115131781325    0.090049821010184    0.090997318733477
0.30286436938144     -0.42821804316609    -1.5518222952239     -0.11495695468281    -0.30004256490001    0.23925056255185     0.90232350930557     0.18195900698923     0.1819364993163      0.20860218824683     0.20855742397828     0.079812762804906    0.08032802112608     0.090219760960169    0.091175532233895
0.3056429415776      -0.44553123983638    -1.6331930419043     -0.11898832507369    -0.30593370589249    0.24258392076816     1.0296066310841      0.18232040807102     0.18229578568625     0.20925226508639     0.20920484632855     0.080023187533263    0.080542931703869    0.090391367435524    0.091355399119264
0.30842151377376     -0.46469836560143    -1.7227023949861     -0.12364479198564    -0.31110539196771    0.24680536269653     1.1980003695012      0.18268613817403     0.18265941576807     0.20990785544668     0.2098577960746      0.080235644018622    0.080759866845945    0.090564646983946    0.091536923404207
0.31120008596992     -0.48600228191275    -1.8215669936243     -0.12894214692347    -0.31594325138887    0.25195555740112     1.4304424779506      0.18305619028461     0.18302737991481     0.21056897412811     0.21051628905748     0.080450133623567    0.080978828129098    0.0907395971944      0.091720104938549
0.31397865816608     -0.50978630074914    -1.9312525361195     -0.13489639013874    -0.32085885274297    0.25808729119088     1.7709076758994      0.18343056395661     0.18339969318969     0.21123564132059     0.21118034273269     0.080666661519554    0.081199819909575    0.090916222615633    0.091904947702326
0.31675723036224     -0.53647075972954    -2.053545059028      -0.14152525354453    -0.32625645542905    0.26526681417627     2.3156828694828      0.18380927696816     0.18377634961889     0.21190785603621     0.21184997483812     0.080885223825833    0.081422838679734    0.091094521363572    0.092091448982655
0.3195358025584      -0.56657683630699    -2.1906435082147     -0.14884978971653    -0.33251616081015    0.27357578386344     3.3240703476098      0.18419232115016     0.18415736280665     0.21258566261643     0.21252518960828     0.081105826552465    0.081647888423322    0.091274496352679    0.092279611695489
0.32231437475456     -0.60075786670987    -2.345276512941      -0.15689616558207    -0.33999050991002    0.2831136052395      5.8164707215842      0.18457970326685     0.18454273759334     0.21326904575227     0.21320601439575     0.081328470121077    0.0818749743946      0.091456150269273    0.092469438219714
0.32509294695072     -0.63984433367395    -2.5208886333898     -0.16569742982659    -0.34901244795281    0.29400058091718     22.063498044497      0.1849714306758      0.18493246596334     0.21395802923935     0.21389247132866     0.081553157123436    0.082104091486535    0.091639481329496    0.092660929793513
0.32787151914688     -0.68490880306906    -2.7218711461042     -0.17529543866871    -0.35990953648953    0.30638202073372     -12.692873183385     0.18536750928417     0.18532657309404     0.21465265088464     0.21458455280491     0.081779887153791    0.08233524692343     0.091824494052886    0.09285408538985
0.33065009134304     -0.73736065000955    -2.9539330997847     -0.18574284021438    -0.37302304960957    0.32043344003681     -4.993971630513      0.18576793373451     0.18572504293235     0.21535289348618     0.21528229824113     0.082008663383623    0.082568440347324    0.09201118846237     0.093048906466672
0.3334286635392      -0.79908937823782    -3.2246045070277     -0.19710523604053    -0.38873082413552    0.33636751799441     -3.1355969861944     0.18617272496305     0.18612790122015     0.21605879931946     0.21598571593069     0.082239488639735    0.082803671433448    0.092199565359268    0.09324539913517
0.33620723573536     -0.87268969713706    -3.5440615065239     -0.20946364095498    -0.40747393175878    0.35444309223957     -2.3003824069465     0.18658187878171     0.18653513974689     0.2167703597822      0.21669482276067     0.082472362799688    0.083040947072963    0.092389627815187    0.093443557504274
0.33898580793152     -0.96182173550551    -3.9263693507744     -0.22291729534756    -0.42978989239774    0.3749771160848      -1.8263660174948     0.18699539258277     0.18694676297792     0.21748762892545     0.21740963546621     0.08270728846794     0.083280261945933    0.092581375161911    0.093643387829568
0.34176438012768     -1.0718257017214     -4.3915398505894     -0.23758705249092    -0.45635577150262    0.3983608627252      -1.5213001510663     0.18741328633508     0.18736278487926     0.21821057079506     0.21813016785017     0.082944265295735    0.083521622754702    0.092774809147846    0.093844889445641
0.34454295232384     -1.2108042524337     -4.9690516895765     -0.25361964483141    -0.4880470677717     0.42508177125196     -1.308798289303      0.187835558793       0.18778320915939     0.21893925539119     0.21885644503681     0.083183300643245    0.083765028996609    0.092969932858986    0.09404806427725
0.34732152452        -1.3916830528194     -5.7042228641138     -0.2711929549689     -0.5260226807018     0.45575407012761     -1.1524833510159     0.18826221142896     0.18820803167091     0.21967365257525     0.21958847321921     0.083424387358049    0.084010483006781    0.093166747045613    0.094252911786262
0.35010009671616     -1.6364213037359     -6.6703880493259     -0.29052289526761    -0.57185278741763    0.49116128251283     -1.0328248603399     0.18869325539984     0.18863727146823     0.22041382485803     0.22032628450594     0.083667536110122    0.08425798565975     0.093365250450338    0.094459436524965
0.35287866891232     -1.9855791564488     -7.9946494014511     -0.31187236630115    -0.62771839164182    0.53231849132723     -0.93840027397104    0.18912869493375     0.18907093303368     0.22115975230477     0.22106988587125     0.08391274110876     0.084507539252061    0.093565448171461    0.094667635949921
0.35565724110848     -2.5233086729669     -9.9181734920638     -0.33556306570914    -0.69673752507391    0.58056274634441     -0.86208235913445    0.18956853266931     0.18950901157328     0.22191146034638     0.2218192906854      0.084160010197855    0.084759143839157    0.093767339659966    0.094877513827267
0.35843581330464     -3.4574436461029     -12.960718390733     -0.36199134916287    -0.78352503694159    0.63769149231232     -0.79919427029359    0.19001278279957     0.18995152411226     0.22266898120563     0.22257453193917     0.084409338440155    0.085012801572881    0.093970925213508    0.09508907099924
0.3612143855008      -5.4787072875606     -18.487753691448     -0.39164999558871    -0.89520282192877    0.7061771661518      -0.74654048473417    0.19046144411892     0.19039847086829     0.22343232609        0.22333561140676     0.084660733596431    0.085268515292481    0.094176209281364    0.095302308574915
0.36399295769696     -13.107155620059     -31.604841597192     -0.42515790969989    -1.0433627586939     0.7895166741682      -0.70186224285836    0.19091451411506     0.19084985678045     0.22420149059083     0.22410256443818     0.084914192899039    0.085526284386441    0.094383190025457    0.095517225292187
0.36677152989312     34.060189738665      -101.82431338327     -0.46330222006961    -1.2482093290154     0.89282089349255     -0.66351930780259    0.1913720231059      0.1913057014551      0.22497653462035     0.22487539303254     0.08516972120072     0.08578611022299     0.094591871004598    0.095733826371431
0.36955010208928     7.443454008816       88.053394212792      -0.50709870426412    -1.5483638883322     1.023866768481       -0.63029074705015    0.19183395845702     0.19176599941921     0.22575743789536     0.22565411601031     0.085427314319612    0.086047996461396    0.094802250860522    0.095952111251447
0.37232867428544     4.1914076459247      31.366972105524      -0.5578802711806     -2.028011635945      1.1950935291024      -0.60124949360833    0.19230033041641     0.192230752255       0.22654423776092     0.22643877664567     0.085686982994487    0.086311942170644    0.095014333749793    0.096172079384219
0.3751072464816      2.9239640149459      19.327517599094      -0.61743057123764    -2.9121455924172     1.4277100427779      -0.57567918979048    0.19277114601478     0.1926999812072      0.2273369483455      0.22722936322159     0.08594871763839     0.086577949945776    0.09522812117524     0.096393734574335
0.37788581867776     2.2495040152103      14.099607935375      -0.68819137948569    -5.0723582899674     1.7610772230728      -0.55301721248972    0.19324641490043     0.19317368749135     0.22813558896978     0.22802590294201     0.086212530095139    0.086846020232275    0.095443610900943    0.096617077814663
0.38066439087392     1.830959817504       11.182798077917      -0.77359678667227    -18.275839210992     2.2774000848649      -0.53281592175683    0.19372614899314     0.19365187307208     0.22894017584315     0.22882842866375     0.086478414304102    0.087116155125313    0.095660807229298    0.096842107610913
0.38344296307008     1.5460046036443      9.3258332732919      -0.87863347923157    11.960332882051      3.1818266146479      -0.51471436048554    0.19421033560659     0.19413455365416     0.2297507347974      0.229636945352       0.086746373466901    0.087388354182074    0.095879710863009    0.097068827481118
0.38622153526624     1.3395351433972      8.0428912406789      -1.0108300192733     4.5956985550175      5.1694843346907      -0.49841868762725    0.19469900337406     0.19462173642423     0.23056727279571     0.23045148046011     0.087016412659883    0.087662620971972    0.096100321583561    0.097297237591911
0.3890001074624      1.1830692375351      7.1058527155711      -1.1821135031377     2.8814385265467      13.056383482661      -0.48368702427844    0.19519214649809     0.19511341028939     0.23138981363207     0.23127204815445     0.08728852723936     0.087938955894571    0.096322645226296    0.097527340466302
0.39177867965856     1.0604008926724      6.3934619910898      -1.4125696173454     2.1194424541946      -27.56863654109      -0.47031854869899    0.1956897844543      0.1956096140882      0.23221839421525     0.23209866314278     0.087562723229832    0.088217358954921    0.09654667511603     0.09775913483312
0.39455725185472     0.9616284636611      5.8353158372664      -1.7388609469379     1.6897519678323      -6.8884077564017     -0.45814510251241    0.19619190312776     0.19611032847159     0.23305300231067     0.23293136584311     0.087838999407965    0.08849783252981     0.096772420829047    0.097992624611802
0.39733582405088     0.88035903950663     5.3877627738677      -2.2357735932198     1.4146069875933      -3.9977331676797     -0.44702507520011    0.1966985423379      0.19661557856751     0.23389367628627     0.23377014726219     0.08811735956787     0.088780377742736    0.096999878034735    0.098227808119853
0.40011439624704     0.81228075295358     5.0222816735244      -3.0831725790905     1.2238549725984      -2.8470728948419     -0.4368379612444     0.19720967822334     0.19712535250338     0.23474044798899     0.23461506073516     0.088397798528533    0.089064993577636    0.097229049008713    0.098464687537137
0.4028929684432      0.75437833833764     4.7194614320338      -4.8505316211679     1.0842300505568      -2.2295344839344     -0.42748094766978    0.19772533527157     0.19763968941576     0.23559331361299     0.23546608915749     0.088680326909689    0.089351685126761    0.097459937126011    0.098703264198127
0.40567154063936     0.70447980391497     4.4656659255083      -10.797700554365     0.97792859579716     -1.844762377119      -0.4188656540348     0.19824552386024     0.19815856945178     0.23645229093334     0.23632329122825     0.088964939586859    0.089640451032984    0.097692544243345    0.098943542281425
0.40845011283552     0.66098037279839     4.2509854125086      60.860884552614      0.89456173675034     -1.5823428817767     -0.41091560150592    0.19877023910003     0.19868201011872     0.23731743799482     0.23718666026315     0.089251637999741    0.089931289877314    0.097926864427436    0.099185514024596
0.41122868503168     0.6226681399976      4.0681220402858      8.2587731832955      0.82766171772326     -1.392155553775      -0.4035645674953     0.19929950129093     0.19921002308581     0.23818873836344     0.23805623356605     0.089540424265726    0.090224206433587    0.098162907291014    0.099429190214914
0.41400725722784     0.58861126118802     3.9115233526533      4.5155315646161      0.77299158723687     -1.2481610873443     -0.39675453490388    0.19983331911291     0.19974261690467     0.23906622440877     0.23893200750199     0.089831300050605    0.090519201480798    0.09840067013498     0.099674567042675
0.416785829424       0.55808079837712     3.7769418192277      3.1479754016408      0.72766165662916     -1.1354900428766     -0.39043485109051    0.2003716908609      0.20027978772273     0.23994991429393     0.23981405025986     0.090124266705894    0.090816273513236    0.09864015469321     0.099921645957996
0.41956440162016     0.53049902630044     3.6610587468932      2.4401476223329      0.68963386753883     -1.0450344978272     -0.38456081378714    0.2009146316948      0.20082156685051     0.24083983918242     0.24070231884563     0.090419323086252    0.091115423635299    0.098881361086247    0.10017042703903
0.42234297381632     0.50540190287612     3.5612545116547      2.0080167530102      0.65743052867271     -0.97090313151694    -0.379093061084      0.20146215414997     0.20136794298762     0.24173601681764     0.24159690929582     0.090716470220434    0.091416654861022    0.09912429327798     0.10042091477409
0.42512154601248     0.48241305628041     3.4754344753829      1.7171903952689      0.6299552852017      -0.90911669233897    -0.37399662950972    0.2020142571518      0.20191893900573     0.24263845336633     0.24249777072719     0.091015712970239    0.091719968048359    0.099368948032417    0.10067310589114
0.42790011820864     0.46122420061255     3.4019253026791      1.5084258481683      0.60637771859539     -0.85689156674973    -0.36924035685784    0.20257096215728     0.20247454752646     0.24354720173351     0.24340497476748     0.091317047311216    0.09202535999357     0.099615330683191    0.10092700386451
0.4306786904048      0.44158084470945     3.3393675267713      1.3515452514311      0.58605824722139     -0.81222073230817    -0.36479660717869    0.20313227022023     0.20303480251144     0.24446225404164     0.24431852965082     0.091620476518197    0.09233283503446     0.099863440111161    0.10118261122737
0.43345726260096     0.42327185629239     3.2866577800509      1.2295578885501      0.56849725116151     -0.77362179868581    -0.36064053918077    0.20369818714121     0.20359969189378     0.24538364684216     0.2452384597761      0.091926001624567    0.092642393895469    0.10011327719807     0.101439924326
0.43623583479712     0.40612085568534     3.2428959765721      1.1321662652188      0.55329887373102     -0.73997578214508    -0.35674985685821    0.20426874075211     0.20416922826988     0.24631140247041     0.24616476257004     0.092233622079407    0.092954035235809    0.10036484430747     0.10169894569354
0.43901440699328     0.38998036226984     3.2073616052882      1.0527666289468      0.54014662071803     -0.71042193897194    -0.35310454642107    0.20484391653646     0.20474343569895     0.24724553750211     0.24709750112134     0.092543338889435    0.09326775896989     0.10061814140232     0.10195968115726
0.44179297918944     0.37472641483705     3.1794633695583      0.98692796524932     0.52878450213307     -0.68428793134185    -0.34968654600653    0.20542374370316     0.20532230444856     0.24818608456716     0.24803668612086     0.092855155569       0.093583570329061    0.10087317095152     0.10222212276529
0.4445715513856      0.36025529898914     3.1587369150478      0.93156753375812     0.51900444974171     -0.66104041707527    -0.34647947795331    0.2060082153459      0.20590586191147     0.24913305347205     0.24898231156748     0.093169067808126    0.093901467205344    0.10112993177214     0.10248628131937
0.44735012358176     0.34647998380007     3.1448150569816      0.88447281194746     0.51063560728701     -0.64025159204223    -0.34346859182151    0.20659736404433     0.20649410753973     0.2500864806734      0.2499344409213      0.093485080089156    0.094221446019446    0.10138842640162     0.10275214846444
0.45012869577792     0.33332779396024     3.1374237600573      0.84401665194114     0.50353782683093     -0.62157350446809    -0.34064037853308    0.20719117107251     0.20708705662297     0.25104638684589     0.2508930775174      0.093803191534961    0.094543513385477    0.10164865641845     0.10301973175019
0.45290726797408     0.32073857888098     3.1363735190688      0.80897372165707     0.49759477080241     -0.60472127818846    -0.33798268468259    0.20778968031002     0.20768470934373     0.25201278741575     0.25185824854421     0.094123401089343    0.094867666483093    0.10191061875701     0.10328902673334
0.45568584017024     0.30866270674318     3.1415403150575      0.77840534309628     0.49271081539288     -0.58945859939861    -0.33548428499802    0.20839287060338     0.20828709212339     0.25298572362165     0.25282997301969     0.094445714199949    0.095193907454411    0.1021743216646      0.10356003942053
0.4584644123664      0.29705992376773     3.1528764338468      0.75157938380495     0.48880649485338     -0.57558826603457    -0.33313504505911    0.20900077638799     0.20889421490006     0.25396518084035     0.25380828578073     0.094770127326389    0.095522235710126    0.10243976002518     0.10383276845892
0.46124298456256     0.28589794174872     3.1704065105769      0.72791692248073     0.48581660357981     -0.56294427660704    -0.33092561954596    0.20961338699795     0.20950605722279     0.25495124656579     0.25479320056588     0.095096638697296    0.095852647705576    0.10270693459203     0.10410721147959
0.46402155675872     0.27515153000531     3.1942076729926      0.70695408568542     0.48368776955234     -0.55138624532434    -0.32884747535472    0.21023074123803     0.21012268839065     0.25594388731046     0.25578475993512     0.095425253776937    0.096185152693111    0.10297585092623     0.10438337408649
0.46680012895488     0.26480151564579     3.2244473614092      0.68831484708724     0.4823767950323      -0.54079403794441    -0.32689281945074    0.21085281914744     0.21074404790759     0.25694315358453     0.25678295972286     0.095755973038887    0.096519742488366    0.10324650795071     0.10466125597828
0.46957870115104     0.25483392797858     3.2613468660873      0.67169122702279     0.48184948470783     -0.53106481735882    -0.3250543847206     0.21147966160265     0.21137021474564     0.25794907956987     0.25778784183487     0.096088790231271    0.096856419887657    0.10351890224087     0.10494085518055
0.4723572733472      0.24523929308677     3.3052183830167      0.65682892339941     0.48207947473651     -0.52211001570854    -0.32332561595959    0.21211125384583     0.21200115417849     0.25896166136283     0.2587994540615      0.096423712575734    0.097195187448989    0.10379304131704     0.10522217493128
0.47513584554336     0.23601194659012     3.3564549161774      0.64351569050313     0.48304764852387     -0.51385238048159    -0.32170032631246    0.21274762592817     0.21263689412319     0.25998095490394     0.25981777523553     0.096760736200609    0.097536042010962    0.10406892228558     0.10550521436685
0.47791441773952     0.22714935036075     3.4155483921934      0.63157334735807     0.48474115918471     -0.50622525424387    -0.32017299577575    0.21338877744584     0.2132774544094      0.26100696049473     0.26084286052402     0.097099863944442    0.097878984119934    0.10434654582197     0.10578997561914
0.48069298993568     0.2186515707414      3.4830995271201      0.62085153806811     0.48715352107208     -0.49916963645747    -0.3187383043083     0.2140347350766      0.2139228286919      0.26203973458652     0.26187473904814     0.09744109234291     0.098224015148902    0.10462591533417     0.10607646008444
0.48347156213184     0.21052070598643     3.5598435815708      0.61122190235834     0.49028381682749     -0.4926343566549     -0.31739152449938    0.21468549430221     0.21457304413567     0.2630792740799      0.26291341776709     0.097784423829987    0.098571133896689    0.10490702669235     0.10636466316776
0.486250134328       0.20276046453978     3.6466633030732      0.60257489881565     0.49413662604099     -0.48657371162722    -0.31612819044414    0.2153410795908      0.21522810256141     0.26412561576032     0.26395894862595     0.098129862217734    0.098920341757695    0.1051898864437      0.10665459295152
0.48902870652416     0.19537569945188     3.7446271349531      0.5948165095036      0.49872226960535     -0.48094770471665    -0.31494415933357    0.21600148868958     0.21588801745077     0.26517879793905     0.26501132507821     0.098477396804076    0.099271634419949    0.10547449227675     0.10694624632754
0.49180727872032     0.18837203021076     3.8550254227622      0.58786493973219     0.50405642607186     -0.47572058434367    -0.31383561687557    0.21666675731598     0.21655281454832     0.26623881930248     0.26607060461522     0.09882703911001     0.099625016571362    0.10576084385612     0.10723962082369
0.49458585091648     0.18175559796274     3.97942000942        0.58165009961643     0.51016045760916     -0.47086055294604    -0.31279904211347    0.21733688156927     0.21722248917689     0.2673057529641      0.26713680432005     0.099178782254194    0.099980487286637    0.10604894518801     0.10753472361534
0.49736442311264     0.17553270632996     4.1197144349131      0.57611018012135     0.51706172741782     -0.4663392614369     -0.31183110852756    0.21801186368109     0.21789705451963     0.26837957583883     0.26820995252733     0.099532627118885    0.10033804037465     0.10633879238052     0.10783154921875
0.5001429953088      0.16970970078279     4.2782390951834      0.57119196944064     0.52479384466727     -0.46213129286145    -0.31092879757358    0.21869174752191     0.21857653987629     0.26946034837318     0.26929005136375     0.099888575309406    0.1006976857064      0.10663039179908     0.10813010296648
0.50292156750496     0.16429278962676     4.4578686094908      0.56684837881623     0.53339727994545     -0.45821383358233    -0.31008922956821    0.21937652047482     0.21926094598551     0.27054808042546     0.27037718893038     0.10024662323647     0.10105941251636     0.1069237389053      0.10843038179468
0.50570013970112     0.15928794087628     4.6621844094531      0.56303845785548     0.54291974667076     -0.45456641330974    -0.30930980695385    0.22006621395675     0.21995028277592     0.2716428205671      0.27147132090242     0.10060677437443     0.10142322535961     0.10721883664518     0.10873238623311
0.50847871189728     0.15470087855904     4.8957122640805      0.55972608949411     0.5534174386165      -0.45117041242074    -0.30858803954186    0.2207608114847      0.22064457102225     0.27274459585464     0.27257254140426     0.10096902653437     0.10178912615653     0.10751568711944     0.10903612087958
0.51125728409344     0.15053705324027     5.1641922527898      0.55687964225214     0.56495553935357     -0.44800917173804    -0.30792168949624    0.22146036334115     0.22134382857391     0.27385339512486     0.27368082026062     0.10133337669311     0.10215710615917     0.10781428586587     0.10934157914576
0.5140358562896      0.14680174188355     5.4751111033049      0.55447136623905     0.57760977317202     -0.44506760245838    -0.30730856674156    0.22216486772181     0.2220480453549      0.27496929519352     0.27479624359681     0.10169983151306     0.10252717744801     0.10811464099294     0.10964877067053
0.51681442848576     0.14350009736211     5.8382679698028      0.55247667773179     0.59146761706535     -0.44233195382842    -0.3067467769771     0.22287432977595     0.222757260723       0.27609232497905     0.27591879505642     0.10206837774783     0.10289932112402     0.10841674248783     0.10995768593978
0.51959300068192     0.1406373366015      6.2668768801598      0.55087436030836     0.60663037798708     -0.43978965622645    -0.30623440769143    0.22358877801561     0.22347148781195     0.27722246272867     0.27704851603184     0.10243903258644     0.10327355971491     0.10872060481464     0.11026833355203
0.52237157287808     0.13821885522285     6.77907811659        0.5496454449746      0.62321524831344     -0.43742958438855    -0.30576981987263    0.22430821312358     0.2241907245306      0.27835978908457     0.27818546241028     0.10281177791418     0.10364986759332     0.10902621397408     0.11058070852889
0.52515014507424     0.13625046718353     7.4005133311128      0.54877380641131     0.64135803689435     -0.43524130154052    -0.30535137870468    0.22503265538124     0.22491498447188     0.27950433449352     0.27932962968959     0.10318662303955     0.10402826416943     0.10933358101168     0.11089481397609
0.5279287172704      0.13473856861528     8.1686295155922      0.54824520902962     0.66121649799789     -0.4332154285729     -0.30497765467783    0.22576213302705     0.2256443037599      0.28065608224813     0.28048105667796     0.10356356570215     0.10440873601102     0.10964270135955     0.11121064659402
0.53070728946656     0.13369040768416     9.1403430499524      0.54804748784657     0.68297462032667     -0.43134336768662    -0.30464724952257    0.22649664244233     0.22637867707265     0.28181512467797     0.28163978514036     0.10394260277091     0.10479128988623     0.10995357533985     0.11152821385959
0.53348586166272     0.13311431976177     10.40647927385       0.54817021245517     0.70684775940615     -0.42961743084522    -0.30435890764959    0.22723619171881     0.22711812117334     0.28298142481107     0.2828058617282      0.10432373499657     0.10517591849236     0.11026620863932     0.11184750714315
0.53626443385888     0.1330199544234      12.121668164419      0.54860471644135     0.73308932622073     -0.42803030270604    -0.30411150771555    0.22798082997178     0.22786267145484     0.28415510084426     0.28397925196641     0.1047069588486      0.10556262411285     0.11058059120838     0.11216853326541
0.53904300605504     0.13341857843702     14.5720146368        0.5493437809139      0.76199867204472     -0.42657558145178    -0.30390388312415    0.22873052953454     0.22861230048495     0.28533607989058     0.28516006069506     0.10509228028955     0.10595140596754     0.11089673496686     0.11249128915495
0.5418215782512      0.13432332512574     18.352426592096      0.55038164630788     0.79393234350164     -0.42524731270833    -0.30373511600622    0.22948534148964     0.22936707324216     0.28652450111737     0.28634829123716     0.10547968628239     0.10634225925835     0.11121463096535     0.1128157757241
0.54460015044736     0.13574948051126     24.937980423533      0.55171385456809     0.82931761781852     -0.42403994083121    -0.30360427027595    0.23024526600433     0.2301269677106      0.28772030614318     0.28754395374321     0.10586919021049     0.10673518975789     0.11153428733214     0.11314199510708
0.54737872264352     0.13771476701123     39.264884939808      0.55333733087662     0.86867024287311     -0.4229486680623     -0.30351050246085    0.23101031241647     0.2308920144653      0.28892358310381     0.28874712776278     0.1062607768036      0.10713018804872     0.11185569662768     0.1134699429701
0.55015729483968     0.14023968773555     94.295177128023      0.55525005081407     0.91261913329999     -0.42196882743011    -0.30345305054911    0.23178050519072     0.23166222665987     0.29013434802361     0.28995779456237     0.10665445667006     0.10752725602414     0.11217886531994     0.11379962332362
0.55293586703584     0.14334780558612     -223.27866648731     0.55745126820229     0.96193760831304     -0.42109635356735    -0.30343122653299    0.23255586289628     0.23243762756405     0.2913526201927      0.29117603137401     0.10705021938897     0.1079263953508      0.11250378966961     0.11413103423075
