x[nm]                E_1[eV]              E_2[eV]              E_3[eV]              E_4[eV]              E_5[eV]              E_6[eV]              Psi_1[nm^-1/2]       Psi_2[nm^-1/2]       Psi_3[nm^-1/2]       Psi_4[nm^-1/2]       Psi_5[nm^-1/2]       Psi_6[nm^-1/2]      
7.1142317671146      2.9411581380883      3.0610228581581      3.1262734386424      3.3909257375704      3.5629458497216      3.7722312324088      2.9411581380883      3.0610228581581      3.1262734386424      3.3909257375704      3.5629458497216      3.7722312324088
7.260978922993       2.9411581380883      3.0610228581581      3.1262734386424      3.3909257375704      3.5629458497216      3.7722312324088      2.9484180464493      3.0562585389682      3.1437447447121      3.4255394939105      3.5939275604611      3.8475473384221
7.4003918486039      2.9411581380883      3.0610228581581      3.1262734386424      3.3909257375704      3.5629458497216      3.7722312324088      2.955479221159       3.0516583196696      3.1605470418918      3.4582875501142      3.6229250181383      3.9171101080195
7.532837099151       2.9411581380883      3.0610228581581      3.1262734386424      3.3909257375704      3.5629458497216      3.7722312324088      2.9624796596521      3.0471567119397      3.1768710944793      3.4891604655538      3.6497117090449      3.9797428092895
7.6586629098899      2.9411581380883      3.0610228581581      3.1262734386424      3.3909257375704      3.5629458497216      3.7722312324088      2.9695228230364      3.0427046176769      3.1928609741559      3.5181765666986      3.6741653949522      4.0347809202965
7.7782001117354      2.9411581380883      3.0610228581581      3.1262734386424      3.3909257375704      3.5629458497216      3.7722312324088      2.976685361589       3.0382658147941      3.2086238237415      3.5453755776665      3.6962466716641      4.08197043439
7.891763001107       2.9411581380883      3.0610228581581      3.1262734386424      3.3909257375704      3.5629458497216      3.7722312324088      2.9840227993722      3.0338142732557      3.224237466742       3.5708132923928      3.7159801008019      4.1213734809785
7.9996501663019      2.9411581380883      3.0610228581581      3.1262734386424      3.3909257375704      3.5629458497216      3.7722312324088      2.9915737900886      3.0293320769565      3.2397564010357      3.594557164438       3.7334380452673      4.1532850094818
8.1021452725658      2.9411581380883      3.0610228581581      3.1262734386424      3.3909257375704      3.5629458497216      3.7722312324088      2.9993633651502      3.024807792262       3.2552165677316      3.6166826945386      3.7487271385724      4.1781620897185
8.1995178079279      2.9411581380883      3.0610228581581      3.1262734386424      3.3909257375704      3.5629458497216      3.7722312324088      3.0074054647518      3.0202351696591      3.2706391811743      3.6372705037865      3.7619771963741      4.1965659192116
8.2920237917592      2.9411581380883      3.0610228581581      3.1262734386424      3.3909257375704      3.5629458497216      3.7722312324088      3.0157049534323      3.0156120970544      3.2860338307542      3.6564039901488      3.7733323132146      4.2091157263273
8.3799064479186      2.9411581380883      3.0610228581581      3.1262734386424      3.3909257375704      3.5629458497216      3.7722312324088      3.0242592599678      3.0109397459347      3.3014010109287      3.6741674767585      3.7829438612711      4.2164532658119
8.4633968442558      2.9411581380883      3.0610228581581      3.1262734386424      3.3909257375704      3.5629458497216      3.7722312324088      3.0330597387301      3.00622186769        3.3167341966051      3.6906447712375      3.7909651075841      4.2192163946704
8.5427145001525      2.9411581380883      3.0610228581581      3.1262734386424      3.3909257375704      3.5629458497216      3.7722312324088      3.0420928199854      3.0014642088341      3.3320215525111      3.7059180657494      3.797547181932       4.2180201936171
8.6180679636999      2.9411581380883      3.0610228581581      3.1262734386424      3.3909257375704      3.5629458497216      3.7722312324088      3.051340996014       2.9966740220123      3.3472473443534      3.7200671172062      3.8028361522175      4.2134441897478
8.6896553600291      2.9411581380883      3.0610228581581      3.1262734386424      3.3909257375704      3.5629458497216      3.7722312324088      3.060558558952       2.9919758418374      3.3620243892334      3.7328258937783      3.8068393464419      4.206110200621
8.7576649122373      2.9411581380883      3.0610228581581      3.1262734386424      3.3909257375704      3.5629458497216      3.7722312324088      3.0696130749982      2.9874333278259      3.3761627616421      3.7441237099033      3.8096358853002      4.1965385757482
8.8222754362784      2.9411581380883      3.0610228581581      3.1262734386424      3.3909257375704      3.5629458497216      3.7722312324088      3.0784504357189      2.983068809408       3.3896049527382      3.7540121177314      3.811343379074       4.1851607841944
8.8836568111193      2.9411581380883      3.0610228581581      3.1262734386424      3.3909257375704      3.5629458497216      3.7722312324088      3.0870278216322      2.978897964378       3.402315829238       3.7625654724296      3.812084732485       4.1723742027585
8.9419704253995      2.9411581380883      3.0610228581581      3.1262734386424      3.3909257375704      3.5629458497216      3.7722312324088      3.0953121676358      2.9749310048222      3.4142780763112      3.7698722223601      3.8119819172664      4.1585346009018
8.9973696017656      2.9411581380883      3.0610228581581      3.1262734386424      3.3909257375704      3.5629458497216      3.7722312324088      3.103278811287       2.9711736777741      3.4254884350929      3.7760284217565      3.8111518573459      4.1439533820234
9.05                 2.9411581380883      3.0610228581581      3.1262734386424      3.3909257375704      3.5629458497216      3.7722312324088      3.1109103035899      2.9676281060737      3.4359546146612      3.7811329995361      3.8097038846735      4.1288979757047
9.1                  2.9411581380883      3.0610228581581      3.1262734386424      3.3909257375704      3.5629458497216      3.7722312324088      3.1181953618442      2.9642934936677      3.445692767085       3.7852843894882      3.8077383323548      4.1135941920986
9.15                 2.9411581380883      3.0610228581581      3.1262734386424      3.3909257375704      3.5629458497216      3.7722312324088      3.1254923400255      2.9610036345499      3.4551938020776      3.7887332048554      3.8052056044719      4.0973989705624
9.2                  2.9411581380883      3.0610228581581      3.1262734386424      3.3909257375704      3.5629458497216      3.7722312324088      3.132778439447       2.9577704171201      3.4644208083096      3.7914607050313      3.8021165829463      4.0804005877104
9.25                 2.9411581380883      3.0610228581581      3.1262734386424      3.3909257375704      3.5629458497216      3.7722312324088      3.1400295347133      2.9546060716016      3.4733364462821      3.7934509680753      3.7984848760468      4.0626908769503
9.3                  2.9411581380883      3.0610228581581      3.1262734386424      3.3909257375704      3.5629458497216      3.7722312324088      3.1472201576386      2.9515231597974      3.4819030016597      3.7946908914481      3.7943266768436      4.0443645024374
9.35                 2.9411581380883      3.0610228581581      3.1262734386424      3.3909257375704      3.5629458497216      3.7722312324088      3.1543235047563      2.9485345529253      3.4900824754289      3.7951702232384      3.7896606384183      4.0255182809801
9.4                  2.9411581380883      3.0610228581581      3.1262734386424      3.3909257375704      3.5629458497216      3.7722312324088      3.161311473192       2.9456533954953      3.4978367166274      3.794881626704       3.7845077661382      4.0062505491263
9.45                 2.9411581380883      3.0610228581581      3.1262734386424      3.3909257375704      3.5629458497216      3.7722312324088      3.1681547297111      2.9428930532748      3.5051276029651      3.7938207797621      3.7788913263284      3.9866605708121
9.5                  2.9411581380883      3.0610228581581      3.1262734386424      3.3909257375704      3.5629458497216      3.7722312324088      3.1748228176726      2.9402670435238      3.5119172740483      3.7919865097855      3.7728367697519      3.9668479794596
9.55                 2.9411581380883      3.0610228581581      3.1262734386424      3.3909257375704      3.5629458497216      3.7722312324088      3.1812843064142      2.9377889458862      3.5181684211335      3.789380962725       3.7663716674394      3.9469122473012
9.6                  2.9411581380883      3.0610228581581      3.1262734386424      3.3909257375704      3.5629458497216      3.7722312324088      3.187506987236       2.9354722925874      3.5238446363611      3.7860098042057      3.7595256556369      3.9269521739893
9.65                 2.9411581380883      3.0610228581581      3.1262734386424      3.3909257375704      3.5629458497216      3.7722312324088      3.1935703160967      2.9332886983694      3.5290132528375      3.7818254742372      3.7522129391314      3.9067264699648
9.7                  2.9411581380883      3.0610228581581      3.1262734386424      3.3909257375704      3.5629458497216      3.7722312324088      3.1995681628192      2.9312055533015      3.5337496262469      3.7767667955843      3.7443337425537      3.8859744712296
9.75                 2.9411581380883      3.0610228581581      3.1262734386424      3.3909257375704      3.5629458497216      3.7722312324088      3.2054989714096      2.9292244955528      3.5380486732464      3.7708450832944      3.7359116484921      3.8647773826453
9.8                  2.9411581380883      3.0610228581581      3.1262734386424      3.3909257375704      3.5629458497216      3.7722312324088      3.2113612032654      2.9273470830118      3.5419057798564      3.7640735828136      3.7269718644377      3.8432181507595
9.85                 2.9411581380883      3.0610228581581      3.1262734386424      3.3909257375704      3.5629458497216      3.7722312324088      3.2171533375745      2.9255747920611      3.5453168064128      3.7564674403595      3.7175411473375      3.8213811392264
9.9                  2.9411581380883      3.0610228581581      3.1262734386424      3.3909257375704      3.5629458497216      3.7722312324088      3.2228738717099      2.9239090164165      3.5482780920096      3.7480436690434      3.707647723511       3.7993517986825
9.95                 2.9411581380883      3.0610228581581      3.1262734386424      3.3909257375704      3.5629458497216      3.7722312324088      3.2285213216197      2.922351066031       3.5507864584282      3.7388211108152      3.6973212041677      3.777216332369
10                   2.9411581380883      3.0610228581581      3.1262734386424      3.3909257375704      3.5629458497216      3.7722312324088      3.2340942222116      2.9209021660647      3.5528392135485      3.7288203943196      3.6865924967803      3.7550613588092
10.05                2.9411581380883      3.0610228581581      3.1262734386424      3.3909257375704      3.5629458497216      3.7722312324088      3.2395911277336      2.9195634559213      3.5544341542378      3.7180638887535      3.6754937125784      3.73297357286
10.1                 2.9411581380883      3.0610228581581      3.1262734386424      3.3909257375704      3.5629458497216      3.7722312324088      3.2450106121485      2.918335988352       3.555569568716       3.7065756538328      3.6640580704384      3.7110394064661
10.15                2.9411581380883      3.0610228581581      3.1262734386424      3.3909257375704      3.5629458497216      3.7722312324088      3.2503512695044      2.9172207286277      3.5562442383923      3.6943813859755      3.6523197974593      3.6893446904418
10.2                 2.9411581380883      3.0610228581581      3.1262734386424      3.3909257375704      3.5629458497216      3.7722312324088      3.2556117142988      2.9162185537801      3.5564574391732      3.6815083608256      3.64031402652        3.6679743186055
10.25                2.9411581380883      3.0610228581581      3.1262734386424      3.3909257375704      3.5629458497216      3.7722312324088      3.2607905818386      2.9153302519117      3.5562089422394      3.6679853722439      3.6280766911258      3.6470119155813
10.3                 2.9411581380883      3.0610228581581      3.1262734386424      3.3909257375704      3.5629458497216      3.7722312324088      3.2658865285938      2.9145565215761      3.5554990142921      3.653842667903       3.6156444178591      3.6265395095661
10.35                2.9411581380883      3.0610228581581      3.1262734386424      3.3909257375704      3.5629458497216      3.7722312324088      3.2708982325463      2.9138979712288      3.5543284172658      3.6391118816308      3.6030544167551      3.6066372113445
10.4                 2.9411581380883      3.0610228581581      3.1262734386424      3.3909257375704      3.5629458497216      3.7722312324088      3.2758243935326      2.9133551187488      3.5526984075112      3.6238259626528      3.5903443699315      3.5873829008063
10.45                2.9411581380883      3.0610228581581      3.1262734386424      3.3909257375704      3.5629458497216      3.7722312324088      3.2806637335813      2.9129283910309      3.5506107344467      3.6080191018928      3.5775523188052      3.568851922194
10.5                 2.9411581380883      3.0610228581581      3.1262734386424      3.3909257375704      3.5629458497216      3.7722312324088      3.2854149972444      2.9126181236507      3.5480676386807      3.5917266554962      3.5647165502334      3.5511167892726
10.55                2.9411581380883      3.0610228581581      3.1262734386424      3.3909257375704      3.5629458497216      3.7722312324088      3.2900769519234      2.9124245605998      3.545071849607       3.5749850657467      3.5518754819205      3.5342469015747
10.6                 2.9411581380883      3.0610228581581      3.1262734386424      3.3909257375704      3.5629458497216      3.7722312324088      3.2946483881887      2.9123478540948      3.541626582475       3.5578317795534      3.5390675474334      3.5183082728332
10.65                2.9411581380883      3.0610228581581      3.1262734386424      3.3909257375704      3.5629458497216      3.7722312324088      3.2991281200934      2.9123880644571      3.5377355349398      3.5403051646917      3.5263310811685      3.5033632726616
10.7                 2.9411581380883      3.0610228581581      3.1262734386424      3.3909257375704      3.5629458497216      3.7722312324088      3.3035149854811      2.9125451600656      3.5334028830929      3.5224444239831      3.5137042036165      3.4894703824954
10.75                2.9411581380883      3.0610228581581      3.1262734386424      3.3909257375704      3.5629458497216      3.7722312324088      3.3078078462875      2.9128190173815      3.5286332769803      3.5042895076083      3.5012247072671      3.4766839667472
10.8                 2.9411581380883      3.0610228581581      3.1262734386424      3.3909257375704      3.5629458497216      3.7722312324088      3.3120055888352      2.9132094210455      3.5234318356122      3.4858810237483      3.488929943495       3.4650540600735
10.85                2.9411581380883      3.0610228581581      3.1262734386424      3.3909257375704      3.5629458497216      3.7722312324088      3.316107124123       2.9137160640473      3.5178041414686      3.4672601477536      3.4768567107669      3.4546261715826
10.9                 2.9411581380883      3.0610228581581      3.1262734386424      3.3909257375704      3.5629458497216      3.7722312324088      3.3201113881085      2.9143385479667      3.5117562345081      3.4484685300448      3.4650411445026      3.4454411067535
10.95                2.9411581380883      3.0610228581581      3.1262734386424      3.3909257375704      3.5629458497216      3.7722312324088      3.3240173419837      2.9150763832872      3.5052946056852      3.4295482029504      3.4535186089213      3.4375348077586
11                   2.9411581380883      3.0610228581581      3.1262734386424      3.3909257375704      3.5629458497216      3.7722312324088      3.3278239724448      2.9159289897809      3.4984261899842      3.4105414866912      3.4423235911956      3.4309382128186
11.05                2.9411581380883      3.0610228581581      3.1262734386424      3.3909257375704      3.5629458497216      3.7722312324088      3.3315302919551      2.9168956969645      3.491158358976       3.3914908947196      3.431489598231       3.4256771351377
11.1                 2.9411581380883      3.0610228581581      3.1262734386424      3.3909257375704      3.5629458497216      3.7722312324088      3.335135339001       2.9179757446272      3.4834989129063      3.3724390386273      3.4210490563785      3.4217721618937
11.15                2.9411581380883      3.0610228581581      3.1262734386424      3.3909257375704      3.5629458497216      3.7722312324088      3.3386381783417      2.9191682834278      3.4754560723244      3.3534285328339      3.4110332143826      3.4192385736778
11.2                 2.9411581380883      3.0610228581581      3.1262734386424      3.3909257375704      3.5629458497216      3.7722312324088      3.3420379012515      2.9204723755632      3.4670384692601      3.3345018992678      3.4014720498529      3.4180862847004
11.25                2.9411581380883      3.0610228581581      3.1262734386424      3.3909257375704      3.5629458497216      3.7722312324088      3.3453336257559      2.9218869955052      3.4582551379594      3.315701472256       3.3923941795402      3.4183198039955
11.3                 2.9411581380883      3.0610228581581      3.1262734386424      3.3909257375704      3.5629458497216      3.7722312324088      3.3485244968601      2.923411030808       3.4491155051885      3.2970693038313      3.3838267736868      3.4199382177763
11.35                2.9411581380883      3.0610228581581      3.1262734386424      3.3909257375704      3.5629458497216      3.7722312324088      3.3516096867711      2.9250432829818      3.4396293801164      3.2786470696727      3.3757954747045      3.422935193011
11.4                 2.9411581380883      3.0610228581581      3.1262734386424      3.3909257375704      3.5629458497216      3.7722312324088      3.354588395112       2.9267824684364      3.4298069437872      3.2604759758868      3.3683243204271      3.4272990022047
11.45                2.9411581380883      3.0610228581581      3.1262734386424      3.3909257375704      3.5629458497216      3.7722312324088      3.3574598491302      2.9286272194898      3.4196587381931      3.2425966668396      3.3614356721644      3.4330125692904
11.5                 2.9411581380883      3.0610228581581      3.1262734386424      3.3909257375704      3.5629458497216      3.7722312324088      3.3602233038975      2.9305760854441      3.4091956549603      3.2250491342446      3.3551501477744      3.4400535364494
11.55                2.9411581380883      3.0610228581581      3.1262734386424      3.3909257375704      3.5629458497216      3.7722312324088      3.3628780425035      2.9326275337263      3.3984289236595      3.2078726277116      3.3494865599534      3.4483943515999
11.6                 2.9411581380883      3.0610228581581      3.1262734386424      3.3909257375704      3.5629458497216      3.7722312324088      3.3654233762413      2.9347799510933      3.3873700997534      3.1911055669539      3.3444618599299      3.4580023762115
11.65                2.9411581380883      3.0610228581581      3.1262734386424      3.3909257375704      3.5629458497216      3.7722312324088      3.3678586447869      2.937031644901       3.3760310521952      3.1747854558533      3.3400910867285      3.4688400130234
11.7                 2.9411581380883      3.0610228581581      3.1262734386424      3.3909257375704      3.5629458497216      3.7722312324088      3.3701832163694      2.9393808444348      3.3644239506898      3.1589487985727      3.3363873221582      3.4808648531665
11.75                2.9411581380883      3.0610228581581      3.1262734386424      3.3909257375704      3.5629458497216      3.7722312324088      3.3723964879361      2.9418257023024      3.3525612526328      3.1436310179053      3.3333616516582      3.4940298421139
11.8                 2.9411581380883      3.0610228581581      3.1262734386424      3.3909257375704      3.5629458497216      3.7722312324088      3.3744978853078      2.9443642958867      3.3404556897401      3.1288663760417      3.3310231311192      3.5082834638106
11.85                2.9411581380883      3.0610228581581      3.1262734386424      3.3909257375704      3.5629458497216      3.7722312324088      3.3764868633288      2.9469946288574      3.3281202543843      3.1146878979343      3.3293787597784      3.5235699422615
11.9                 2.9411581380883      3.0610228581581      3.1262734386424      3.3909257375704      3.5629458497216      3.7722312324088      3.3783629060075      2.949714632741       3.3155681856497      3.1011272974283      3.3284334592713      3.5398294597891
11.95                2.9411581380883      3.0610228581581      3.1262734386424      3.3909257375704      3.5629458497216      3.7722312324088      3.3801255266507      2.9525221685478      3.302812955124       3.088214906325       3.3281900589005      3.5569983911066
12                   2.9411581380883      3.0610228581581      3.1262734386424      3.3909257375704      3.5629458497216      3.7722312324088      3.3817742679899      2.9554150284533      3.2898682524394      3.0759796065375      3.3286492871682      3.5750095522904
12.05                2.9411581380883      3.0610228581581      3.1262734386424      3.3909257375704      3.5629458497216      3.7722312324088      3.3833087022996      2.958390937535       3.2767479705804      3.0644487654884      3.3298097695951      3.5937924636787
12.1                 2.9411581380883      3.0610228581581      3.1262734386424      3.3909257375704      3.5629458497216      3.7722312324088      3.3847284315084      2.9614475555611      3.2634661909731      3.0536481748953      3.3316680328349      3.613273625666
12.15                2.9411581380883      3.0610228581581      3.1262734386424      3.3909257375704      3.5629458497216      3.7722312324088      3.3860330873027      2.964582478831       3.2500371683717      3.0436019930816      3.3342185150696      3.6333768063148
12.2                 2.9411581380883      3.0610228581581      3.1262734386424      3.3909257375704      3.5629458497216      3.7722312324088      3.3872223312213      2.9677932420655      3.2364753155602      3.0343326909394      3.3374535826564      3.6540233396604
12.25                2.9411581380883      3.0610228581581      3.1262734386424      3.3909257375704      3.5629458497216      3.7722312324088      3.3882958547444      2.9710773203451      3.2227951878835      3.025861001668       3.3413635529752      3.6751324335386
12.3                 2.9411581380883      3.0610228581581      3.1262734386424      3.3909257375704      3.5629458497216      3.7722312324088      3.3892533793724      2.9744321310965      3.2090114676255      3.0182058743985      3.3459367234089      3.6966214857349
12.35                2.9411581380883      3.0610228581581      3.1262734386424      3.3909257375704      3.5629458497216      3.7722312324088      3.3900946566993      2.9778550361224      3.1951389482517      3.0113844318093      3.3511594063698      3.7184064072162
12.4                 2.9411581380883      3.0610228581581      3.1262734386424      3.3909257375704      3.5629458497216      3.7722312324088      3.3908194684762      2.9813433436769      3.1811925185317      3.0054119318266      3.3570159702662      3.7404019511798
12.45                2.9411581380883      3.0610228581581      3.1262734386424      3.3909257375704      3.5629458497216      3.7722312324088      3.3914276266686      2.9848943105821      3.16718714656        3.0003017334963      3.3634888862889      3.7625220466344
12.5                 2.9411581380883      3.0610228581581      3.1262734386424      3.3909257375704      3.5629458497216      3.7722312324088      3.3919189735047      2.9885051443852      3.153137863691       2.9960652671028      3.3705587808744      3.7846801352046
12.55                2.9411581380883      3.0610228581581      3.1262734386424      3.3909257375704      3.5629458497216      3.7722312324088      3.3922933815167      2.9921730055547      3.139059748407       2.9927120086025      3.3782044936911      3.806789509844
12.6                 2.9411581380883      3.0610228581581      3.1262734386424      3.3909257375704      3.5629458497216      3.7722312324088      3.3925507535737      2.995895009713       3.1249679101346      2.9902494584279      3.3864031409722      3.8287636541291
12.65                2.9411581380883      3.0610228581581      3.1262734386424      3.3909257375704      3.5629458497216      3.7722312324088      3.3926910229067      2.9996682299049      3.1108774730291      2.9886831247115      3.3951301840071      3.8505165808078
12.7                 2.9411581380883      3.0610228581581      3.1262734386424      3.3909257375704      3.5629458497216      3.7722312324088      3.3927141531264      3.0034896988995      3.0968035597416      2.9880165109651      3.4043595025868      3.8719631682766
12.75                2.9411581380883      3.0610228581581      3.1262734386424      3.3909257375704      3.5629458497216      3.7722312324088      3.3926201382322      3.0073564115232      3.082761275189       2.9882511082432      3.4140634731815      3.8930194936716
12.8                 2.9411581380883      3.0610228581581      3.1262734386424      3.3909257375704      3.5629458497216      3.7722312324088      3.3924090026139      3.0112653270233      3.0687656903426      2.9893863918083      3.4242130516189      3.9136031612671
12.85                2.9411581380883      3.0610228581581      3.1262734386424      3.3909257375704      3.5629458497216      3.7722312324088      3.3920808010454      3.015213371459       3.0548318260528      2.9914198223039      3.4347778600137      3.9336336248997
12.9                 2.9411581380883      3.0610228581581      3.1262734386424      3.3909257375704      3.5629458497216      3.7722312324088      3.3916356186707      3.0191974401189      3.0409746369281      2.9943468514353      3.4457262776894      3.9530325031542
12.95                2.9411581380883      3.0610228581581      3.1262734386424      3.3909257375704      3.5629458497216      3.7722312324088      3.3910735709813      3.0232143999624      3.0272089952849      2.9981609321422      3.4570255358194      3.9717238860785
13                   2.9411581380883      3.0610228581581      3.1262734386424      3.3909257375704      3.5629458497216      3.7722312324088      3.3903948037867      3.0272610920835      3.0135496751855      3.0028535332437      3.4686418155047      3.9896346322282
13.05                2.9411581380883      3.0610228581581      3.1262734386424      3.3909257375704      3.5629458497216      3.7722312324088      3.3895994931764      3.0313343341949      3.0000113365822      3.0084141585198      3.4805403489949      4.0066946548765
13.1                 2.9411581380883      3.0610228581581      3.1262734386424      3.3909257375704      3.5629458497216      3.7722312324088      3.3886878454742      3.0354309231307      2.9866085095829      3.0148303701893      3.4926855237481      4.0228371962715
13.15                2.9411581380883      3.0610228581581      3.1262734386424      3.3909257375704      3.5629458497216      3.7722312324088      3.3876600971846      3.0395476373653      2.973355578857       3.0220878167301      3.5050409890207      4.0379990888669
13.2                 2.9411581380883      3.0610228581581      3.1262734386424      3.3909257375704      3.5629458497216      3.7722312324088      3.3865165149318      3.0436812395465      2.9602667681968      3.0301702649799      3.5175697646653      4.0521210025033
13.25                2.9411581380883      3.0610228581581      3.1262734386424      3.3909257375704      3.5629458497216      3.7722312324088      3.38525739539        3.0478284790418      2.9473561252513      3.0390596364461      3.5302343518132      4.0651476765739
13.3                 2.9411581380883      3.0610228581581      3.1262734386424      3.3909257375704      3.5629458497216      3.7722312324088      3.3838830652069      3.0519860944943      2.9346375064504      3.0487360477431      3.5429968451093      4.0770281362651
13.35                2.9411581380883      3.0610228581581      3.1262734386424      3.3909257375704      3.5629458497216      3.7722312324088      3.3823938809186      3.0561508163874      2.9221245621325      3.0591778550662      3.5558190461633      4.0877158920266
13.4                 2.9411581380883      3.0610228581581      3.1262734386424      3.3909257375704      3.5629458497216      3.7722312324088      3.3807902288575      3.0603193696163      2.9098307218947      3.0703617026042      3.5686625778787      4.0971691214904
13.45                2.9411581380883      3.0610228581581      3.1262734386424      3.3909257375704      3.5629458497216      3.7722312324088      3.3790725250516      3.0644884760631      2.8977691801793      3.0822625747804      3.5814889993158      4.1053508331262
13.5                 2.9411581380883      3.0610228581581      3.1262734386424      3.3909257375704      3.5629458497216      3.7722312324088      3.3772412151171      3.068654857175       2.8859528821125      3.0948538522061      3.5942599207463      4.1122290109931
13.55                2.9411581380883      3.0610228581581      3.1262734386424      3.3909257375704      3.5629458497216      3.7722312324088      3.3752967741422      3.0728152365421      2.8743945096115      3.1081073712226      3.6069371185543      4.117776740022
13.6                 2.9411581380883      3.0610228581581      3.1262734386424      3.3909257375704      3.5629458497216      3.7722312324088      3.3732397065645      3.0769663424746      2.863106467773       3.1219934868958      3.619482649641       4.1219723113367
13.65                2.9411581380883      3.0610228581581      3.1262734386424      3.3909257375704      3.5629458497216      3.7722312324088      3.3710705460396      3.081104910575       2.8521008715598      3.1364811393251      3.6318589649881      4.1247993072036
13.7                 2.9411581380883      3.0610228581581      3.1262734386424      3.3909257375704      3.5629458497216      3.7722312324088      3.3687898553028      3.0852276863055      2.8413895327979      3.1515379231168      3.6440290220436      4.1262466652758
13.75                2.9411581380883      3.0610228581581      3.1262734386424      3.3909257375704      3.5629458497216      3.7722312324088      3.3663982260234      3.0893314275473      2.8309839474998      3.1671301598674      3.6559563955906      4.1263087218813
13.8                 2.9411581380883      3.0610228581581      3.1262734386424      3.3909257375704      3.5629458497216      3.7722312324088      3.3638962786508      3.0934129071502      2.8208952835262      3.1832229734937      3.6676053867686      4.1249852341859
13.85                2.9411581380883      3.0610228581581      3.1262734386424      3.3909257375704      3.5629458497216      3.7722312324088      3.3612846622538      3.0974689154704      2.8111343685997      3.1997803682427      3.6789411299207      4.122281381143
13.9                 2.9411581380883      3.0610228581581      3.1262734386424      3.3909257375704      3.5629458497216      3.7722312324088      3.3585640543521      3.1014962628945      2.8017116786845      3.2167653092049      3.6899296969479      4.1182077432281
13.95                2.9411581380883      3.0610228581581      3.1262734386424      3.3909257375704      3.5629458497216      3.7722312324088      3.3557351607406      3.1054917823478      2.7926373267423      3.2341398051531      3.7005381988556      4.1127802610358
14                   2.9411581380883      3.0610228581581      3.1262734386424      3.3909257375704      3.5629458497216      3.7722312324088      3.3527987153061      3.1094523317849      2.7839210518792      3.2518649935189      3.7107348841917      4.1060201729032
14.05                2.9411581380883      3.0610228581581      3.1262734386424      3.3909257375704      3.5629458497216      3.7722312324088      3.3497554798375      3.1133747966604      2.7755722088926      3.2699012273197      3.7204892340792      4.0979539318013
14.1                 2.9411581380883      3.0610228581581      3.1262734386424      3.3909257375704      3.5629458497216      3.7722312324088      3.3466062438272      3.1172560923785      2.7675997582312      3.2882081638388      3.7297720535595      4.088613101822
14.15                2.9411581380883      3.0610228581581      3.1262734386424      3.3909257375704      3.5629458497216      3.7722312324088      3.3433518242673      3.1210931667184      2.7600122563785      3.3067448548627      3.7385555589736      4.0780342346641
14.2                 2.9411581380883      3.0610228581581      3.1262734386424      3.3909257375704      3.5629458497216      3.7722312324088      3.3399930654369      3.1248830022347      2.7528178466691      3.3254698382725      3.7468134611195      4.0662587266024
14.25                2.9411581380883      3.0610228581581      3.1262734386424      3.3909257375704      3.5629458497216      3.7722312324088      3.3365308386835      3.1286226186302      2.746024250549       3.3443412307843      3.7545210439357      4.0533326564998
14.3                 2.9411581380883      3.0610228581581      3.1262734386424      3.3909257375704      3.5629458497216      3.7722312324088      3.3329660421967      3.1323090750996      2.7396387592884      3.3633168216324      3.7616552384773      4.0393066054956
14.35                2.9411581380883      3.0610228581581      3.1262734386424      3.3909257375704      3.5629458497216      3.7722312324088      3.3292996007755      3.1359394726422      2.7336682261564      3.3823541669844      3.7681946919615      4.0242354590755
14.4                 2.9411581380883      3.0610228581581      3.1262734386424      3.3909257375704      3.5629458497216      3.7722312324088      3.3255324655879      3.1395109563417      2.7281190590657      3.4014106848781      3.774119831677       4.0081781922991
14.45                2.9411581380883      3.0610228581581      3.1262734386424      3.3909257375704      3.5629458497216      3.7722312324088      3.3216656139246      3.1430207176109      2.7229972136952      3.4204437504666      3.7794129235659      3.9911976390238
14.5                 2.9411581380883      3.0610228581581      3.1262734386424      3.3909257375704      3.5629458497216      3.7722312324088      3.3177000489454      3.146465996401       2.7183081870979      3.4394107913606      3.7840581253012      3.9733602460289
14.55                2.9411581380883      3.0610228581581      3.1262734386424      3.3909257375704      3.5629458497216      3.7722312324088      3.3136367994185      3.1498440833715      2.7140570118015      3.4582693828517      3.788041533704       3.9547358130022
14.6                 2.9411581380883      3.0610228581581      3.1262734386424      3.3909257375704      3.5629458497216      3.7722312324088      3.3094769194544      3.1531523220211      2.7102482504069      3.4769773428072      3.7913512263556      3.935397219406
14.65                2.9411581380883      3.0610228581581      3.1262734386424      3.3909257375704      3.5629458497216      3.7722312324088      3.3052214882315      3.1563881107765      2.7068859906915      3.4954928260204      3.7939772972818      3.9154201392917
14.7                 2.9411581380883      3.0610228581581      3.1262734386424      3.3909257375704      3.5629458497216      3.7722312324088      3.300871609717       3.1595489050387      2.703973841222       3.5137744178093      3.7959118866013      3.8948827451789
14.75                2.9411581380883      3.0610228581581      3.1262734386424      3.3909257375704      3.5629458497216      3.7722312324088      3.29642841238        3.1626322191837      2.7015149274812      3.5317812266504      3.7971492040506      3.8738654021578
14.8                 2.9411581380883      3.0610228581581      3.1262734386424      3.3909257375704      3.5629458497216      3.7722312324088      3.2918930488989      3.1656356285171      2.699511888514       3.5494729756436      3.7976855463146      3.8524503534116
14.85                2.9411581380883      3.0610228581581      3.1262734386424      3.3909257375704      3.5629458497216      3.7722312324088      3.2872666958624      3.1685567711813      2.6979668740947      3.566810092602       3.7975193081106      3.8307213983901
14.9                 2.9411581380883      3.0610228581581      3.1262734386424      3.3909257375704      3.5629458497216      3.7722312324088      3.2825505534639      3.1713933500123      2.6968815424198      3.5837537985653      3.7966509869927      3.8087635648926
14.95                2.9411581380883      3.0610228581581      3.1262734386424      3.3909257375704      3.5629458497216      3.7722312324088      3.2777458451909      3.1741431343466      2.6962570583285      3.6002661945388      3.7950831818628      3.7866627763455
15                   2.9411581380883      3.0610228581581      3.1262734386424      3.3909257375704      3.5629458497216      3.7722312324088      3.2728538175069      3.1768039617752      2.6960940920523      3.6163103462646      3.7928205851922      3.764505515574
15.05                2.9411581380883      3.0610228581581      3.1262734386424      3.3909257375704      3.5629458497216      3.7722312324088      3.2678757395282      3.179373739844       2.6963928184957      3.6318503668345      3.7898699689766      3.7423784863852
15.1                 2.9411581380883      3.0610228581581      3.1262734386424      3.3909257375704      3.5629458497216      3.7722312324088      3.2628129026948      3.1818504476997      2.6971529170488      3.6468514969604      3.7862401644676      3.720368274287
15.15                2.9411581380883      3.0610228581581      3.1262734386424      3.3909257375704      3.5629458497216      3.7722312324088      3.2576666204354      3.1842321376783      2.6983735719309      3.6612801827228      3.7819420357405      3.6985610076687
15.2                 2.9411581380883      3.0610228581581      3.1262734386424      3.3909257375704      3.5629458497216      3.7722312324088      3.2524382278265      3.1865169368375      2.7000534730664      3.6751041506221      3.7769884471781      3.6770420207718
15.25                2.9411581380883      3.0610228581581      3.1262734386424      3.3909257375704      3.5629458497216      3.7722312324088      3.2471290812461      3.1887030484288      2.7021908174907      3.6882924797674      3.771394224967       3.6558955197676
15.3                 2.9411581380883      3.0610228581581      3.1262734386424      3.3909257375704      3.5629458497216      3.7722312324088      3.2417405580218      3.1907887533112      2.7047833112853      3.7008156710387      3.765176112723       3.6352042532485
15.35                2.9411581380883      3.0610228581581      3.1262734386424      3.3909257375704      3.5629458497216      3.7722312324088      3.2362740560736      3.1927724113026      2.7078281720398      3.7126457130694      3.7583527213766      3.6150491884245
15.4                 2.9411581380883      3.0610228581581      3.1262734386424      3.3909257375704      3.5629458497216      3.7722312324088      3.2307309935511      3.1946524624696      2.7113221318381      3.7237561449011      3.7509444734706      3.5955091942891
15.45                2.9411581380883      3.0610228581581      3.1262734386424      3.3909257375704      3.5629458497216      3.7722312324088      3.2251128084657      3.1964274283548      2.7152614407654      3.7341221151702      3.7429735420348      3.5766607329963
15.5                 2.9411581380883      3.0610228581581      3.1262734386424      3.3909257375704      3.5629458497216      3.7722312324088      3.2194209583175      3.1980959131387      2.7196418709335      3.7437204376948      3.7344637842216      3.5585775606556
15.55                2.9411581380883      3.0610228581581      3.1262734386424      3.3909257375704      3.5629458497216      3.7722312324088      3.2136569197172      3.1996566047379      2.7244587210179      3.7525296433361      3.7254406699014      3.5413304387165
15.6                 2.9411581380883      3.0610228581581      3.1262734386424      3.3909257375704      3.5629458497216      3.7722312324088      3.2078221880029      3.2011082758366      2.7297068213034      3.7605300280199      3.7159312054305      3.5249868570709
15.65                2.9411581380883      3.0610228581581      3.1262734386424      3.3909257375704      3.5629458497216      3.7722312324088      3.2019182768525      3.2024497848519      2.7353805392333      3.7677036968103      3.7059638528206      3.509610769958
15.7                 2.9411581380883      3.0610228581581      3.1262734386424      3.3909257375704      3.5629458497216      3.7722312324088      3.1959467178906      3.2036800768317      2.7414737854534      3.7740346039356      3.6955684445515      3.4952623457039
15.75                2.9411581380883      3.0610228581581      3.1262734386424      3.3909257375704      3.5629458497216      3.7722312324088      3.1898154491607      3.2048223985863      2.7480769023123      3.779615711508       3.6845970672387      3.4817617519089
15.8                 2.9411581380883      3.0610228581581      3.1262734386424      3.3909257375704      3.5629458497216      3.7722312324088      3.1834473555526      3.2059051477131      2.755272548705       3.7845267643038      3.6728932622865      3.4689611868525
15.85                2.9411581380883      3.0610228581581      3.1262734386424      3.3909257375704      3.5629458497216      3.7722312324088      3.1768757939715      3.2069418900126      2.7630245763412      3.7887571801491      3.6604853057225      3.4569445023639
15.9                 2.9411581380883      3.0610228581581      3.1262734386424      3.3909257375704      3.5629458497216      3.7722312324088      3.1701334067543      3.2079470788004      2.771296165338       3.7922998403719      3.6474040761564      3.4457924304632
15.95                2.9411581380883      3.0610228581581      3.1262734386424      3.3909257375704      3.5629458497216      3.7722312324088      3.1632519257307      3.208936003087       2.7800501824159      3.7951509333942      3.6336828057299      3.4355821830236
16                   2.9411581380883      3.0610228581581      3.1262734386424      3.3909257375704      3.5629458497216      3.7722312324088      3.1562620246376      3.2099247590789      2.7892494812295      3.7973098282143      3.619356838389       3.4263870385829
16.05                2.9411581380883      3.0610228581581      3.1262734386424      3.3909257375704      3.5629458497216      3.7722312324088      3.1491932158407      3.2109302463505      2.7988571484827      3.7987789813742      3.6044633897123      3.4182759123356
16.1                 2.9411581380883      3.0610228581581      3.1262734386424      3.3909257375704      3.5629458497216      3.7722312324088      3.1420737869762      3.2119701900121      2.808836700493       3.7995638797922      3.5890413014491      3.4113129069739
16.15                2.9411581380883      3.0610228581581      3.1262734386424      3.3909257375704      3.5629458497216      3.7722312324088      3.1349307729388      3.2130631902641      2.8191522357136      3.7996730206288      3.5731307829894      3.4055568439618
16.2                 2.9411581380883      3.0610228581581      3.1262734386424      3.3909257375704      3.5629458497216      3.7722312324088      3.1277899585945      3.2142288008846      2.829768549383       3.7991179281986      3.556773131237       3.4010607769597
16.25                2.9411581380883      3.0610228581581      3.1262734386424      3.3909257375704      3.5629458497216      3.7722312324088      3.1206759076743      3.2154876384591      2.8406512169774      3.7979132068417      3.54001041977        3.3978714914292
16.3                 2.9411581380883      3.0610228581581      3.1262734386424      3.3909257375704      3.5629458497216      3.7722312324088      3.1136120134964      3.2168615245404      2.8517666534834      3.7960766276759      3.5228851477792      3.3960289968686
16.35                2.9411581380883      3.0610228581581      3.1262734386424      3.3909257375704      3.5629458497216      3.7722312324088      3.1066205674547      3.2183736634306      2.8630821557185      3.7936292462766      3.505439839046       3.3955660205937
16.4                 2.9411581380883      3.0610228581581      3.1262734386424      3.3909257375704      3.5629458497216      3.7722312324088      3.0997228415913      3.2200488589333      2.8745659349952      3.7905955476123      3.4877165811673      3.3965075144167
16.45                2.9411581380883      3.0610228581581      3.1262734386424      3.3909257375704      3.5629458497216      3.7722312324088      3.0929391820323      3.2219137742468      2.8861871473901      3.7870036140257      3.4697564953223      3.3988701878999
16.5                 2.9411581380883      3.0610228581581      3.1262734386424      3.3909257375704      3.5629458497216      3.7722312324088      3.0862891105979      3.223997240188       2.8979159287325      3.7828853117332      3.4515991270813      3.402662083992
16.55                2.9411581380883      3.0610228581581      3.1262734386424      3.3909257375704      3.5629458497216      3.7722312324088      3.079791432502       3.2263306181959      2.9097234411997      3.7782764912446      3.4332817490345      3.4078822147029
16.6                 2.9411581380883      3.0610228581581      3.1262734386424      3.3909257375704      3.5629458497216      3.7722312324088      3.0734643487213      3.2289482260982      2.9215819381094      3.7732171973267      3.4148385663121      3.4145202759591
16.65                2.9411581380883      3.0610228581581      3.1262734386424      3.3909257375704      3.5629458497216      3.7722312324088      3.0673255723523      3.2318878365011      2.9334648531509      3.7677518846876      3.3962998162986      3.4225564618132
16.7                 2.9411581380883      3.0610228581581      3.1262734386424      3.3909257375704      3.5629458497216      3.7722312324088      3.0613924490751      3.2351912599551      2.9453469199251      3.7619296364802      3.3776907539172      3.4319613987015
16.75                2.9411581380883      3.0610228581581      3.1262734386424      3.3909257375704      3.5629458497216      3.7722312324088      3.0557343646268      3.2388605539474      2.9570929131711      3.7558504210604      3.3592253507114      3.4426026771604
16.8                 2.9411581380883      3.0610228581581      3.1262734386424      3.3909257375704      3.5629458497216      3.7722312324088      3.0504008801695      3.2428761043858      2.9685911044538      3.7495918346023      3.3411191192767      3.4543350427153
16.85                2.9411581380883      3.0610228581581      3.1262734386424      3.3909257375704      3.5629458497216      3.7722312324088      3.0453768856838      3.2472457296929      2.9798583353946      3.7431569533822      3.3234039820129      3.4671196606463
16.9                 2.9411581380883      3.0610228581581      3.1262734386424      3.3909257375704      3.5629458497216      3.7722312324088      3.0406481479504      3.2519779376875      2.990911109323       3.7365489403303      3.3061111717967      3.480914213225
16.95                2.9411581380883      3.0610228581581      3.1262734386424      3.3909257375704      3.5629458497216      3.7722312324088      3.0362012702265      3.2570819421504      3.0017656154491      3.7297710434762      3.2892711769162      3.4956730397885
17                   2.9411581380883      3.0610228581581      3.1262734386424      3.3909257375704      3.5629458497216      3.7722312324088      3.0320236542925      3.2625676807634      3.0124377525765      3.7228265943522      3.2729136873183      3.5113472878788
17.05                2.9411581380883      3.0610228581581      3.1262734386424      3.3909257375704      3.5629458497216      3.7722312324088      3.0281034647605      3.2684458344587      3.0229431523892      3.715719006356       3.2570675422633      3.5278850749462
17.1                 2.9411581380883      3.0610228581581      3.1262734386424      3.3909257375704      3.5629458497216      3.7722312324088      3.0244295955438      3.2747278482147      3.033297202348       3.7084517730727      3.2417606794797      3.5452316600839
17.15                2.9411581380883      3.0610228581581      3.1262734386424      3.3909257375704      3.5629458497216      3.7722312324088      3.0209916383934      3.2814259533403      3.0435150682287      3.7010284665577      3.2270200859081      3.5633296252226
17.2                 2.9411581380883      3.0610228581581      3.1262734386424      3.3909257375704      3.5629458497216      3.7722312324088      3.0177798534102      3.2885531912891      3.0536117163355      3.6934527355808      3.2128717501218      3.5821190651875
17.25                2.9411581380883      3.0610228581581      3.1262734386424      3.3909257375704      3.5629458497216      3.7722312324088      3.0147851414523      3.2961234390519      3.0636019354228      3.6857283038331      3.1993406165069      3.6015377859873
17.3                 2.9411581380883      3.0610228581581      3.1262734386424      3.3909257375704      3.5629458497216      3.7722312324088      3.0119990183557      3.3041514361759      3.0735003583563      3.6778589680961      3.1864505412845      3.6215215106796
17.35                2.9411581380883      3.0610228581581      3.1262734386424      3.3909257375704      3.5629458497216      3.7722312324088      3.0094135908989      3.3126528134627      3.083321483546       3.6698485963759      3.1742242504501      3.6420040921305
17.4                 2.9411581380883      3.0610228581581      3.1262734386424      3.3909257375704      3.5629458497216      3.7722312324088      3.007021534441       3.3216441234024      3.0930796961825      3.6617011260021      3.1626832997064      3.6629177319654
17.45                2.9411581380883      3.0610228581581      3.1262734386424      3.3909257375704      3.5629458497216      3.7722312324088      3.0048160721703      3.3311428724016      3.1027892893073      3.653420561692       3.1518480364595      3.6841932049845
17.5                 2.9411581380883      3.0610228581581      3.1262734386424      3.3909257375704      3.5629458497216      3.7722312324088      3.0027909559055      3.3411675548693      3.1124644847477      3.6450109735825      3.1417375639451      3.7057600883021
17.55                2.9411581380883      3.0610228581581      3.1262734386424      3.3909257375704      3.5629458497216      3.7722312324088      3.000956725932       3.3516193775156      3.1220221934397      3.636552775429       3.1324814919542      3.7273289364111
17.6                 2.9411581380883      3.0610228581581      3.1262734386424      3.3909257375704      3.5629458497216      3.7722312324088      2.9993150741143      3.3623610083448      3.1313788816395      3.6281127317787      3.1242172003246      3.7486073292073
17.65                2.9411581380883      3.0610228581581      3.1262734386424      3.3909257375704      3.5629458497216      3.7722312324088      2.9978468889035      3.3733457644443      3.1405456277272      3.619668010435       3.11699009687        3.7695223118356
17.7                 2.9411581380883      3.0610228581581      3.1262734386424      3.3909257375704      3.5629458497216      3.7722312324088      2.9965350161144      3.384527527443       3.1495300485751      3.6112012723581      3.1108383867737      3.7900003949803
17.75                2.9411581380883      3.0610228581581      3.1262734386424      3.3909257375704      3.5629458497216      3.7722312324088      2.9953639705677      3.3958604981515      3.1583367398198      3.6027000025564      3.1057931448449      3.8099686858631
17.8                 2.9411581380883      3.0610228581581      3.1262734386424      3.3909257375704      3.5629458497216      3.7722312324088      2.9943196904086      3.407298970397       3.1669676447423      3.5941559198916      3.1018784510483      3.829355876538
17.85                2.9411581380883      3.0610228581581      3.1262734386424      3.3909257375704      3.5629458497216      3.7722312324088      2.9933893275888      3.4187971228267      3.175422362616       3.5855644579484      3.0991115761639      3.8480930966905
17.9                 2.9411581380883      3.0610228581581      3.1262734386424      3.3909257375704      3.5629458497216      3.7722312324088      2.9925610691791      3.4303088291893      3.1836984062359      3.5769243102502      3.0975032043777      3.86611463971
17.95                2.9411581380883      3.0610228581581      3.1262734386424      3.3909257375704      3.5629458497216      3.7722312324088      2.991823985142       3.441787489102       3.1917914174453      3.5682370338742      3.097057680002       3.8833585721563
18                   2.9411581380883      3.0610228581581      3.1262734386424      3.3909257375704      3.5629458497216      3.7722312324088      2.9911678989983      3.4531858825928      3.1996953487614      3.559506706027       3.0977732663062      3.8997672378194
18.05                2.9411581380883      3.0610228581581      3.1262734386424      3.3909257375704      3.5629458497216      3.7722312324088      2.9905832784801      3.464456052773       3.2074026186171      3.5507396284426      3.0996424055689      3.9152876683255
18.1                 2.9411581380883      3.0610228581581      3.1262734386424      3.3909257375704      3.5629458497216      3.7722312324088      2.9900611438103      3.4755492218629      3.2149042472508      3.54194407462        3.1026519708635      3.9298719126451
18.15                2.9411581380883      3.0610228581581      3.1262734386424      3.3909257375704      3.5629458497216      3.7722312324088      2.9895929917026      3.486415746457       3.2221899798462      3.5331300749709      3.1067835017187      3.9434772979072
18.2                 2.9411581380883      3.0610228581581      3.1262734386424      3.3909257375704      3.5629458497216      3.7722312324088      2.9891707335464      3.4970051183725      3.2292484031339      3.524309234934       3.1120134175833      3.9560666336202
18.25                2.9411581380883      3.0610228581581      3.1262734386424      3.3909257375704      3.5629458497216      3.7722312324088      2.9887866465447      3.5072660176761      3.2360670612823      3.5154945810717      3.1183132049178      3.9676083707761
18.3                 2.9411581380883      3.0610228581581      3.1262734386424      3.3909257375704      3.5629458497216      3.7722312324088      2.9884333368161      3.5171464245101      3.2426325765124      3.5067004301082      3.1256495756881      3.9780767263833
18.35                2.9411581380883      3.0610228581581      3.1262734386424      3.3909257375704      3.5629458497216      3.7722312324088      2.988103713663       3.5265937961408      3.2489307794571      3.4979422758316      3.1339845969807      3.9874517827926
18.4                 2.9411581380883      3.0610228581581      3.1262734386424      3.3909257375704      3.5629458497216      3.7722312324088      2.9877909743513      3.5355553152096      3.2549468538225      3.4892366887725      3.1432757933713      3.9957195697778
18.45                2.9411581380883      3.0610228581581      3.1262734386424      3.3909257375704      3.5629458497216      3.7722312324088      2.9874885988466      3.5439782144754      3.2606654993992      3.4806012236133      3.153476225484       4.0028721357623
18.5                 2.9411581380883      3.0610228581581      3.1262734386424      3.3909257375704      3.5629458497216      3.7722312324088      2.9871903540132      3.5518101823871      3.2660711168957      3.472054329378       3.1645345498635      4.008907612891
18.55                2.9411581380883      3.0610228581581      3.1262734386424      3.3909257375704      3.5629458497216      3.7722312324088      2.9868868023059      3.5591425117892      3.2712411412308      3.4634720062499      3.1765859249356      4.0139242971613
18.6                 2.9411581380883      3.0610228581581      3.1262734386424      3.3909257375704      3.5629458497216      3.7722312324088      2.9865713874202      3.5660831237685      3.2762555780572      3.4547274145691      3.1897936827617      4.0179952097901
18.65                2.9411581380883      3.0610228581581      3.1262734386424      3.3909257375704      3.5629458497216      3.7722312324088      2.9862441911827      3.5726265602816      3.2811090455985      3.4458401138835      3.2041182922661      4.0211044208469
18.7                 2.9411581380883      3.0610228581581      3.1262734386424      3.3909257375704      3.5629458497216      3.7722312324088      2.9859052984764      3.578767675621       3.2857963348399      3.4368299829472      3.2195168796146      4.0232397636455
18.75                2.9411581380883      3.0610228581581      3.1262734386424      3.3909257375704      3.5629458497216      3.7722312324088      2.9855547972187      3.5845016404611      3.2903124151184      3.4277171752557      3.2359433565364      4.0243928823541
18.8                 2.9411581380883      3.0610228581581      3.1262734386424      3.3909257375704      3.5629458497216      3.7722312324088      2.9851927783386      3.5898239456568      3.294652439522       3.4185220739679      3.2533485582673      4.0245592646916
18.85                2.9411581380883      3.0610228581581      3.1262734386424      3.3909257375704      3.5629458497216      3.7722312324088      2.984819335753       3.5947304057886      3.2988117500921      3.4092652463136      3.2716803907006      4.0237382595857
18.9                 2.9411581380883      3.0610228581581      3.1262734386424      3.3909257375704      3.5629458497216      3.7722312324088      2.9844345663423      3.5992171624543      3.3027858828221      3.3999673975896      3.290883986306       4.0219330797201
18.95                2.9411581380883      3.0610228581581      3.1262734386424      3.3909257375704      3.5629458497216      3.7722312324088      2.9840385699256      3.6032806873034      3.3065705724488      3.390649324847       3.3109018683493      4.0191507889626
19                   2.9411581380883      3.0610228581581      3.1262734386424      3.3909257375704      3.5629458497216      3.7722312324088      2.9836314492343      3.6069177848116      3.3101617570299      3.3813318703732      3.3316741229208      4.0154022747244
19.05                2.9411581380883      3.0610228581581      3.1262734386424      3.3909257375704      3.5629458497216      3.7722312324088      2.983213309886       3.6101255947937      3.3135555823037      3.3720358750726      3.3531385782594      4.0107022053552
19.1                 2.9411581380883      3.0610228581581      3.1262734386424      3.3909257375704      3.5629458497216      3.7722312324088      2.9827842603566      3.6129015946528      3.3167484058258      3.3627821318506      3.3752309908339      4.0050689727454
19.15                2.9411581380883      3.0610228581581      3.1262734386424      3.3909257375704      3.5629458497216      3.7722312324088      2.9823444119525      3.6152436013641      3.3197368008779      3.3535913391051      3.3978852376244      3.998524620356
19.2                 2.9411581380883      3.0610228581581      3.1262734386424      3.3909257375704      3.5629458497216      3.7722312324088      2.9818938787816      3.617149773192       3.322517560146       3.3444840544285      3.4210335140306      3.9910947569603
19.25                2.9411581380883      3.0610228581581      3.1262734386424      3.3909257375704      3.5629458497216      3.7722312324088      2.9814327777235      3.6186186111376      3.3250876991626      3.335480648626       3.444606536812       3.9828084564338
19.3                 2.9411581380883      3.0610228581581      3.1262734386424      3.3909257375704      3.5629458497216      3.7722312324088      2.9809612283997      3.6196489601182      3.3274444595097      3.3266012601509      3.4685337514539      3.9736981439854
19.35                2.9411581380883      3.0610228581581      3.1262734386424      3.3909257375704      3.5629458497216      3.7722312324088      2.980479353142       3.6202400098753      3.3295853117792      3.3178657500591      3.4927435433383      3.9637994692731
19.4                 2.9411581380883      3.0610228581581      3.1262734386424      3.3909257375704      3.5629458497216      3.7722312324088      2.9799872769611      3.6203912956121      3.3315079582877      3.3092936575857      3.5171634520884      3.9531511669038
19.45                2.9411581380883      3.0610228581581      3.1262734386424      3.3909257375704      3.5629458497216      3.7722312324088      2.9794851275142      3.6201026983587      3.3332103355428      3.3009041564395      3.5417203884431      3.9417949048601
19.5                 2.9411581380883      3.0610228581581      3.1262734386424      3.3909257375704      3.5629458497216      3.7722312324088      2.9789730350715      3.6193744450656      3.3346906164571      3.2927160119166      3.5663408530155      3.9297751214488
19.55                2.9411581380883      3.0610228581581      3.1262734386424      3.3909257375704      3.5629458497216      3.7722312324088      2.9784511324828      3.6182071084255      3.3359472123098      3.2847475389267      3.5909511562771      3.9171388514094
19.6                 2.9411581380883      3.0610228581581      3.1262734386424      3.3909257375704      3.5629458497216      3.7722312324088      2.977919555143       3.616601606423       3.3369787744513      3.2770165610272      3.6154776391126      3.9039355418613
19.65                2.9411581380883      3.0610228581581      3.1262734386424      3.3909257375704      3.5629458497216      3.7722312324088      2.9773784409567      3.6145592016123      3.3377841957512      3.269540370556       3.6398468932829      3.8902168588121
19.7                 2.9411581380883      3.0610228581581      3.1262734386424      3.3909257375704      3.5629458497216      3.7722312324088      2.9768279303027      3.6120815001248      3.3383626117857      3.2623356899529      3.6639859811371      3.8760364849831
19.75                2.9411581380883      3.0610228581581      3.1262734386424      3.3909257375704      3.5629458497216      3.7722312324088      2.9762681659975      3.6091704504055      3.3387134017663      3.2554186343555      3.6878226539169      3.8614499097423
19.8                 2.9411581380883      3.0610228581581      3.1262734386424      3.3909257375704      3.5629458497216      3.7722312324088      2.9756992932581      3.6058283416813      3.3388361892053      3.2488046755532      3.711285567998       3.8465142119687
19.85                2.9411581380883      3.0610228581581      3.1262734386424      3.3909257375704      3.5629458497216      3.7722312324088      2.9751214596647      3.6020578021606      3.3387308423204      3.2425086073809      3.7343044984231      3.8312878366964
19.9                 2.9411581380883      3.0610228581581      3.1262734386424      3.3909257375704      3.5629458497216      3.7722312324088      2.9745348151219      3.5978617969664      3.3383974741758      3.2365445126288      3.7568105490866      3.8158303664126
19.95                2.9411581380883      3.0610228581581      3.1262734386424      3.3909257375704      3.5629458497216      3.7722312324088      2.9739395118203      3.5932436258044      3.3378364425609      3.2309257315423      3.7787363589421      3.8002022879048
20                   2.9411581380883      3.0610228581581      3.1262734386424      3.3909257375704      3.5629458497216      3.7722312324088      2.9733357041967      3.5882069203686      3.3370483496065      3.2256648319829      3.8000163036152      3.7844647555692
20.05                2.9411581380883      3.0610228581581      3.1262734386424      3.3909257375704      3.5629458497216      3.7722312324088      2.9727235488941      3.582755641485       3.3360340411384      3.2207735813177      3.8205866918183      3.7686793521071
20.1                 2.9411581380883      3.0610228581581      3.1262734386424      3.3909257375704      3.5629458497216      3.7722312324088      2.9721032047213      3.5768940759969      3.3347946057695      3.2162629200978      3.8403859559804      3.7529078475447
20.15                2.9411581380883      3.0610228581581      3.1262734386424      3.3909257375704      3.5629458497216      3.7722312324088      2.9714748326111      3.5706268333939      3.3333313737319      3.2121429375874      3.8593548365194      3.7372119575203
20.2                 2.9411581380883      3.0610228581581      3.1262734386424      3.3909257375704      3.5629458497216      3.7722312324088      2.9708385955794      3.5639588421867      3.3316459154485      3.2084228491963      3.8774365592079      3.7216531017842
20.25                2.9411581380883      3.0610228581581      3.1262734386424      3.3909257375704      3.5629458497216      3.7722312324088      2.9701946586822      3.5568953460319      3.3297400398482      3.2051109758674      3.8945770050988      3.7062921638561
20.3                 2.9411581380883      3.0610228581581      3.1262734386424      3.3909257375704      3.5629458497216      3.7722312324088      2.9695431889732      3.549441899608       3.3276157924241      3.2022147254648      3.9107248725048      3.691189252782
20.35                2.9411581380883      3.0610228581581      3.1262734386424      3.3909257375704      3.5629458497216      3.7722312324088      2.9688843554601      3.5416043642471      3.3252754530383      3.1997405762039      3.9258318305455      3.67640346792
20.4                 2.9411581380883      3.0610228581581      3.1262734386424      3.3909257375704      3.5629458497216      3.7722312324088      2.968218329061       3.5333889033262      3.3227215334749      3.1976940621616      3.9398526638021      3.6619926676783
20.45                2.9411581380883      3.0610228581581      3.1262734386424      3.3909257375704      3.5629458497216      3.7722312324088      2.9675347986448      3.5246728266458      3.3199167989425      3.1960452621624      3.9529786737992      3.6477711291371
20.5                 2.9411581380883      3.0610228581581      3.1262734386424      3.3909257375704      3.5629458497216      3.7722312324088      2.966825036371       3.5153493387325      3.3168279787703      3.1947709150895      3.9653743575977      3.633566933651
20.55                2.9411581380883      3.0610228581581      3.1262734386424      3.3909257375704      3.5629458497216      3.7722312324088      2.9660925802045      3.5054693526488      3.3134730628295      3.1938737919436      3.9769828929673      3.6194504759047
20.6                 2.9411581380883      3.0610228581581      3.1262734386424      3.3909257375704      3.5629458497216      3.7722312324088      2.9653408826467      3.4950839598624      3.3098704861365      3.193354942288       3.9877514173603      3.6054926297954
20.65                2.9411581380883      3.0610228581581      3.1262734386424      3.3909257375704      3.5629458497216      3.7722312324088      2.9645732892074      3.4842440171308      3.3060389562896      3.1932137926022      3.9976311334656      3.5917643840682
20.7                 2.9411581380883      3.0610228581581      3.1262734386424      3.3909257375704      3.5629458497216      3.7722312324088      2.963793021996       3.4729998112418      3.3019973102954      3.1934482289988      4.0065774322426      3.5783364642092
20.75                2.9411581380883      3.0610228581581      3.1262734386424      3.3909257375704      3.5629458497216      3.7722312324088      2.963003167973       3.4614007965346      3.2977643993279      3.1940546631502      4.0145500396358      3.5652789349415
20.8                 2.9411581380883      3.0610228581581      3.1262734386424      3.3909257375704      3.5629458497216      3.7722312324088      2.9622066713653      3.4494953991249      3.2933589994801      3.1950280809491      4.0215131916787      3.5526607781746
20.85                2.9411581380883      3.0610228581581      3.1262734386424      3.3909257375704      3.5629458497216      3.7722312324088      2.9614063297258      3.4373308809998      3.2887997461798      3.196362074074       4.0274358410396      3.5405494420542
20.9                 2.9411581380883      3.0610228581581      3.1262734386424      3.3909257375704      3.5629458497216      3.7722312324088      2.960604793109       3.4249532566254      3.2841050896405      3.1980488552628      4.032291896283       3.5290103578204
20.95                2.9411581380883      3.0610228581581      3.1262734386424      3.3909257375704      3.5629458497216      3.7722312324088      2.9598045658366      3.4124072544054      3.279293268508       3.2000792586717      4.0360604932602      3.5181064225001
21.002630398234      2.9411581380883      3.0610228581581      3.1262734386424      3.3909257375704      3.5629458497216      3.7722312324088      2.9589662845139      3.3990675480142      3.2741217142099      3.2025758567375      4.0388367233225      3.5073794558267
21.058029574601      2.9411581380883      3.0610228581581      3.1262734386424      3.3909257375704      3.5629458497216      3.7722312324088      2.958091188489       3.3849311424147      3.2685824456771      3.2055867924446      4.0404282155852      3.4969903473792
21.116343188881      2.9411581380883      3.0610228581581      3.1262734386424      3.3909257375704      3.5629458497216      3.7722312324088      2.9571811944472      3.3700060244896      3.2626716536959      3.2091604509393      4.0406253454801      3.4871296405509
21.177724563722      2.9411581380883      3.0610228581581      3.1262734386424      3.3909257375704      3.5629458497216      3.7722312324088      2.9562390114345      3.35431381663        3.2563909485383      3.2133438113891      4.0392039321719      3.47801921005
21.242335087763      2.9411581380883      3.0610228581581      3.1262734386424      3.3909257375704      3.5629458497216      3.7722312324088      2.9552682714874      3.3378929403499      3.2497488858175      3.2181801330055      4.0359301165562      3.4699125413736
21.310344639971      2.9411581380883      3.0610228581581      3.1262734386424      3.3909257375704      3.5629458497216      3.7722312324088      2.9542736781121      3.3208023811082      3.2427628256108      3.2237057821588      4.030568250689       3.4630927652183
21.3819320363        2.9411581380883      3.0610228581581      3.1262734386424      3.3909257375704      3.5629458497216      3.7722312324088      2.9532611748498      3.3031261501919      3.2354611842178      3.2299459724914      4.0228928377734      3.4578673029969
21.457285499847      2.9411581380883      3.0610228581581      3.1262734386424      3.3909257375704      3.5629458497216      3.7722312324088      2.9522453088925      3.2851037574262      3.2279378077335      3.2368661324         4.0127521779492      3.4546069033794
21.536603155744      2.9411581380883      3.0610228581581      3.1262734386424      3.3909257375704      3.5629458497216      3.7722312324088      2.9512530700219      3.2672037464801      3.2203840111809      3.2443361483707      4.0001322210776      3.4537546109496
21.620093552081      2.9411581380883      3.0610228581581      3.1262734386424      3.3909257375704      3.5629458497216      3.7722312324088      2.9502863813738      3.2494534043937      3.2128075691973      3.2523950287136      3.9847529079344      3.4557233383656
21.707976208241      2.9411581380883      3.0610228581581      3.1262734386424      3.3909257375704      3.5629458497216      3.7722312324088      2.9493467335155      3.231874351603       3.205214329834       3.2610829727958      3.9663244740497      3.4609513302145
21.800482192072      2.9411581380883      3.0610228581581      3.1262734386424      3.3909257375704      3.5629458497216      3.7722312324088      2.9484350761262      3.2144807021766      3.1976075172733      3.2704409700891      3.9445530571336      3.4698930591747
21.897854727434      2.9411581380883      3.0610228581581      3.1262734386424      3.3909257375704      3.5629458497216      3.7722312324088      2.947551691642       3.1972768636665      3.1899868871937      3.2805102621966      3.9191484279594      3.4830057750627
22.000349833698      2.9411581380883      3.0610228581581      3.1262734386424      3.3909257375704      3.5629458497216      3.7722312324088      2.9466960457175      3.1802548896224      3.1823477012802      3.291331638232       3.8898343108712      3.5007306776646
22.108236998893      2.9411581380883      3.0610228581581      3.1262734386424      3.3909257375704      3.5629458497216      3.7722312324088      2.9458666070921      3.1633912671454      3.1746794770896      3.3029445291669      3.8563618074357      3.5234676198304
22.221799888265      2.9411581380883      3.0610228581581      3.1262734386424      3.3909257375704      3.5629458497216      3.7722312324088      2.94506062619        3.1466429788219      3.1669644553817      3.3153858616585      3.8185264668594      3.5515422634924
22.34133709011       2.9411581380883      3.0610228581581      3.1262734386424      3.3909257375704      3.5629458497216      3.7722312324088      2.9442738570951      3.1299426178677      3.1591757076354      3.3286886265702      3.7761895461489      3.5851647599099
22.467162900849      2.9411581380883      3.0610228581581      3.1262734386424      3.3909257375704      3.5629458497216      3.7722312324088      2.9435002007663      3.1131922499974      3.151274779658       3.3428801121591      3.729303952764       3.6243793762437
22.599608151396      2.9411581380883      3.0610228581581      3.1262734386424      3.3909257375704      3.5629458497216      3.7722312324088      2.9427312375535      3.0962555947889      3.1432087299815      3.3579797470949      3.6779452372419      3.6690051329297
22.739021077007      2.9411581380883      3.0610228581581      3.1262734386424      3.3909257375704      3.5629458497216      3.7722312324088      2.9419556027705      3.0789479276582      3.1349063698289      3.3739964946709      3.6223477696453      3.7185685585447
22.885768232885      2.9411581380883      3.0610228581581      3.1262734386424      3.3909257375704      3.5629458497216      3.7722312324088      2.9411581380883      3.0610228581581      3.1262734386424      3.3909257375704      3.5629458497216      3.7722312324088
