x[nm]                       Envelope_real_part[nm^-1/2] Envelope_imag_part[nm^-1/2]
7.1142317671146             -0.00029391275920151        0.0013820017348393
7.260978922993              0.005579396458756           -0.026234776626594
7.4003918486039             0.0045554283753635          -0.021419995289734
7.532837099151              0.0046425340867795          -0.02182957344013
7.6586629098899             0.004625076825933           -0.021747487977625
7.7782001117354             0.0046542900010593          -0.02188485070667
7.891763001107              0.0047131561445723          -0.022161644108491
7.9996501663019             0.0047994950879815          -0.022567616853261
8.1021452725658             0.0049100249220876          -0.023087337136591
8.1995178079279             0.0050416731462827          -0.023706357810349
8.2920237917592             0.0051916134588337          -0.024411389373559
8.3799064479186             0.0053572503243012          -0.02519022740717
8.4633968442558             0.0055360384060126          -0.02603090353081
8.5427145001525             0.0057246794442107          -0.026917909058438
8.6180679636999             0.0059159416524405          -0.027817239541065
8.6896553600291             0.0061201181093644          -0.028777293873001
8.7576649122373             0.006315282535427           -0.029694972901739
8.8222754362784             0.0064890705707251          -0.030512138399858
8.8836568111193             0.0066391274462978          -0.031217718051894
8.9419704253995             0.0067652514511746          -0.031810763396432
8.9973696017656             0.0068679311027461          -0.032293571482035
9.05                        0.0069479943115183          -0.032670035211343
9.1                         0.0070065023750368          -0.032945144891862
9.15                        0.0070461990322531          -0.03313180180764
9.2                         0.0070654064967764          -0.033222116870399
9.25                        0.0070625434946533          -0.033208654801206
9.3                         0.0070362315936978          -0.03308493409964
9.35                        0.0069854456734709          -0.032846134565897
9.4                         0.0069097211157733          -0.032490071527354
9.45                        0.0068094346308113          -0.032018516306087
9.5                         0.0066861810332802          -0.031438967850704
9.55                        0.0065432752222027          -0.030767013086424
9.6                         0.0063864176421917          -0.030029455968159
9.65                        0.0062082618549397          -0.029191752944571
9.7                         0.0060018919645777          -0.028221384909939
9.75                        0.0057745618942318          -0.027152460401683
9.8                         0.0055312829076829          -0.0260085427903
9.85                        0.0052755494326393          -0.024806063159516
9.9                         0.0050098294793394          -0.023556626294509
9.95                        0.0047358961482872          -0.022268569458279
10                          0.0044550518315809          -0.020948016604559
10.05                       0.0041682799275057          -0.019599591752191
10.1                        0.0038763475676446          -0.018226902016366
10.15                       0.0035798752198556          -0.016832864887492
10.2                        0.0032793838790742          -0.015419930126195
10.25                       0.0029753270820522          -0.013990230299226
10.3                        0.0026681126363236          -0.01254568295083
10.35                       0.0023581173701355          -0.011088059958116
10.4                        0.0020456971407464          -0.0096190345909023
10.45                       0.0017311936161613          -0.0081402133999788
10.5                        0.0014149388571887          -0.0066531577623159
10.55                       0.0010972583966204          -0.0051593983596177
10.6                        0.00077847328899068         -0.0036604448164559
10.65                       0.00045890145314083         -0.0021577920131197
10.7                        0.0001388585273201          -0.00065292410636636
10.75                       -0.00018134161299156        0.00085268303572935
10.8                        -0.00050138657159411        0.0023575605007881
10.85                       -0.00082096531161801        0.0038602457681148
10.9                        -0.001139768150234          0.0053592826838182
10.95                       -0.0014574868341079         0.0068532218156132
11                          -0.0017738146719489         0.0083406210760684
11.05                       -0.0020884467075338         0.0098200465361795
11.1                        -0.0024010799214498         0.011290073373987
11.15                       -0.0027114134531636         0.012749286918755
11.2                        -0.0030191488373509         0.014196283762219
11.25                       -0.0033239902500668         0.015629672916092
11.3                        -0.0036256447614775         0.017048077000436
11.35                       -0.0039238225926917         0.018450133451296
11.4                        -0.0042182373748099         0.019834495738784
11.45                       -0.0045086064087298         0.021199834588691
11.5                        -0.0047946509245443         0.022544839202207
11.55                       -0.0050760963395968         0.023868218469315
11.6                        -0.0053526725144207         0.025168702172238
11.65                       -0.0056241140059125         0.026445042175879
11.7                        -0.005890160317185          0.027696013602656
11.75                       -0.0061505561436172         0.028920415989446
11.8                        -0.0064050516146744         0.030117074424641
11.85                       -0.0066534025311156         0.031284840663517
11.9                        -0.0068953705972428         0.032422594220294
11.95                       -0.0071307236478747         0.033529243435376
12                          -0.0073592358697513         0.034603726516422
12.05                       -0.0075806880170969         0.035645012551935
12.1                        -0.0077948676210874         0.036652102496196
12.15                       -0.0080015691929806         0.037624030124403
12.2                        -0.008200594420685          0.038559862956946
12.25                       -0.0083917523585524         0.039458703151834
12.3                        -0.0085748596101922         0.040319688364301
12.35                       -0.0087497405041171         0.041141992572702
12.4                        -0.0089162272620363         0.041924826869849
12.45                       -0.009074160159627          0.042667440218965
12.5                        -0.0092233876796196         0.043369120173505
12.55                       -0.0093637666570447         0.044029193560123
12.6                        -0.0094951624164979         0.044647027124097
12.65                       -0.0096174489012852         0.045222028136583
12.7                        -0.0097305087943262         0.045753644963113
12.75                       -0.0098342336306929         0.04624136759276
12.8                        -0.0099285239016807         0.04668472812749
12.85                       -0.010013289150309          0.047083301231212
12.9                        -0.010088448058163          0.047436704538116
12.95                       -0.010153928523495          0.047744599019909
13                          -0.010209667730514          0.048006689311625
13.05                       -0.010255612209803          0.048222723995712
13.1                        -0.010291717889814          0.048392495844162
13.15                       -0.010317950139395          0.04851584201848
13.2                        -0.010334283801329          0.04859264422737
13.25                       -0.010340703216846          0.048622828842034
13.3                        -0.010337202241133          0.048606366969055
13.35                       -0.010323784249817          0.048543274480904
13.4                        -0.010300462136457          0.04843361200415
13.45                       -0.010267258301082          0.048277484865553
13.5                        -0.010224204629816          0.048075042996266
13.55                       -0.010171342465671          0.047826480794494
13.6                        -0.010108722570588          0.047532036947023
13.65                       -0.010036405078857          0.047191994210179
13.7                        -0.009954459442043          0.046806679150883
13.75                       -0.0098629643656153         0.04637646184866
13.8                        -0.0097620077374844         0.045901755559624
13.85                       -0.0096516865487316         0.045383016343741
13.9                        -0.0095321068068642         0.044820742656945
13.95                       -0.0094033834420193         0.044215474910102
14                          -0.0092656402066473         0.043567794997314
14.05                       -0.0091190095693478         0.042878325796728
14.1                        -0.0089636326037255         0.042147730647923
14.15                       -0.0087996588733866         0.04137671281116
14.2                        -0.0086272463145566         0.040566014915436
14.25                       -0.0084465611182868         0.039716418404609
14.3                        -0.0082577776148993         0.038828742994055
14.35                       -0.0080610781642881         0.037903846154852
14.4                        -0.0078566530570561         0.036942622648914
14.45                       -0.0076447004334155         0.035946004147659
14.5                        -0.007425426229587          0.034914958979971
14.55                       -0.0071990441654682         0.033850492074218
14.6                        -0.0069657757932045         0.032753645186633
14.65                       -0.0067258506348168         0.031625497548456
14.7                        -0.0064795064494804         0.030467167122695
14.75                       -0.0062269896892489         0.029279812746981
14.8                        -0.0059685562287089         0.028064637564464
14.85                       -0.0057044724932707         0.026822894329124
14.9                        -0.0054350171685172         0.025555893443272
14.95                       -0.0051604837580888         0.024265014984935
15                          -0.0048811843830671         0.022951726572863
15.05                       -0.0045974554011169         0.021617609788192
15.1                        -0.0043096656974928         0.020264399159439
15.15                       -0.0040182289049843         0.018894039621673
15.2                        -0.0037236214090648         0.017508771178194
15.25                       -0.0034264088814984         0.016111253663715
15.3                        -0.003127285399142          0.014704750684153
15.35                       -0.0028271311503651         0.013293400956921
15.4                        -0.0025270976144262         0.011882618831287
15.45                       -0.0022287333716682         0.010479685858163
15.5                        -0.0019341700354921         0.0090946250573959
15.55                       -0.0016463971858988         0.0077414936776685
15.6                        -0.0013696691050808         0.0064402957003896
15.65                       -0.0011101067576777         0.0052198123998864
15.7                        -0.00087658906984474        0.0041217932101857
15.75                       -0.00066035070351347        0.003105022797697
15.8                        -0.00045280898852739        0.0021291447482308
15.85                       -0.00026348265542369        0.0012389169081359
15.9                        -9.8794611262652e-05        0.00046454030959621
15.95                       3.7092909086151e-05         -0.00017441387999138
16                          0.00014164409863315         -0.00066602208960488
16.05                       0.00021346826974278         -0.0010037451927007
16.1                        0.00025195487586473         -0.0011847123496662
16.15                       0.0002569969762122          -0.0012084207162107
16.2                        0.0002287819950331          -0.0010757515764153
16.25                       0.00016763395243947         -0.00078822849923985
16.3                        7.3895820784972e-05         -0.00034746416862986
16.35                       -5.2154949366787e-05        0.00024523682026425
16.4                        -0.00021035896010523        0.00098912496548424
16.45                       -0.0004006862607633         0.0018840594365528
16.5                        -0.00062317340245669        0.0029302120997938
16.55                       -0.00087768980373767        0.0041269689506042
16.6                        -0.0011632565522095         0.0054697270631559
16.65                       -0.0014760864863665         0.0069406788955613
16.7                        -0.0018036810314704         0.0084810551313113
16.75                       -0.0021587919297434         0.010150815501046
16.8                        -0.0025507197121324         0.011993691858865
16.85                       -0.0029600889924902         0.013918579560854
16.9                        -0.0033794383071137         0.015890394196897
16.95                       -0.0038060841161886         0.017896517544197
17                          -0.0042392663432709         0.019933375661402
17.05                       -0.004679004102863          0.022001058426458
17.1                        -0.0051256330160038         0.024101143956828
17.15                       -0.0055796099714688         0.026235780580751
17.2                        -0.0060414120191362         0.028407211425614
17.25                       -0.0065114406604397         0.030617324383864
17.3                        -0.0069898474610198         0.032866832129486
17.35                       -0.0074761258484671         0.035153352717749
17.4                        -0.0079681030197116         0.037466669451629
17.45                       -0.0084594246490798         0.039776903774207
17.5                        -0.00893326497158           0.042004939567925
17.55                       -0.0094043529096327         0.044220033425773
17.6                        -0.0098795976513844         0.046454672913212
17.65                       -0.010332295474323          0.048583294951803
17.7                        -0.010751953106574          0.050556559322447
17.75                       -0.011133483274176          0.052350545248583
17.8                        -0.011473578612328          0.053949701231515
17.85                       -0.011769417656223          0.055340760513891
17.9                        -0.012018191302917          0.056510514464853
17.95                       -0.012216946549513          0.057445077824234
18                          -0.012362573005976          0.058129825284732
18.05                       -0.01245187293587           0.058549720829142
18.1                        -0.012481699725321          0.058689968822724
18.15                       -0.012449169203732          0.058537007660396
18.2                        -0.012351959363907          0.058079919075175
18.25                       -0.012188722894584          0.057312367899765
18.3                        -0.011959646199733          0.056235230620816
18.35                       -0.011667199700004          0.054860123357451
18.4                        -0.01131713832418           0.053214106253591
18.45                       -0.010919829367             0.051345927173578
18.5                        -0.010492008707993          0.049334279586195
18.55                       -0.010014744742552          0.047090145544489
18.6                        -0.0094697248677463         0.0445274176978
18.65                       -0.008875932148018          0.041735355961423
18.7                        -0.0082464717492896         0.038775581893027
18.75                       -0.0075904724065438         0.035691019548094
18.8                        -0.0069143710417315         0.032511935857967
18.85                       -0.0062227810134062         0.029260023210351
18.9                        -0.005519079242702          0.025951160163491
18.95                       -0.0048058034677301         0.0225972793687
19                          -0.0040849212095528         0.01920763227028
19.05                       -0.0033580120221487         0.015789646059703
19.1                        -0.0026263911010364         0.01234950489343
19.15                       -0.0018911932201822         0.0088925445710848
19.2                        -0.0011534298252088         0.0054235209923721
19.25                       -0.00041402796941949        0.0019467932374396
19.3                        0.00032614301119973         -0.0015335510050929
19.35                       0.0010662530638501          -0.0050136087593527
19.4                        0.0018054984604473          -0.0084896008304183
19.45                       0.0025430923793975          -0.011957827519064
19.5                        0.0032782576262684          -0.015414634393762
19.55                       0.004010220413446           -0.01885638304212
19.6                        0.004738204277705           -0.022279422470807
19.65                       0.0054614232355221          -0.025680056921272
19.7                        0.0061790731621697          -0.029054505333544
19.75                       0.0068903201144645          -0.032398846438847
19.8                        0.0075942838571195          -0.03570894129916
19.85                       0.0082900141273648          -0.038980321701533
19.9                        0.0089764560688293          -0.042208027625386
19.95                       0.0096523996113547          -0.045386369222266
20                          0.010316405109903           -0.048508577163934
20.05                       0.010966693897532           -0.051566288013547
20.1                        0.011600986981487           -0.054548785761531
20.15                       0.012216267066911           -0.05744188284169
20.2                        0.012808427167039           -0.060226267867722
20.25                       0.013371751378979           -0.062875064198625
20.3                        0.01389814719191            -0.065350220189329
20.35                       0.014376009828458           -0.067597169231346
20.4                        0.014788541486576           -0.06953692669116
20.45                       0.015151756318736           -0.071244792418149
20.5                        0.015482665539799           -0.07280075453026
20.55                       0.015768068855521           -0.074142744168711
20.6                        0.016000290026336           -0.075234667029786
20.65                       0.01617563590601            -0.076059157639055
20.7                        0.01629323404204            -0.076612113653787
20.75                       0.01635416020115            -0.076898593416748
20.8                        0.016360788078985           -0.076929758238216
20.85                       0.016316309522613           -0.076720616443093
20.9                        0.016224386096651           -0.076288385006466
20.95                       0.016088902862772           -0.075651331804791
21.002630398234             0.015903506295165           -0.074779582042171
21.058029574601             0.015665738820509           -0.073661580008655
21.116343188881             0.015373683300348           -0.07228831116307
21.177724563722             0.015026208500975           -0.070654456352374
21.242335087763             0.014623781494067           -0.068762211785641
21.310344639971             0.014171855011257           -0.066637216651166
21.3819320363               0.013699060171702           -0.064414096803411
21.457285499847             0.013256169847107           -0.062331590420915
21.536603155744             0.012819349192135           -0.060277624119404
21.620093552081             0.01240534425059            -0.058330939160908
21.707976208241             0.012021792523441           -0.056527447697108
21.800482192072             0.011674588031127           -0.054894863892221
21.897854727434             0.01136974103664            -0.053461448492405
22.000349833698             0.011113796170699           -0.0522579748844
22.108236998893             0.010913868167489           -0.051317897127893
22.221799888265             0.010777556672239           -0.050676949373781
22.34133709011              0.010709910120405           -0.050358869776815
22.467162900849             0.010750334461443           -0.050548948321194
22.599608151396             0.0105486309262             -0.049600521868439
22.739021077007             0.012919749621581           -0.0607497151169
22.885768232885             -0.00068058960985987        0.003200187783937
