x[nm]                       Envelope_real_part[nm^-1/2] Envelope_imag_part[nm^-1/2]
7.1142317671146             -3.0886956198534e-16        -2.9040410066856e-05
7.260978922993              -7.2242343744678e-15        -0.00067908086608736
7.4003918486039             -9.3670502226659e-15        -0.00088042954573424
7.532837099151              -9.9113243188981e-15        -0.00093172883918666
7.6586629098899             -9.6250207122544e-15        -0.0009050280259739
7.7782001117354             -8.9810173105329e-15        -0.00084527481902252
7.891763001107              -8.2221972229609e-15        -0.00077407685221731
7.9996501663019             -7.4557515288857e-15        -0.00070204048770606
8.1021452725658             -6.7633488032871e-15        -0.00063409919654383
8.1995178079279             -6.1228249316727e-15        -0.00057230155987389
8.2920237917592             -5.4917712561043e-15        -0.00051725485049054
8.3799064479186             -4.985401716484e-15         -0.00046887793372546
8.4633968442558             -4.5023757060008e-15        -0.00042679296951281
8.5427145001525             -4.1159904577462e-15        -0.00039052436814686
8.6180679636999             -3.7649214093493e-15        -0.00035958681577223
8.6896553600291             -3.4509519119969e-15        -0.00033351034368547
8.7576649122373             -3.1811862696251e-15        -0.00031142893989817
8.8222754362784             -2.9461960497629e-15        -0.00029255138138097
8.8836568111193             -2.7324804746264e-15        -0.00027627685904704
8.9419704253995             -2.5403154755262e-15        -0.00026214224345958
8.9973696017656             -2.3730911916958e-15        -0.00024978496799513
9.05                        -2.2302290308694e-15        -0.00023891703103728
9.1                         -2.1094396217682e-15        -0.00022930660655697
9.15                        -2.0050819366071e-15        -0.00022032860589339
9.2                         -1.9106068482292e-15        -0.00021192733062458
9.25                        -1.8431861193934e-15        -0.0002040506299819
9.3                         -1.7783956639125e-15        -0.0001966488203406
9.35                        -1.7353851923104e-15        -0.00018967375694921
9.4                         -1.67853797417e-15          -0.00018307805127227
9.45                        -1.6363038786525e-15        -0.00017681444944579
9.5                         -1.5998046041663e-15        -0.00017083540860075
9.55                        -1.5677976295351e-15        -0.00016509293153799
9.6                         -1.5352978140394e-15        -0.00015953874898768
9.65                        -1.4897443627722e-15        -0.00015412236568534
9.7                         -1.441198824202e-15         -0.00014882517561272
9.75                        -1.4137349064842e-15        -0.00014365930513955
9.8                         -1.3807328087546e-15        -0.00013863274407488
9.85                        -1.3625786806328e-15        -0.00013375044522905
9.9                         -1.3263787440336e-15        -0.00012901511503826
9.95                        -1.2953770269285e-15        -0.00012442778746384
10                          -1.2756493341608e-15        -0.0001199882448508
10.05                       -1.2385551234127e-15        -0.00011569532988901
10.1                        -1.2068495708465e-15        -0.00011154717941134
10.15                       -1.1587259454891e-15        -0.00010754140154259
10.2                        -1.1208070037554e-15        -0.00010367521135374
10.25                       -1.090692122424e-15         -9.9945535773305e-05
10.3                        -1.0474906825614e-15        -9.6349095449901e-05
10.35                       -1.00246784575e-15          -9.2882469124801e-05
10.4                        -9.4698385978089e-16        -8.9542144569711e-05
10.45                       -8.9086589859771e-16        -8.6324559087698e-05
10.5                        -8.3879869449149e-16        -8.3226131813461e-05
10.55                       -7.7940551488663e-16        -8.0243289508895e-05
10.6                        -7.2902241442004e-16        -7.7372487150408e-05
10.65                       -6.681184888581e-16         -7.461022431559e-05
10.7                        -6.063662902989e-16         -7.1953058159095e-05
10.75                       -5.3553957560889e-16        -6.939761360451e-05
10.8                        -4.8492116123167e-16        -6.6940591256514e-05
10.85                       -4.5670631072596e-16        -6.4578773438341e-05
10.9                        -4.5347984982568e-16        -6.2309028686515e-05
10.95                       -4.6345771075745e-16        -6.0128314975247e-05
11                          -4.6581850728553e-16        -5.8033681894439e-05
11.05                       -4.6764070007473e-16        -5.6022271967953e-05
11.1                        -4.5244625640552e-16        -5.4091321266117e-05
11.15                       -4.3893336523437e-16        -5.2238159443043e-05
11.2                        -4.2343575691518e-16        -5.046020930478e-05
11.25                       -4.117832541427e-16         -4.8754986001058e-05
11.3                        -3.9731637319903e-16        -4.7120095914377e-05
11.35                       -3.8640456382921e-16        -4.5553235311651e-05
11.4                        -3.7632740114775e-16        -4.4052188811129e-05
11.45                       -3.8176283158081e-16        -4.2614827708503e-05
11.5                        -3.8095662778532e-16        -4.1239108201518e-05
11.55                       -3.8564233711665e-16        -3.9923069542252e-05
11.6                        -3.7956985278759e-16        -3.8664832145242e-05
11.65                       -3.6502704950321e-16        -3.7462595671488e-05
11.7                        -3.4836589307992e-16        -3.6314637107486e-05
11.75                       -3.3159005596261e-16        -3.5219308854398e-05
11.8                        -3.3592957611287e-16        -3.4175036838606e-05
11.85                       -3.4021085009592e-16        -3.3180318654935e-05
11.9                        -3.4717406802568e-16        -3.2233721750638e-05
11.95                       -3.4004511084572e-16        -3.1333881656344e-05
12                          -3.3202021427319e-16        -3.0479500269837e-05
12.05                       -3.392745785799e-16         -2.9669344196593e-05
12.1                        -3.4733635750542e-16        -2.8902243150634e-05
12.15                       -3.577565904393e-16         -2.8177088418585e-05
12.2                        -3.5341359460542e-16        -2.7492831388794e-05
12.25                       -3.5409014634855e-16        -2.6848482145869e-05
12.3                        -3.7529890225621e-16        -2.624310813319e-05
12.35                       -3.9101964815792e-16        -2.5675832883342e-05
12.4                        -4.0982448165769e-16        -2.5145834816121e-05
12.45                       -3.9079914312693e-16        -2.4652346105354e-05
12.5                        -3.6237449788846e-16        -2.4194651614019e-05
12.55                       -3.4347393783077e-16        -2.377208789667e-05
12.6                        -3.1429507273974e-16        -2.3384042269536e-05
12.65                       -2.7119421472823e-16        -2.3029951947922e-05
12.7                        -1.9279059454932e-16        -2.2709303249941e-05
12.75                       -1.2647123985852e-16        -2.2421630865819e-05
12.8                        -9.621164276048e-17         -2.21665171927e-05
12.85                       -6.2686259333941e-17        -2.1943591733533e-05
12.9                        -7.2485218921972e-17        -2.1752530560362e-05
12.95                       -9.398724154723e-17         -2.1593055839499e-05
13                          -1.2770147471004e-16        -2.1464935420233e-05
13.05                       -1.6385669350326e-16        -2.1367982483851e-05
13.1                        -1.8890843595178e-16        -2.1302055253845e-05
13.15                       -2.2468036745612e-16        -2.12670567652e-05
13.2                        -2.2096889700565e-16        -2.1262934692979e-05
13.25                       -2.1448634993731e-16        -2.1289681237954e-05
13.3                        -1.90929719979e-16          -2.1347333069346e-05
13.35                       -1.2989428357714e-16        -2.1435971322052e-05
13.4                        -7.7277657687706e-17        -2.1555721648525e-05
13.45                       -4.6893831874503e-17        -2.1706754322025e-05
13.5                        -2.5283376621278e-17        -2.1889284390889e-05
13.55                       -7.1967755493807e-18        -2.2103571880492e-05
13.6                        1.3597043260114e-17         -2.2349922041154e-05
13.65                       1.4389616324756e-17         -2.2628685638322e-05
13.7                        2.6407588193912e-17         -2.2940259282647e-05
13.75                       3.0734575154595e-17         -2.328508579424e-05
13.8                        5.0396414087734e-17         -2.3663654597923e-05
13.85                       7.5491694830787e-17         -2.4076502142406e-05
13.9                        9.9229423336547e-17         -2.4524212337069e-05
13.95                       1.1204166810933e-16         -2.5007416998408e-05
14                          1.0618534498262e-16         -2.5526796296116e-05
14.05                       1.2315992179397e-16         -2.6083079186969e-05
14.1                        1.5618917226261e-16         -2.6677043824095e-05
14.15                       1.7897263725384e-16         -2.7309517923945e-05
14.2                        1.9281015320072e-16         -2.798137907307e-05
14.25                       2.1443622991742e-16         -2.8693554950448e-05
14.3                        2.1852588981254e-16         -2.9447023440154e-05
14.35                       2.4319398822977e-16         -3.0242812599666e-05
14.4                        2.6171495628045e-16         -3.1082000447678e-05
14.45                       2.5739959924402e-16         -3.1965714523561e-05
14.5                        2.4502785218951e-16         -3.2895131165744e-05
14.55                       2.1884904868413e-16         -3.387147444145e-05
14.6                        2.0427202332368e-16         -3.4896014650287e-05
14.65                       2.1342248811442e-16         -3.5970066306129e-05
14.7                        2.2128604415246e-16         -3.7094985482362e-05
14.75                       2.2677493186579e-16         -3.8272166379532e-05
14.8                        2.2819409609399e-16         -3.9503036943467e-05
14.85                       2.3157942189552e-16         -4.0789053319765e-05
14.9                        2.3571450803478e-16         -4.2131692878453e-05
14.95                       2.3403833248794e-16         -4.353244547206e-05
15                          2.4142301257902e-16         -4.4992802498143e-05
15.05                       2.5741992066772e-16         -4.6514243210572e-05
15.1                        2.4796320291253e-16         -4.8098217556404e-05
15.15                       2.0992941325661e-16         -4.9746124576014e-05
15.2                        1.775683880856e-16          -5.1459285081972e-05
15.25                       1.2510955525021e-16         -5.3238906868268e-05
15.3                        6.6869338466327e-17         -5.508604005646e-05
15.35                       1.4946197628196e-17         -5.7001519255402e-05
15.4                        -4.727619148685e-17         -5.8985887888026e-05
15.45                       -1.0533567490453e-16        -6.1039298125956e-05
15.5                        -1.4231630466805e-16        -6.3161377113937e-05
15.55                       -1.7046299591943e-16        -6.5351046156753e-05
15.6                        -1.5288395523312e-16        -6.7606273718541e-05
15.65                       -1.3179304937097e-16        -6.9923734586346e-05
15.7                        -1.5929871335762e-16        -7.2298335146737e-05
15.75                       -1.8029260564826e-16        -7.4738770280398e-05
15.8                        -2.1830979075622e-16        -7.726833704686e-05
15.85                       -2.457669778933e-16         -7.9909727523419e-05
15.9                        -2.6534131090857e-16        -8.2685688635472e-05
15.95                       -2.8831503042907e-16        -8.5618992919271e-05
16                          -3.0443165288677e-16        -8.8732570735148e-05
16.05                       -3.0425990613145e-16        -9.20497669334e-05
16.1                        -3.093777327941e-16         -9.5594697594107e-05
16.15                       -2.8656216675491e-16        -9.9392692592352e-05
16.2                        -2.4591007540236e-16        -0.00010347081807383
16.25                       -2.2742608790822e-16        -0.00010785848004648
16.3                        -1.9478425774842e-16        -0.00011258811664575
16.35                       -1.4676143750905e-16        -0.00011769599257361
16.4                        -1.091746690187e-16         -0.00012322311494737
16.45                       -1.0311954625877e-16        -0.00012921629522952
16.5                        -9.6193062380052e-17        -0.00013572938622509
16.55                       -1.0871050604117e-16        -0.00014282472356097
16.6                        -7.3534506214516e-17        -0.0001505747893221
16.65                       -7.3914599631373e-17        -0.00015906406687529
16.7                        -9.4799221521967e-17        -0.0001683908934775
16.75                       -1.1911535923447e-16        -0.00017860424342234
16.8                        -1.4722631975337e-16        -0.00018970675100731
16.85                       -1.7999377206602e-16        -0.00020172302093175
16.9                        -1.8066480803298e-16        -0.00021468586524256
16.95                       -1.8544517898646e-16        -0.00022863747733711
17                          -1.8751060447186e-16        -0.00024362995257302
17.05                       -2.0089836887449e-16        -0.00025972570982898
17.1                        -1.9875540362039e-16        -0.00027699803998804
17.15                       -1.9834966680448e-16        -0.000295531880658
17.2                        -1.7476854937217e-16        -0.00031542487018635
17.25                       -1.4909364541163e-16        -0.00033678871822936
17.3                        -1.2078986555006e-16        -0.00035975092142972
17.35                       -1.0139569055902e-16        -0.00038445683315429
17.4                        -8.6153502351688e-17        -0.00041107203675253
17.45                       -9.8906742474816e-17        -0.00043978480613709
17.5                        -1.0903675103603e-16        -0.00047080800254429
17.55                       -1.243797421508e-16         -0.00050417967609276
17.6                        -1.2889933399854e-16        -0.00053979731895558
17.65                       -1.3532392161377e-16        -0.00057762532332987
17.7                        -1.2632928162303e-16        -0.00061763065700859
17.75                       -1.1252525794825e-16        -0.00065978180424099
17.8                        -1.0460743359731e-16        -0.0007040462695843
17.85                       -9.182315446773e-17         -0.00075038784277482
17.9                        -7.3105724701015e-17        -0.00079876401631707
17.95                       -4.2129935776277e-17        -0.00084912367576353
18                          -1.1663908061666e-17        -0.00090140508598427
18.05                       1.9048337494696e-17         -0.0009555341569516
18.1                        4.9459158594821e-17         -0.0010114229474716
18.15                       6.5756147181211e-17         -0.0010689683378437
18.2                        7.0778788053465e-17         -0.0011280507638844
18.25                       8.4326511711819e-17         -0.0011885328488147
18.3                        1.0231839944608e-16         -0.0012502576899381
18.35                       9.4824260097461e-17         -0.0013130464464713
18.4                        7.4216528613202e-17         -0.0013766947241678
18.45                       5.5160573474172e-17         -0.0014409670497911
18.5                        2.3024655006857e-17         -0.0015055884590241
18.55                       -5.0830368905769e-18        -0.0015706195718218
18.6                        -2.173168314282e-17         -0.0016364067052541
18.65                       -4.7086119195672e-17        -0.001703220280061
18.7                        -6.8762166829646e-17        -0.0017713209248643
18.75                       -7.1199828860692e-17        -0.0018409566016623
18.8                        -6.486472131283e-17         -0.0019123617218321
18.85                       -6.4356706122215e-17        -0.0019857574571053
18.9                        -6.7095620760802e-17        -0.0020613527269807
18.95                       -5.8894336260136e-17        -0.0021393455287923
19                          -5.282724243878e-17         -0.002219924399148
19.05                       -5.5090962034306e-17        -0.002303269876075
19.1                        -4.9551698702129e-17        -0.0023895558836427
19.15                       -4.4995262044848e-17        -0.0024789509944135
19.2                        -3.6959267818219e-17        -0.0025716195460043
19.25                       -1.5728284827923e-17        -0.0026677226005458
19.3                        -1.1945470009762e-18        -0.0027674187426852
19.35                       1.3838982286439e-17         -0.0028708647148346
19.4                        4.1351619874187e-17         -0.0029782158888165
19.45                       6.5810729704869e-17         -0.0030896265716367
19.5                        7.7460186600616e-17         -0.0032052501402097
19.55                       7.3942706577678e-17         -0.0033252389956806
19.6                        6.7777287407297e-17         -0.00344974432241
19.65                       5.8061407370642e-17         -0.0035789156295451
19.7                        3.5078118558339e-17         -0.0037129000438244
19.75                       2.5563024213105e-17         -0.003851841310184
19.8                        2.4586380448162e-17         -0.0039958784406296
19.85                       1.09521622713e-17           -0.0041451439300984
19.9                        8.6970314321285e-18         -0.0042997614281738
19.95                       1.2868815733924e-17         -0.0044598427139917
20                          1.3739089818938e-17         -0.0046254837632946
20.05                       2.7899471639874e-17         -0.0047967596137791
20.1                        4.0574306706483e-17         -0.0049737176165509
20.15                       5.1897532442628e-17         -0.0051563684914729
20.2                        7.1406357018026e-17         -0.0053446743586841
20.25                       8.1887970265723e-17         -0.005538532562784
20.3                        9.3006330667144e-17         -0.0057377535890091
20.35                       1.1008139831229e-16         -0.0059420306171454
20.4                        1.1430818537896e-16         -0.0061508971587407
20.45                       1.1012236687639e-16         -0.006365071566215
20.5                        1.026630221316e-16          -0.0065865015029795
20.55                       8.703961684674e-17          -0.006817048587805
20.6                        6.9248455565417e-17         -0.0070585638778252
20.65                       5.9026837881764e-17         -0.0073128808496973
20.7                        5.6057345900866e-17         -0.0075818217812517
20.75                       5.520483220454e-17          -0.0078672140932105
20.8                        6.4076269209886e-17         -0.0081709143191067
20.85                       7.0409356615356e-17         -0.00849483828635
20.9                        6.5744634192526e-17         -0.0088409969108866
20.95                       6.5665926222834e-17         -0.0092115378609863
21.002630398234             5.551786496244e-17          -0.0096305621574823
21.058029574601             4.8107297551116e-17         -0.010107008000687
21.116343188881             5.0170581708365e-17         -0.010651979476527
21.177724563722             5.2943398631308e-17         -0.011279455569241
21.242335087763             7.1754637665497e-17         -0.012007292519164
21.310344639971             7.234107829616e-17          -0.012858654880281
21.3819320363               5.8987292359995e-17         -0.013864048716715
21.457285499847             4.8353000978658e-17         -0.015056863616188
21.536603155744             5.5628871141621e-17         -0.016455219510556
21.620093552081             6.0381667094921e-17         -0.01807782798621
21.707976208241             3.1871406041922e-17         -0.019943025703365
21.800482192072             -2.0797233464024e-17        -0.022065380527685
21.897854727434             -5.8441813169248e-17        -0.024448020688444
22.000349833698             -8.4071957636494e-17        -0.027067532503651
22.108236998893             -1.1033162372865e-16        -0.029844931898488
22.221799888265             -1.4089448930797e-16        -0.032590006374146
22.34133709011              -1.5069091023393e-16        -0.034893822184985
22.467162900849             -1.3631334591897e-16        -0.035923285875188
22.599608151396             -9.1481637497907e-17        -0.033945415199684
22.739021077007             -4.6885766760003e-17        -0.02618231303193
22.885768232885             -2.0828766348295e-18        -0.0011196679878542
