x[nm]                    E_11_real[eV]            Psi_11_cb1_real[nm^-1/2] E_11_imag[eV]            Psi_11_cb1_imag[nm^-1/2]
7.1142317671146          2.9525116792099          2.9512918521891          2.9525116792099          2.9541601283781
7.260978922993           2.9525116792099          2.9770925150811          2.9525116792099          2.9192936427517
7.4003918486039          2.9525116792099          2.9655310267061          2.9525116792099          2.9349176005522
7.532837099151           2.9525116792099          2.9605160389894          2.9525116792099          2.9416947518941
7.6586629098899          2.9525116792099          2.9551188480918          2.9525116792099          2.9489884047603
7.7782001117354          2.9525116792099          2.9500949245072          2.9525116792099          2.9557776318505
7.891763001107           2.9525116792099          2.9452877449406          2.9525116792099          2.9622739555288
7.9996501663019          2.9525116792099          2.9406462197859          2.9525116792099          2.9685464172391
8.1021452725658          2.9525116792099          2.9361269643373          2.9525116792099          2.9746536461813
8.1995178079279          2.9525116792099          2.9316975265241          2.9525116792099          2.9806394974168
8.2920237917592          2.9525116792099          2.9273339303093          2.9525116792099          2.9865363716692
8.3799064479186          2.9525116792099          2.9230189680439          2.9525116792099          2.9923675230017
8.4633968442558          2.9525116792099          2.9187409822446          2.9525116792099          2.998148705098
8.5427145001525          2.9525116792099          2.9144935054452          2.9525116792099          3.0038886579587
8.6180679636999          2.9525116792099          2.9102773721533          2.9525116792099          3.0095862538474
8.6896553600291          2.9525116792099          2.9062915287944          2.9525116792099          3.0149726406532
8.7576649122373          2.9525116792099          2.9024882821927          2.9525116792099          3.0201122699538
8.8222754362784          2.9525116792099          2.8988229861662          2.9525116792099          3.0250654756818
8.8836568111193          2.9525116792099          2.8952945586324          2.9525116792099          3.0298337201415
8.9419704253995          2.9525116792099          2.8919086202464          2.9525116792099          3.034409407695
8.9973696017656          2.9525116792099          2.8886707429852          2.9525116792099          3.0387850084871
9.05                     2.9525116792099          2.8855849446106          2.9525116792099          3.0429550929971
9.1                      2.9525116792099          2.8826533497135          2.9525116792099          3.0469167900965
9.15                     2.9525116792099          2.8797299475956          2.9525116792099          3.0508674156426
9.2                      2.9525116792099          2.8768231889273          2.9525116792099          3.0547955495727
9.25                     2.9525116792099          2.8739411966004          2.9525116792099          3.0586902147781
9.3                      2.9525116792099          2.8710911279809          2.9525116792099          3.0625417389413
9.35                     2.9525116792099          2.8682782903374          2.9525116792099          3.0663429499286
9.4                      2.9525116792099          2.865504918694           2.9525116792099          3.0700908273745
9.45                     2.9525116792099          2.862768501063           2.9525116792099          3.0737887659275
9.5                      2.9525116792099          2.860059501653           2.9525116792099          3.07744965206
9.55                     2.9525116792099          2.8573582862615          2.9525116792099          3.0811000190299
9.6                      2.9525116792099          2.8546309923246          2.9525116792099          3.08478562801
9.65                     2.9525116792099          2.8518199598003          2.9525116792099          3.0885843995964
9.7                      2.9525116792099          2.8489125887619          2.9525116792099          3.0925133610709
9.75                     2.9525116792099          2.8459509278869          2.9525116792099          3.096515688715
9.8                      2.9525116792099          2.8429636519798          2.9525116792099          3.1005526319872
9.85                     2.9525116792099          2.8399704050458          2.9525116792099          3.1045976443822
9.9                      2.9525116792099          2.8369847322752          2.9525116792099          3.1086324212086
9.95                     2.9525116792099          2.8340160592995          2.9525116792099          3.1126442248615
10                       2.9525116792099          2.8310710282092          2.9525116792099          3.1166240793563
10.05                    2.9525116792099          2.828154399297           2.9525116792099          3.1205655517312
10.1                     2.9525116792099          2.8252696596172          2.9525116792099          3.1244639296529
10.15                    2.9525116792099          2.8224194336208          2.9525116792099          3.1283156664921
10.2                     2.9525116792099          2.819605760182           2.9525116792099          3.132118006956
10.25                    2.9525116792099          2.8168302794392          2.9525116792099          3.1358687345955
10.3                     2.9525116792099          2.8140943587631          2.9525116792099          3.1395660015738
10.35                    2.9525116792099          2.8113991776446          2.9525116792099          3.1432082139511
10.4                     2.9525116792099          2.8087457848603          2.9525116792099          3.1467939544324
10.45                    2.9525116792099          2.8061351369342          2.9525116792099          3.1503219303906
10.5                     2.9525116792099          2.8035681239828          2.9525116792099          3.1537909389408
10.55                    2.9525116792099          2.80104558705            2.9525116792099          3.1571998435134
10.6                     2.9525116792099          2.798568329707           2.9525116792099          3.160547558179
10.65                    2.9525116792099          2.7961371257845          2.9525116792099          3.1638330371984
10.7                     2.9525116792099          2.7937527245021          2.9525116792099          3.1670552680918
10.75                    2.9525116792099          2.7914158538439          2.9525116792099          3.1702132670763
10.8                     2.9525116792099          2.7891272227562          2.9525116792099          3.1733060760966
10.85                    2.9525116792099          2.7868875225531          2.9525116792099          3.176332760925
10.9                     2.9525116792099          2.7846974277914          2.9525116792099          3.1792924099795
10.95                    2.9525116792099          2.7825575967902          2.9525116792099          3.1821841336208
11                       2.9525116792099          2.7804686719144          2.9525116792099          3.1850070637704
11.05                    2.9525116792099          2.7784312797006          2.9525116792099          3.1877603537395
11.1                     2.9525116792099          2.7764460308796          2.9525116792099          3.1904431781991
11.15                    2.9525116792099          2.7745135203318          2.9525116792099          3.1930547332401
11.2                     2.9525116792099          2.7726343269987          2.9525116792099          3.195594236493
11.25                    2.9525116792099          2.7708090137675          2.9525116792099          3.1980609272832
11.3                     2.9525116792099          2.7690381273401          2.9525116792099          3.2004540668094
11.35                    2.9525116792099          2.7673221980921          2.9525116792099          3.2027729383326
11.4                     2.9525116792099          2.7656617399284          2.9525116792099          3.2050168473725
11.45                    2.9525116792099          2.7640572501377          2.9525116792099          3.2071851219032
11.5                     2.9525116792099          2.7625092092483          2.9525116792099          3.2092771125488
11.55                    2.9525116792099          2.7610180808863          2.9525116792099          3.2112921927744
11.6                     2.9525116792099          2.7595843116378          2.9525116792099          3.2132297590726
11.65                    2.9525116792099          2.7582083309156          2.9525116792099          3.2150892311441
11.7                     2.9525116792099          2.7568905508295          2.9525116792099          3.216870052072
11.75                    2.9525116792099          2.7556313660628          2.9525116792099          3.2185716884893
11.8                     2.9525116792099          2.7544311537532          2.9525116792099          3.2201936307401
11.85                    2.9525116792099          2.7532902733791          2.9525116792099          3.2217353930325
11.9                     2.9525116792099          2.752209066651           2.9525116792099          3.223196513586
11.95                    2.9525116792099          2.751187857409           2.9525116792099          3.2245765547697
12                       2.9525116792099          2.7502269515249          2.9525116792099          3.2258751032347
12.05                    2.9525116792099          2.7493266368102          2.9525116792099          3.2270917700385
12.1                     2.9525116792099          2.7484871829295          2.9525116792099          3.2282261907621
12.15                    2.9525116792099          2.7477088413192          2.9525116792099          3.2292780256193
12.2                     2.9525116792099          2.746991845112           2.9525116792099          3.2302469595593
12.25                    2.9525116792099          2.746336409067           2.9525116792099          3.2311327023613
12.3                     2.9525116792099          2.7457427295049          2.9525116792099          3.2319349887213
12.35                    2.9525116792099          2.7452109842491          2.9525116792099          3.2326535783326
12.4                     2.9525116792099          2.7447413325724          2.9525116792099          3.2332882559571
12.45                    2.9525116792099          2.744333915149           2.9525116792099          3.2338388314907
12.5                     2.9525116792099          2.7439888540124          2.9525116792099          3.2343051400197
12.55                    2.9525116792099          2.7437062525188          2.9525116792099          3.2346870418706
12.6                     2.9525116792099          2.743486195316           2.9525116792099          3.2349844226522
12.65                    2.9525116792099          2.7433287483182          2.9525116792099          3.2351971932895
12.7                     2.9525116792099          2.743233958686           2.9525116792099          3.2353252900506
12.75                    2.9525116792099          2.7432018548122          2.9525116792099          3.235368674566
12.8                     2.9525116792099          2.7432324463137          2.9525116792099          3.2353273338395
12.85                    2.9525116792099          2.7433257240283          2.9525116792099          3.2352012802528
12.9                     2.9525116792099          2.7434816600178          2.9525116792099          3.2349905515611
12.95                    2.9525116792099          2.7437002075759          2.9525116792099          3.2346952108822
13                       2.9525116792099          2.7439813012429          2.9525116792099          3.2343153466772
13.05                    2.9525116792099          2.7443248568248          2.9525116792099          3.2338510727238
13.1                     2.9525116792099          2.7447307714193          2.9525116792099          3.2333025280825
13.15                    2.9525116792099          2.745198923446           2.9525116792099          3.2326698770541
13.2                     2.9525116792099          2.7457291726838          2.9525116792099          3.2319533091308
13.25                    2.9525116792099          2.7463213603125          2.9525116792099          3.2311530389389
13.3                     2.9525116792099          2.746975308961           2.9525116792099          3.2302693061741
13.35                    2.9525116792099          2.7476908227604          2.9525116792099          3.2293023755293
13.4                     2.9525116792099          2.7484676874037          2.9525116792099          3.2282525366151
13.45                    2.9525116792099          2.7493056702096          2.9525116792099          3.2271201038718
13.5                     2.9525116792099          2.7502045201935          2.9525116792099          3.225905416475
13.55                    2.9525116792099          2.7511639681426          2.9525116792099          3.2246088382333
13.6                     2.9525116792099          2.7521837266979          2.9525116792099          3.2232307574778
13.65                    2.9525116792099          2.7532634904402          2.9525116792099          3.2217715869457
13.7                     2.9525116792099          2.7544029359832          2.9525116792099          3.2202317636545
13.75                    2.9525116792099          2.7556017220705          2.9525116792099          3.2186117487714
13.8                     2.9525116792099          2.7568594896786          2.9525116792099          3.216912027473
13.85                    2.9525116792099          2.7581758621248          2.9525116792099          3.2151331088008
13.9                     2.9525116792099          2.7595504451799          2.9525116792099          3.2132755255079
13.95                    2.9525116792099          2.7609828271849          2.9525116792099          3.2113398339019
14                       2.9525116792099          2.7624725791718          2.9525116792099          3.2093266136814
14.05                    2.9525116792099          2.7640192549861          2.9525116792099          3.2072364677702
14.1                     2.9525116792099          2.7656223914113          2.9525116792099          3.2050700221498
14.15                    2.9525116792099          2.7672815082912          2.9525116792099          3.2028279256933
14.2                     2.9525116792099          2.7689961086473          2.9525116792099          3.2005108500072
14.25                    2.9525116792099          2.7707656787858          2.9525116792099          3.1981194892869
14.3                     2.9525116792099          2.7725896883858          2.9525116792099          3.195654560197
14.35                    2.9525116792099          2.7744675905571          2.9525116792099          3.1931168017938
14.4                     2.9525116792099          2.7763988218484          2.9525116792099          3.1905069755138
14.45                    2.9525116792099          2.7783828021799          2.9525116792099          3.1878258652647
14.5                     2.9525116792099          2.7804189346597          2.9525116792099          3.1850742776742
14.55                    2.9525116792099          2.7825066052234          2.9525116792099          3.1822530425762
14.6                     2.9525116792099          2.7846451820086          2.9525116792099          3.1793630138566
14.65                    2.9525116792099          2.786834014331           2.9525116792099          3.1764050708369
14.7                     2.9525116792099          2.7890724310659          2.9525116792099          3.1733801204609
14.75                    2.9525116792099          2.7913597381434          2.9525116792099          3.1702891006808
14.8                     2.9525116792099          2.7936952147223          2.9525116792099          3.1671329856263
14.85                    2.9525116792099          2.7960781074028          2.9525116792099          3.1639127934265
14.9                     2.9525116792099          2.7985076215222          2.9525116792099          3.1606295979722
14.95                    2.9525116792099          2.8009829081239          2.9525116792099          3.1572845465261
15                       2.9525116792099          2.803503044503           2.9525116792099          3.1538788860124
15.05                    2.9525116792099          2.8060670052285          2.9525116792099          3.1504140021775
15.1                     2.9525116792099          2.808673619042           2.9525116792099          3.1468914778361
15.15                    2.9525116792099          2.811321504821           2.9525116792099          3.1433131794086
15.2                     2.9525116792099          2.8140089765148          2.9525116792099          3.1396813853895
15.25                    2.9525116792099          2.8167339020995          2.9525116792099          3.1359989769518
15.3                     2.9525116792099          2.8194934944045          2.9525116792099          3.1322697206206
15.35                    2.9525116792099          2.8222840010013          2.9525116792099          3.1284986873508
15.4                     2.9525116792099          2.8251002445572          2.9525116792099          3.1246928736835
15.45                    2.9525116792099          2.8279349416749          2.9525116792099          3.1208621222518
15.5                     2.9525116792099          2.8307776936065          2.9525116792099          3.1170204857104
15.55                    2.9525116792099          2.8336134909374          2.9525116792099          3.1131882474732
15.6                     2.9525116792099          2.8364204983786          2.9525116792099          3.1093949153014
15.65                    2.9525116792099          2.8391667732988          2.9525116792099          3.1056836558105
15.7                     2.9525116792099          2.8418054050202          2.9525116792099          3.1021178631262
15.75                    2.9525116792099          2.8443437155915          2.9525116792099          3.0986876423827
15.8                     2.9525116792099          2.846839604804           2.9525116792099          3.0953147489916
15.85                    2.9525116792099          2.8493316935834          2.9525116792099          3.0919469914278
15.9                     2.9525116792099          2.8518424539354          2.9525116792099          3.0885540014844
15.95                    2.9525116792099          2.8543828414653          2.9525116792099          3.0851209739818
16                       2.9525116792099          2.8569557429241          2.9525116792099          3.0816440078237
16.05                    2.9525116792099          2.8595585277655          2.9525116792099          3.0781266578765
16.1                     2.9525116792099          2.8621849230318          2.9525116792099          3.0745774012863
16.15                    2.9525116792099          2.8648263782439          2.9525116792099          3.0710077929947
16.2                     2.9525116792099          2.8674730473689          2.9525116792099          3.0674311387285
16.25                    2.9525116792099          2.8701144855567          2.9525116792099          3.0638615534432
16.3                     2.9525116792099          2.872740137545           2.9525116792099          3.0603133013036
16.35                    2.9525116792099          2.8753396823143          2.9525116792099          3.0568003299234
16.4                     2.9525116792099          2.8779032976523          2.9525116792099          3.0533359128381
16.45                    2.9525116792099          2.8804219288109          2.9525116792099          3.0499322864484
16.5                     2.9525116792099          2.8828877170387          2.9525116792099          3.0466000709095
16.55                    2.9525116792099          2.8852949534959          2.9525116792099          3.0433469810302
16.6                     2.9525116792099          2.8876425391392          2.9525116792099          3.0401745020349
16.65                    2.9525116792099          2.8899408236474          2.9525116792099          3.0370686475805
16.7                     2.9525116792099          2.8922319278514          2.9525116792099          3.0339724964416
16.75                    2.9525116792099          2.894495905022           2.9525116792099          3.0309130042181
16.8                     2.9525116792099          2.8966671779738          2.9525116792099          3.0279787905709
16.85                    2.9525116792099          2.8987325224706          2.9525116792099          3.0251877264609
16.9                     2.9525116792099          2.9006891738151          2.9525116792099          3.0225435480434
16.95                    2.9525116792099          2.902538410941           2.9525116792099          3.0200445269934
17                       2.9525116792099          2.9042829964264          2.9525116792099          3.0176869300199
17.05                    2.9525116792099          2.9059261596686          2.9525116792099          3.0154663929814
17.1                     2.9525116792099          2.9074712003845          2.9525116792099          3.0133784567087
17.15                    2.9525116792099          2.9089213485753          2.9525116792099          3.0114187562443
17.2                     2.9525116792099          2.9102797484511          2.9525116792099          3.0095830425675
17.25                    2.9525116792099          2.9115495458389          2.9525116792099          3.007867064472
17.3                     2.9525116792099          2.9127341522006          2.9525116792099          3.0062662117785
17.35                    2.9525116792099          2.9138379178176          2.9525116792099          3.0047746056063
17.4                     2.9525116792099          2.9148678155398          2.9525116792099          3.0033828229889
17.45                    2.9525116792099          2.9158376468422          2.9525116792099          3.0020722128969
17.5                     2.9525116792099          2.9167785534711          2.9525116792099          3.0008006910143
17.55                    2.9525116792099          2.917691455511           2.9525116792099          2.9995670139578
17.6                     2.9525116792099          2.9185514807309          2.9525116792099          2.9984047935493
17.65                    2.9525116792099          2.919353496991           2.9525116792099          2.9973209652569
17.7                     2.9525116792099          2.920099432145           2.9525116792099          2.9963129238188
17.75                    2.9525116792099          2.9207934544346          2.9525116792099          2.9953750363589
17.8                     2.9525116792099          2.9214403724287          2.9525116792099          2.9945008046759
17.85                    2.9525116792099          2.9220450767255          2.9525116792099          2.993683619716
17.9                     2.9525116792099          2.9226123369976          2.9525116792099          2.9929170358414
17.95                    2.9525116792099          2.9231467209317          2.9525116792099          2.9921948803745
18                       2.9525116792099          2.9236525489029          2.9525116792099          2.991511314849
18.05                    2.9525116792099          2.9241338485432          2.9525116792099          2.9908608964059
18.1                     2.9525116792099          2.9245942906696          2.9525116792099          2.9902386643784
18.15                    2.9525116792099          2.925037093188           2.9525116792099          2.9896402701546
18.2                     2.9525116792099          2.9254648796768          2.9525116792099          2.9890621682847
18.25                    2.9525116792099          2.9258794768239          2.9525116792099          2.9885018902202
18.3                     2.9525116792099          2.9262816304591          2.9525116792099          2.9879584280618
18.35                    2.9525116792099          2.9266706136185          2.9525116792099          2.9874327642138
18.4                     2.9525116792099          2.9270436915558          2.9525116792099          2.9869285943563
18.45                    2.9525116792099          2.9273953972912          2.9525116792099          2.986453306453
18.5                     2.9525116792099          2.9277165563062          2.9525116792099          2.9860192987599
18.55                    2.9525116792099          2.9280061125066          2.9525116792099          2.9856279984611
18.6                     2.9525116792099          2.9282737084245          2.9525116792099          2.9852663748368
18.65                    2.9525116792099          2.9285287956207          2.9525116792099          2.984921655242
18.7                     2.9525116792099          2.92877773101            2.9525116792099          2.9845852490725
18.75                    2.9525116792099          2.9290247817045          2.9525116792099          2.9842513898408
18.8                     2.9525116792099          2.9292728034397          2.9525116792099          2.9839162183647
18.85                    2.9525116792099          2.9295236986059          2.9525116792099          2.9835771637931
18.9                     2.9525116792099          2.929778725474           2.9525116792099          2.9832325257244
18.95                    2.9525116792099          2.9300387069511          2.9525116792099          2.9828811920988
19                       2.9525116792099          2.9303041715025          2.9525116792099          2.9825224487593
19.05                    2.9525116792099          2.9305754482749          2.9525116792099          2.982155850904
19.1                     2.9525116792099          2.930852731297           2.9525116792099          2.9817811363261
19.15                    2.9525116792099          2.9311361228014          2.9525116792099          2.9813981668708
19.2                     2.9525116792099          2.9314256624428          2.9525116792099          2.9810068889494
19.25                    2.9525116792099          2.9317213469872          2.9525116792099          2.9806073069324
19.3                     2.9525116792099          2.9320231435509          2.9525116792099          2.9801994652582
19.35                    2.9525116792099          2.9323309984621          2.9525116792099          2.9797834364576
19.4                     2.9525116792099          2.9326448431314          2.9525116792099          2.9793593132211
19.45                    2.9525116792099          2.9329645978465          2.9525116792099          2.9789272032701
19.5                     2.9525116792099          2.9332901740858          2.9525116792099          2.9784872262309
19.55                    2.9525116792099          2.9336214757072          2.9525116792099          2.9780395120281
19.6                     2.9525116792099          2.9339583991965          2.9525116792099          2.9775842005484
19.65                    2.9525116792099          2.9343008330086          2.9525116792099          2.9771214425317
19.7                     2.9525116792099          2.9346486558939          2.9525116792099          2.9766514018324
19.75                    2.9525116792099          2.9350017339409          2.9525116792099          2.9761742594154
19.8                     2.9525116792099          2.9353599158666          2.9525116792099          2.9756902197217
19.85                    2.9525116792099          2.9357230258088          2.9525116792099          2.9751995204078
19.9                     2.9525116792099          2.9360908524848          2.9525116792099          2.9747024469967
19.95                    2.9525116792099          2.9364631330107          2.9525116792099          2.9741993547444
20                       2.9525116792099          2.936839528839           2.9525116792099          2.973690701157
20.05                    2.9525116792099          2.9372195900419          2.9525116792099          2.9731770942577
20.1                     2.9525116792099          2.9376027023393          2.9525116792099          2.972659364172
20.15                    2.9525116792099          2.9379880085775          2.9525116792099          2.9721386692397
20.2                     2.9525116792099          2.9383742923674          2.9525116792099          2.9716166532643
20.25                    2.9525116792099          2.9387598056739          2.9525116792099          2.9710956785041
20.3                     2.9525116792099          2.9391420133936          2.9525116792099          2.9705791708462
20.35                    2.9525116792099          2.9395172149784          2.9525116792099          2.970072131135
20.4                     2.9525116792099          2.9398799839547          2.9525116792099          2.9695818925952
20.45                    2.9525116792099          2.9402319463561          2.9525116792099          2.9691062578389
20.5                     2.9525116792099          2.9405805433151          2.9525116792099          2.9686351710722
20.55                    2.9525116792099          2.9409301448573          2.9525116792099          2.9681627267323
20.6                     2.9525116792099          2.9412832848105          2.9525116792099          2.9676855006567
20.65                    2.9525116792099          2.9416411937824          2.9525116792099          2.9672018298271
20.7                     2.9525116792099          2.9420041959455          2.9525116792099          2.9667112761636
20.75                    2.9525116792099          2.9423720028616          2.9525116792099          2.9662142294557
20.8                     2.9525116792099          2.9427439296136          2.9525116792099          2.9657116152862
20.85                    2.9525116792099          2.943119052526           2.9525116792099          2.9652046818911
20.9                     2.9525116792099          2.943496323321           2.9525116792099          2.9646948458917
20.95                    2.9525116792099          2.9438746514206          2.9525116792099          2.9641835810727
21.002630398234          2.9525116792099          2.9442728797916          2.9525116792099          2.9636454234356
21.058029574601          2.9525116792099          2.944690734251           2.9525116792099          2.9630807435062
21.116343188881          2.9525116792099          2.9451276962977          2.9525116792099          2.9624902419758
21.177724563722          2.9525116792099          2.9455830468566          2.9525116792099          2.961874890588
21.242335087763          2.9525116792099          2.9460560605701          2.9525116792099          2.9612356695761
21.310344639971          2.9525116792099          2.9465468770825          2.9525116792099          2.9605723902275
21.3819320363            2.9525116792099          2.9470612580716          2.9525116792099          2.9598772663295
21.457285499847          2.9525116792099          2.9476053584357          2.9525116792099          2.9591419802787
21.536603155744          2.9525116792099          2.9481535037435          2.9525116792099          2.9584012279742
21.620093552081          2.9525116792099          2.9487055862994          2.9525116792099          2.9576551549535
21.707976208241          2.9525116792099          2.9492624407425          2.9525116792099          2.9569026333024
21.800482192072          2.9525116792099          2.949825571494           2.9525116792099          2.9561416299773
21.897854727434          2.9525116792099          2.9503971992349          2.9525116792099          2.9553691439952
22.000349833698          2.9525116792099          2.9509804181203          2.9525116792099          2.9545809939788
22.108236998893          2.9525116792099          2.9515794161541          2.9525116792099          2.9537715203453
22.221799888265          2.9525116792099          2.9521997922188          2.9525116792099          2.9529331568803
22.34133709011           2.9525116792099          2.9528481395293          2.9525116792099          2.9520569936485
22.467162900849          2.9525116792099          2.9535446577275          2.9525116792099          2.9511157332689
22.599608151396          2.9525116792099          2.9541918518466          2.9525116792099          2.9502411284363
22.739021077007          2.9525116792099          2.95568388487            2.9525116792099          2.9482248256699
22.885768232885          2.9525116792099          2.9523542581116          2.9525116792099          2.9527244148471
