|k|[1/nm]            Band_1[eV]           Band_2[eV]           Band_3[eV]           Band_4[eV]           Band_5[eV]           Band_6[eV]           Band_7[eV]           Band_8[eV]           Band_9[eV]           Band_10[eV]          Band_11[eV]          Band_12[eV]          Band_13[eV]          Band_14[eV]         
0                    1.3976942530797      1.3976942530798      1.4167478423565      1.4167478423565      1.4437721218703      1.4437721218703      2.3390669310193      2.3390669310193      2.3390988947366      2.3390988947366      2.9525116792099      2.9525116792099      3.0911484520154      3.0911484520155
0.0023154768301333   1.397691654357       1.3976916586316      1.4167220331179      1.4167759686451      1.443770884048       1.4437708859867      2.3389759371463      2.3390078675751      2.3391939204165      2.3392258333708      2.9525101120732      2.9525192666102      3.0911434115255      3.0911587623001
0.0046309536602667   1.3976838505744      1.3976838847325      1.41669849724        1.416806323694       1.4437671667764      1.4437671822865      2.3388702275493      2.3389021638166      2.339306182022       2.3393380833446      2.952514457246       2.9525327659706      3.0911432751592      3.0911739762423
0.0069464304904      1.3976708372647      1.3976709523287      1.4166772708626      1.4168388992377      1.4437609652068      1.4437610175593      2.3387669487059      2.3387988878765      2.3394208712655      2.3394527580295      2.9525247512785      2.9525522134922      3.0911481667725      3.0911942172331
0.0092619073205333   1.3976526146779      1.397652886697       1.41665836349        1.4168736607683      1.4437522750058      1.443752399121       2.3386661024213      2.338698042045       2.3395379856342      2.3395698554021      2.9525409940607      2.9525776087164      3.091158086429       3.0912194848716
0.011577384150667    1.3976291883719      1.3976297178479      1.416641779429       1.4169105691639      1.4437410924289      1.4437413348924      2.3385676900107      2.3385996276955      2.3396575234463      2.3396893738434      2.9525631853688      2.9526089510706      3.0911730341249      3.0912497786893
0.0138928609808      1.3976005692194      1.397601480355       1.4166275177912      1.4169495808725      1.443727414319       1.443727833404       2.3384717126621      2.338503646031       2.3397794831049      2.3398113117752      2.9525913248653      2.9526462398689      3.0911930097887      3.0912850981502
0.016208337810933    1.3975667733877      1.397568213167       1.4166155725263      1.4169906481153      1.4437112381048      1.4437119037988      2.3383781714951      2.3384100981768      2.3399038630049      2.3399356676025      2.9526254120991      2.9526894743118      3.0912180132813      3.091325442651
0.018523814641067    1.3975278222937      1.3975299594077      1.4166059324837      1.4170337191073      1.4436925617992      1.4436935558371      2.3382870675757      2.3383189852025      2.3400306615109      2.3400624396979      2.9526654465052      2.9527386534864      3.0912480443961      3.0913708115211
0.0208392914712      1.3974837425867      1.3974867662192      1.4165985840638      1.4170787407751      1.4436713840035      1.4436727999054      2.3382010413367      2.3382329478871      2.3401625133906      2.340194263182       2.9527114341583      2.9527937831519      3.0912831267905      3.0914212280358
0.023154768301333    1.3974345659276      1.3974386844183      1.4165935038602      1.4171256517326      1.4436477038938      1.4436496470093      2.3381176815085      2.3381495746496      2.3402970067213      2.3403287258234      2.9527633680867      2.9528548559672      3.0913232382311      3.0914766694427
0.025470245131467    1.3973803289754      1.397385768377       1.4165906658491      1.4171743894041      1.4436215212303      1.4436241087874      2.3380367618079      2.3380686391807      2.340433912769       2.3404655988658      2.9528212468026      2.952921870095       3.0913683762464      3.0915371328011
0.0277857219616      1.3973210732383      1.3973280757851      1.4165900396479      1.4172248884146      1.4435928363545      1.4435961975149      2.3379582831236      2.3379901423727      2.3405732297474      2.3406048805306      2.9528850692865      2.9529948241692      3.0914185403585      3.0916026171706
0.030101198791733    1.3972568449267      1.3972656674349      1.4165915904833      1.4172770806372      1.4435616501892      1.4435659261082      2.3378822462995      2.337914085074       2.3407149558287      2.3407465689986      2.9529548344058      2.953073716711       3.0914737300222      3.0916731215436
0.032416675621867    1.3971876947995      1.3971986070167      1.4165952793993      1.4173308954557      1.4435279642386      1.4435333081309      2.3378086521353      2.337840468089       2.3408590891438      2.3408906624095      2.9530305409143      2.9531585461287      3.0915339446244      3.0917486448459
0.034732152452       1.3971136780054      1.3971269609285      1.4166010634825      1.4173862600253      1.4434917805878      1.4434983577999      2.3377375013864      2.3377692921783      2.3410056277821      2.3410371588624      2.9531121874533      2.9532493107184      3.0915991834852      3.091829185936
0.037047629282133    1.3970348539228      1.3970507981009      1.4166088961005      1.4174430995287      1.4434531019047      1.4434610899914      2.3376687947635      2.3377005580587      2.3411545697921      2.3411860564154      2.9531997725507      2.9533460086636      3.0916694458569      3.091914743606
0.039363106112267    1.3969512860052      1.3969701898442      1.4166187271514      1.4175013374268      1.4434119314398      1.4434215202472      2.3376025329332      2.3376342664031      2.3413059131809      2.3413373530861      2.953293294622       2.9534486380358      3.0917447309247      3.0920053165812
0.0416785829424      1.3968630416374      1.396885209721       1.4166305033217      1.4175608957013      1.4433682730276      1.4433796647816      2.3375387165178      2.3375704178407      2.3414596559145      2.3414910468517      2.9533927519699      2.9535571967947      3.0918250378065      3.0921009035203
0.043994059772533    1.3967701920096      1.39679593345        1.4166441683496      1.4176216950874      1.443322131088       1.4433355404887      2.337477346095       2.3375090129566      2.3416157959184      2.3416471356488      2.9534981427847      2.953671682788       3.0919103655531      3.0922015030156
0.046309536602667    1.3966728120181      1.3967024388471      1.4166596632907      1.4176836552972      1.4432735106281      1.4432891649494      2.3374184221984      2.3374500522923      2.3417743310772      2.3418056173741      2.9536094651444      2.953792093752       3.0920007131481      3.0923071135929
0.0486250134328      1.3965709802017      1.396604805809       1.4166769267849      1.41774669523        1.4432224172435      1.4432405564387      2.3373619453167      2.3373935363454      2.3419352592349      2.341966489884       2.9537267170152      2.953918427312       3.0920960795082      3.0924177337118
0.050940490262933    1.3964647787255      1.3965031163498      1.4166958953198      1.4178107331712      1.4431688571211      1.4431897339341      2.3373079158949      2.3373394655695      2.3420985781952      2.3421297509951      2.9538498962513      2.9540506809818      3.0921964634828      3.092533361766
0.053255967093067    1.3963542934248      1.3963974546982      1.4167165034916      1.4178756869779      1.443112837041       1.4431367171232      2.337256334333       2.3372878403744      2.3422642857217      2.3422953984844      2.9539790005951      2.9541888521649      3.0923018638548      3.0926539960826
0.0555714439232      1.3962396139272      1.3962879074671      1.416738684258       1.4179414742507      1.4430543643791      1.4430815264122      2.337207200987       2.337238661126       2.3424323795379      2.3424634300892      2.9541140276778      2.9543329381542      3.09241227934        3.0927796349235
0.057886920753333    1.3961208338736      1.3961745639116      1.4167623691847      1.4180080124923      1.4429934471105      1.4430241829345      2.3371605161682      2.3371919281464      2.3426028573274      2.3426338435077      2.9542549750196      2.9544829361323      3.0925277085877      3.0929102764842
0.060202397583467    1.3959980512654      1.3960575162922      1.4167874886814      1.4180752192524      1.4429300938123      1.4429647085595      2.3371162801436      2.3371476417135      2.3427757167345      2.3428066363986      2.9544018400294      2.9546388431719      3.0926481501805      3.093045918895
0.0625178744136      1.3958713689727      1.3959368603672      1.4168139722276      1.4181430122586      1.4428643136672      1.4429031259015      2.3370744931358      2.3371058020617      2.3429509553636      2.342981806382       2.9545546200058      2.9548006562362      3.0927736026343      3.0931865602204
0.064833351243733    1.3957408954512      1.3958126960453      1.4168417485868      1.4182113095345      1.4427961164672      1.4428394583295      2.3370351553231      2.3370664093813      2.3431285707801      2.3431593510389      2.9547133121369      2.954968372179       3.0929040643988      3.0933321984599
0.067148828073867    1.3956067457291      1.3956851282349      1.4168707460079      1.4182800295044      1.4427255126178      1.4427737299759      2.3369982668394      2.3370294638187      2.3433085605106      2.3433392679119      2.9548779135009      2.9551419877453      3.0930395338574      3.0934828315473
0.069464304904       1.3954690427475      1.3955542679434      1.4169008924137      1.4183490910858      1.4426525131423      1.4427059657472      2.3369638277741      2.3369949654766      2.3434909220424      2.3435215545052      2.9550484210657      2.9553214995712      3.0931800093271      3.0936384573518
0.071779781734133    1.3953279191698      1.39542023369        1.4169321155758      1.4184184137689      1.4425771296865      1.4426361913327      2.3369318381725      2.3369629144138      2.3436756528244      2.3437062082846      2.9552248316905      2.9555069041847      3.0933254890588      3.0937990736773
0.074095258564267    1.3951835198148      1.3952831533198      1.4169643432759      1.4184879176861      1.4424993745232      1.4425644332159      2.3369022980356      2.3369333106452      2.3438627502672      2.3438932266783      2.9554071421246      2.9556981980059      3.0934759712378      3.0939646782633
0.0764107353944      1.3950360049302      1.3951431663314      1.4169975034535      1.4185575236692      1.4424192605582      1.4424907186837      2.3368752073198      2.336906154142       2.344052211743       2.3440826070763      2.9555953490089      2.955895377347       3.0936314539832      3.0941352687845
0.078726212224533    1.3948855546051      1.3950004268658      1.4170315243394      1.4186271532975      1.4423368013354      1.4424150758373      2.3368505659377      2.3368814448317      2.3442440345861      2.3442743468314      2.9557894488759      2.9560984384136      3.0937919353484      3.0943108428514
0.081041689054667    1.3947323747329      1.3948551075489      1.4170663345764      1.4186967289348      1.4422520110428      1.4423375336023      2.3368283737576      2.336859182598       2.3444382160932      2.3444684432587      2.9559894381496      2.956307377304       3.0939574133216      3.0944913980099
0.0833571658848      1.3945767050877      1.3947074044368      1.4171018633269      1.4187661737598      1.4421649045187      1.4422581217396      2.3368086306036      2.336839367281       2.344634753523       2.3446648936366      2.9561953131466      2.9565221900103      3.0941278858251      3.0946769317421
0.085672642714933    1.3944188302681      1.3945575433771      1.4171380403673      1.418835411786       1.4420754972583      1.4421768708557      2.3367913362558      2.3368219986771      2.3448336440976      2.3448636952061      2.9564070700756      2.9567428724185      3.094303350716       3.0948674414664
0.087988119545067    1.3942590944647      1.394405788173       1.4171747961706      1.4189043678753      1.4419838054206      1.4420938124134      2.3367764904503      2.3368070765391      2.3450348850013      2.3450648451719      2.9566247050388      2.9569694203091      3.0944838057867      3.095062924537
0.0903035963752      1.3940979211444      1.3942524510026      1.4172120619775      1.4189729677449      1.4418898458358      1.4420089787422      2.336764092879       2.3367946005765      2.3452384733821      2.345268340702       2.9568482140314      2.9572018293574      3.094669248764       3.095263378245
0.092619073205333    1.3939358385639      1.3940979055642      1.4172497698559      1.4190411379671      1.4417936360124      1.4419224030488      2.3367541431901      2.336784570455       2.345444406351       2.3454741789283      2.9570775929427      2.957440095134       3.0948596773104      3.0954687998181
0.094934550035467    1.3937735109411      1.3939426033325      1.4172878527511      1.4191088059643      1.4416951941458      1.4418341194275      2.3367466409881      2.3367769857972      2.3456526809828      2.3456823569466      2.9573128375559      2.9576842131053      3.0950550890233      3.0956791864209
0.0972500268656      1.3936117718644      1.3937870929821      1.4173262445245      1.419175899999       1.4415945391262      1.4417441628702      2.3367415858335      2.3367718461821      2.3458632943164      2.3458928718169      2.9575539435488      2.9579341786338      3.095255481436       3.095894535155
0.099565503695733    1.3934516489077      1.3936320422303      1.4173648799851      1.4192423491589      1.4414916905472      1.441652569276       2.3367389772432      2.3367691511456      2.3460762433543      2.3461057205638      2.9578009064945      2.9581899869785      3.0954608520172      3.0961148430594
0.10188098052587     1.3932943541426      1.3934782597002      1.4174036949108      1.4193080833389      1.4413866687153      1.4415593754609      2.3367388146906      2.3367689001803      2.3462915250639      2.3463209001764      2.9580537218613      2.9584516332959      3.0956711981714      3.0963401071105
0.104196457356       1.3931411967869      1.393326711277       1.4174426260633      1.4193730332195      1.4412794946588      1.441464619167       2.3367410976053      2.3367710927356      2.3465091363769      2.3465384076091      2.9583123850136      2.9587191126397      3.0958865172397      3.0965703242227
0.10651193418613     1.3929933709118      1.393178519895       1.4174816111944      1.4194371302426      1.4411701901382      1.4413683390704      2.3367458253737      2.3367757282182      2.3467290741899      2.346758239781       2.958576891212       2.958992419962       3.0961068064985      3.096805491248
0.10882741101627     1.3928516257388      1.3930349285997      1.4175205890467      1.4195003065851      1.4410587776556      1.4412705747899      2.3367529973389      2.3367828059913      2.3469513353647      2.346980393577       2.9588472356143      2.9592715501134      3.0963320631614      3.0970456049768
0.1111428878464      1.3927159586192      1.39289719529        1.4175594993479      1.4195624951311      1.4409452804662      1.4411713668935      2.3367626128006      2.3367923253757      2.3471759167284      2.3472048658476      2.9591234132752      2.9595564978435      3.0965622843782      3.0972906621378
0.11345836467653     1.3925855730401      1.3927663871188      1.4175982809894      1.4196236279349      1.4408297224162      1.4410707567892      2.3367723295596      2.3368019439232      2.3474004879326      2.3474293259863      2.9594054138029      2.9598472523314      3.096797448396       3.0975406402559
0.11577384150667     1.3924592206761      1.3926430969247      1.417636875411       1.4196836390508      1.4407121282494      1.4409687869319      2.3367817757771      2.3368112897767      2.3476246778494      2.3476534028469      2.9596932312264      2.9601438072771      3.0970375493148      3.0977955329476
0.1180893183368      1.3923357140108      1.3925272156692      1.4176752273279      1.4197424650805      1.4405925237366      1.4408655009019      2.3367936617214      2.3368230735404      2.3478511780534      2.3478797883553      2.9599868664938      2.9604461634717      3.0972826059339      3.09805535894
0.12040479516693     1.3922142370143      1.3924179486739      1.4177132802459      1.4198000414362      1.440470935256       1.4407609431181      2.3368079864984      2.3368372943427      2.3480799852121      2.3481084792032      2.9602863142549      2.9607543152675      3.0975326151532      3.0983201147194
0.12272027199707     1.3920943221991      1.3923140928097      1.4177509785539      1.4198563040874      1.4403473899973      1.4406551589693      2.3368247491718      2.3368539512697      2.3483110959591      2.3483394720493      2.9605915690597      2.9610682569184      3.0977875738104      3.0985897967121
0.1250357488272      1.3919756702403      1.3922143708931      1.4177882674923      1.4199111895309      1.4402219159743      1.4405481948147      2.3368439487624      2.3368730433653      2.3485445068953      2.3485727635194      2.9609026253582      2.9613879825808      3.098047478681       3.0988644012838
0.12735122565733     1.3918580116991      1.392117647716       1.4178250931183      1.4199646347635      1.4400945420383      1.4404400979816      2.3368655842485      2.3368945696311      2.3487802145886      2.3488083502068      2.9612194775015      2.961713486314       3.0983123264784      3.0991439247406
0.12966670248747     1.3917410593245      1.3920230056828      1.4178614022688      1.420016577256       1.4399652978921      1.4403309167617      2.3368896545665      2.3369185290269      2.3490182155745      2.3490462286724      2.9615421197424      2.9620447620806      3.0985821138547      3.0994283633288
0.1319821793176      1.3916245131684      1.3919297376906      1.4178971425211      1.4200669549288      1.4398342141033      1.4402207004054      2.3369161586101      2.3369449204705      2.3492585063564      2.3492863954452      2.9618705462355      2.9623818037478      3.0988568373999      3.0997177132353
0.13429765614773     1.39150807968        1.3918373099973      1.4179322621514      1.42011570613        1.4397013221189      1.4401094991133      2.3369450952313      2.3369737428381      2.3495010834055      2.3495288470224      2.9622047510379      2.962724605087       3.0991364936433      3.1000119705879
0.13661313297787     1.3913914871533      1.3917453220319      1.417966710092       1.4201627696171      1.4395666542802      1.4399973640253      2.3369764632403      2.3370049949641      2.3497459431614      2.34977357987        2.9625447281104      2.963073159775       3.099421079053       3.1003111314556
0.138928609808       1.3912744938218      1.391653472564       1.4180004358871      1.4202080845399      1.4394302438368      1.439884347206       2.3370102614052      2.3370386756415      2.3499930820325      2.3500205904223      2.9628904713171      2.9634274613945      3.0997105900362      3.1006151918488
0.14124408663813     1.3911568900704      1.3915615337775      1.4180333896464      1.4202515904295      1.4392921249629      1.4397705016286      2.3370464884528      2.3370747836219      2.3502424963957      2.3502698750831      2.9632419744266      2.963787503435       3.1000050229398      3.1009241477195
0.14355956346827     1.3910384970992      1.391469332166       1.4180655219992      1.420293227189       1.4391523327718      1.4396558811535      2.3370851430682      2.3371133176156      2.3504941825976      2.3505214302253      2.9635992311126      2.9641532792927      3.1003043740503      3.1012379949617
0.1458750402984      1.3909191638663      1.3913767346543      1.4180967840466      1.4203329350893      1.4390109033316      1.4395405405046      2.3371262238954      2.3371542762921      2.3507481369539      2.3507752521916      2.9639622349541      2.9645247822717      3.1006086395942      3.1015567294118
0.14819051712853     1.3907987634493      1.3912836385396      1.418127127313       1.4203706547697      1.4388678736809      1.4394245352404      2.337169729537       2.3371976582796      2.35100435575        2.3510313372945      2.9643309794366      2.9649020055848      3.1009178157383      3.1018803468485
0.15050599395867     1.3906771894417      1.3911899641697      1.4181565036977      1.4204063272433      1.438723281845       1.4393079217221      2.3372156585548      2.3372434621659      2.3512628352417      2.3512896818167      2.9647054579523      2.9652849423536      3.1012318985898      3.1022088429935
0.1528214707888      1.3905543526779      1.3910956495721      1.4181848654254      1.4204398939077      1.4385771668505      1.4391907570756      2.3372640094697      2.3372916864977      2.3515235716549      2.3515502820115      2.9650856638005      2.9656735856092      3.1015508841968      3.1025422135114
0.15513694761893     1.3904301783877      1.3910006464788      1.418212164997       1.4204712965615      1.4384295687423      1.4390730991501      2.3373147807619      2.3373423297819      2.3517865611862      2.3518131341028      2.9654715901892      2.9660679282937      3.1018747685483      3.1028804540105
0.15745242444907     1.3903046037903      1.390904917354       1.41823835514        1.420500477427       1.4382805285981      1.4389550064701      2.3373679708713      2.3373953904844      2.352051800003       2.3520782342856      2.9658632302346      2.9664679632594      3.1022035475746      3.1032235600427
0.1597679012792      1.3901775760907      1.3908084331494      1.4182633887586      1.420527379179       1.4381300885444      1.4388365381828      2.3374235781971      2.3374508670314      2.3523192842441      2.3523455787262      2.9662605769625      2.9668736832708      3.1025372171477      3.1035715271038
0.16208337810933     1.3900490508276      1.3907111715918      1.4182872188843      1.4205519449814      1.437978291771       1.4387177539996      2.3374816010986      2.3375087578089      2.3525890100197      2.3526151635626      2.9666636233086      2.9672850810049      3.1028757730814      3.103924350634
0.16439885493947     1.3899189905155      1.3906131158643      1.4183097986267      1.4205741185296      1.4378251825463      1.4385987141313      2.3375420378953      2.3375690611633      2.352860973412       2.3528869849047      2.9670723621194      2.9677021490513      3.1032192111318      3.1042820260182
0.1667143317696      1.3897873635325      1.3905142535803      1.418331081124       1.4205938441015      1.4376708062303      1.4384794792168      2.3376048868664      2.337631775401       2.353135170475       2.3531610388343      2.9674867861527      2.9681248799138      3.103567526997       3.104644548586
0.16902980859973     1.3896541432094      1.39041457598        1.4183510194944      1.4206110666157      1.4375152092885      1.4383601102461      2.3376701462521      2.3376968987893      2.3534115972354      2.3534373214062      2.9679068880782      2.9685532660102      3.1039207163183      3.1050119136125
0.17134528542987     1.3895193070822      1.3903140772933      1.4183695667881      1.4206257316978      1.437358439304       1.4382406684757      2.3377378142526      2.3377644295562      2.3536902496926      2.3537158286477      2.9683326604785      2.9689872996737      3.1042787746797      3.1053841163181
0.17366076226        1.389382836278       1.390212754233       1.418386675939       1.4206377857552      1.4372005449892      1.4381212153378      2.3378078890293      2.3378343658902      2.3539711238187      2.3539965565589      2.9687640958494      2.9694269731533      3.1046416976087      3.1057611518694
0.17597623909013     1.3892447150096      1.3901106055864      1.4184022997188      1.42064717606        1.4370415761955      1.4380018123422      2.3378803687045      2.3379067059414      2.3542542155595      2.3542795011138      2.969201186601       2.9698722786146      3.1050094805761      3.1061430153789
0.17829171592027     1.3891049301571      1.3900076318858      1.4184163906895      1.4206538508412      1.4368815839222      1.4378825209714      2.3379552513614      2.3379814478208      2.3545395208344      2.3545646582597      2.969643925058       2.9703232081404      3.1053821189971      3.1065297019058
0.1806071927504      1.3889634709235      1.3899038351395      1.4184289011592      1.4206577593841      1.4367206203233      1.4377634025688      2.3380325350447      2.338058589601       2.3548270355364      2.3548520239179      2.9700923034608      2.9707797537314      3.1057596082306      3.1069212064562
0.18292266958053     1.3888203285466      1.3897992186109      1.4184397831374      1.4206588521403      1.4365587387126      1.4376445182196      2.338112217761       2.3381381293162      2.3551167555332      2.3551415939841      2.9705463139657      2.9712419073071      3.1061419435804      3.1073175239832
0.18523814641067     1.3886754960606      1.3896937866368      1.4184489882924      1.4206570808452      1.4363959935663      1.4375259286259      2.3381942974782      2.3382200649626      2.3554086766666      2.3554333643284      2.9710059486461      2.9717096607066      3.1065291202948      3.1077186493874
0.1875536232408      1.3885289680966      1.389587544476       1.4184564679088      1.4206523986439      1.4362324405238      1.4374076939743      2.3382787721264      2.3383043944981      2.3557027947535      2.3557273307958      2.971471199493       2.9721830056889      3.1069211335676      3.1081245775175
0.18986910007093     1.3883807407161      1.389480498183       1.4184621728483      1.4206447602268      1.4360681363842      1.4372898737985      2.3383656395978      2.3383911158432      2.355999105586       2.3560234892064      2.9719420584158      2.9726619339341      3.1073179785377      3.1085353031703
0.19218457690107     1.3882308112709      1.3893726545025      1.4184660535099      1.4206341219713      1.4359031391014      1.4371725268351      2.3384548977471      2.3384802268808      2.3562976049314      2.3563218353557      2.972418517243       2.9731464370438      3.1077196502902      3.1089508210909
0.1945000537312      1.3880791782863      1.3892640207793      1.4184680597939      1.4206204420934      1.4357375077745      1.4370557108755      2.3385465443916      2.3385717254561      2.356598288533       2.3566223650152      2.9729005677226      2.9736365065423      3.1081261438559      3.1093711259734
0.19681553056133     1.3879258413623      1.3891546048831      1.4184681410665      1.420603680805       1.4355713026343      1.4369394826124      2.3386405773113      2.3386656093777      2.3569011521102      2.3569250739321      2.9733882015237      2.9741321338767      3.1085374542122      3.1097962124613
0.19913100739147     1.3877708010911      1.3890444151434      1.4184662461265      1.4205838004789      1.4354045850258      1.4368238974833      2.3387369942496      2.338761876417       2.3572061913587      2.3572299578301      2.9738814102363      2.9746333104182      3.1089535762834      3.1102260751475
0.2014464842216      1.3876140589868      1.3889334602945      1.4184623231751      1.4205607658196      1.4352374173854      1.4367090095105      2.3388357929127      2.3388605243085      2.3575134019508      2.3575370124095      2.9743801853726      2.9751400274628      3.1093745049405      3.1106607085747
0.20376196105173     1.3874556174278      1.3888217494275      1.4184563197877      1.4205345440393      1.4350698632137      1.4365948711403      2.3389369709707      2.3389615507505      2.3578227795359      2.3578462333476      2.9748845183675      2.9756522762316      3.1098002350023      3.111100107236
0.20607743788187     1.3872954796071      1.3887092919496      1.4184481828874      1.4205051050397      1.4349019870411      1.4364815330799      2.3390405260572      2.339064953405       2.3581343197407      2.358157616299       2.9753944005796      2.9761700478724      3.1102307612354      3.1115442655752
0.208392914712       1.3871336494912      1.3885960975481      1.4184378587228      1.4204724215958      1.4347338543887      1.4363690441362      2.3391464557698      2.3391707298978      2.3584480181698      2.3584711568957      2.9759098232918      2.9766933334593      3.110666078354       3.1119931779868
0.21070839154213     1.3869701317863      1.3884821761592      1.4184252928475      1.4204364695443      1.4345655317212      1.4362574510552      2.3392547576705      2.339278877819       2.3587638704051      2.3587868507475      2.976430777712       2.9772221239948      3.1111061810213      3.1124468388169
0.21302386837227     1.3868049319089      1.3883675379413      1.4184104301035      1.420397227973       1.4343970863932      1.4361467983646      2.3393654292855      2.339389394723       2.3590818720074      2.3591046934425      2.9769572549739      2.9777564104095      3.1115510638491      3.1129052423632
0.2153393452024      1.3866380559631      1.3882521932504      1.4183932146076      1.420354679411       1.4342285865874      1.4360371282206      2.3394784681056      2.3395022781288      2.3594020185156      2.3594246805472      2.977489246138       2.9782961835636      3.1120007213982      3.1133683828753
0.21765482203253     1.386469510721       1.3881361526193      1.4183735897415      1.4203088100185      1.4340601012444      1.4359284802605      2.3395938715868      2.3396175255204      2.3597243054477      2.3597468076069      2.9780267421921      2.978841434247       3.1124551481789      3.1138362545555
0.21997029886267     1.386299303607       1.3880194267386      1.4183514981456      1.4202596097757      1.4338916999843      1.4358208914618      2.3397116371499      2.3397351343467      2.3600487283008      2.3600710701457      2.9785697340521      2.9793921531809      3.1129143386515      3.1143088515586
0.2222857756928      1.3861274426853      1.3879020264404      1.4183268817167      1.4202070726678      1.4337234530182      1.4357143960106      2.3398317621814      2.3398551020221      2.3603752825514      2.3603974636674      2.9791182125629      2.9799483310179      3.1133782872265      3.1147861679927
0.22460125252293     1.3859539366504      1.3877839626829      1.4182996816108      1.4201511968675      1.4335554310504      1.4356090251788      2.3399542440332      2.3399774259264      2.360703963656       2.3607259836552      2.9796721684993      2.980509958343       3.1138469882647      3.1152681979193
0.22691672935307     1.3857787948196      1.3876652465372      1.4182698382501      1.4200919849104      1.4333877051709      1.4355048072126      2.3400790800232      2.3401021034052      2.3610347670509      2.3610566255725      2.9802315925663      2.9810770256747      3.1143204360779      3.115754935354
0.2292322061832      1.3856020271273      1.3875458891755      1.4182372913353      1.4200294438648      1.4332203467367      1.4354017672341      2.3402062674353      2.3402291317703      2.361367688153       2.3613893848625      2.9807964754005      2.9816495234651      3.1147986249294      3.1162463742664
0.23154768301333     1.3854236441219      1.3874259018593      1.4182019798649      1.4199635854922      1.4330534272434      1.435299927155       2.3403358035199      2.3403585082995      2.3617027223599      2.3617242569495      2.9813668075704      2.9822274421017      3.1152815490337      3.116742508581
0.23386315984347     1.3852436569629      1.3873052959302      1.4181638421602      1.419894426398       1.4328870181851      1.4351993056058      2.3404676854939      2.3404902302374      2.3620398650503      2.3620612372384      2.9819425795773      2.982810771907       3.1157692025577      3.117243332177
0.2361786366736      1.3850620774203      1.3871840828005      1.4181228158996      1.4198219881697      1.4327211909042      1.4350999178792      2.3406019105412      2.340624294795       2.3623791115839      2.3624003211151      2.9825237818566      2.9833995031402      3.1162615796203      3.1177488388892
0.23849411350373     1.3848789178747      1.3870622739445      1.4180788381621      1.4197462975002      1.43255601643        1.4350017758907      2.3407384758128      2.3407606991508      2.3627204573024      2.3627415039474      2.9831104047778      2.983993625998       3.1167586742935      3.1182590225082
0.24080959033387     1.3846941913181      1.3869398808913      1.4180318454828      1.4196673862939      1.4323915653073      1.4349048881543      2.3408773784268      2.34089944045        2.3630638975292      2.3630847810843      2.9837024386458      2.9845931306147      3.1172604806019      3.1187738767805
0.243125067164       1.3845079113555      1.3868169152168      1.4179817739232      1.4195852917515      1.4322279074143      1.4348092597758      2.3410186154695      2.3410405158057      2.3634094275701      2.3634301478573      2.9842998737016      2.9851980070635      3.1177669925241      3.1192933954094
0.24544054399413     1.3843200922074      1.3866933885378      1.4179285591598      1.4195000564298      1.432065111771       1.4347148924625      2.3411621839945      2.3411839222986      2.3637570427132      2.3637775995799      2.9849027001231      2.9858082453574      3.1182782039922      3.119817572055
0.24775602082427     1.384130748712       1.3865693125052      1.417872136594       1.4194117282713      1.4319032463394      1.4346217845502      2.341308081024       2.3413296569775      2.3641067382298      2.3641271315488      2.9855109080257      2.9864238354496      3.1187941088925      3.1203464003345
0.2500714976544      1.3839398963287      1.3864446987982      1.4178124414915      1.4193203605973      1.4317423778148      1.434529931046       2.3414563035485      2.3414777168593      2.3644585093741      2.3644787390429      2.9861244874636      2.9870447672348      3.1193147010661      3.1208798738232
0.25238697448453     1.3837475511407      1.3863195591186      1.4177494091554      1.419226012058       1.4315825714109      1.4344393236876      2.341606848527       2.3416280989295      2.3648123513838      2.3648324173249      2.98674342843        2.9876710305495      3.119839974309       3.1214179860541
0.25470245131467     1.3835537298588      1.3861939051856      1.4176829751412      1.4191287465301      1.4314238906394      1.4343499510178      2.3417597128876      2.3417808001425      2.3651682594805      2.365188161641       2.9873677208585      2.9883026151732      3.1203699223725      3.1219607305189
0.2570179281448      1.3833584498241      1.3860677487308      1.4176130755243      1.4190286329523      1.4312663970849      1.4342617984734      2.3419148935276      2.3419358174214      2.3655262288697      2.3655459672209      2.9879973546233      2.988939510829       3.1209045389635      3.1225081006677
0.25933340497493     1.3831617290116      1.3859411014927      1.4175396472283      1.4189257450888      1.4311101501788      1.4341748484879      2.3420723873138      2.3420931476591      2.3658862547412      2.3659058292787      2.9886323195405      2.9895817071845      3.1214438177452      3.1230600899106
0.26164888180507     1.3829635860325      1.3858139752128      1.4174626284254      1.4188201612084      1.4309552069715      1.4340890806063      2.3422321910827      2.3422527877175      2.3662483322696      2.366267743013       2.9892726053688      2.9902291938525      3.1219877523374      3.1236166916166
0.2639643586352      1.3827640401375      1.3856863816303      1.4173819590213      1.4187119636669      1.4308016219074      1.4340044716112      2.3423943016408      2.3424147344286      2.3666124566145      2.3666317036068      2.9899182018101      2.9908819603919      3.1225363363166      3.124177899115
0.26627983546533     1.3825631112183      1.3855583324784      1.4172975812314      1.4186012383834      1.4306494466026      1.4339209956588      2.342558715765       2.3425789845946      2.3669786229207      2.3669977062285      2.9905690985104      2.9915399963086      3.1230895632165      3.1247437056956
0.26859531229547     1.3823608198102      1.3854298394793      1.4172094402596      1.4184880742011      1.4304987296301      1.4338386244236      2.3427254302024      2.3427455349877      2.3673468263183      2.3673657460314      2.991225285061       2.9922032910561      3.1236474265288      3.125314104609
0.2709107891256      1.3821571870926      1.3853009143403      1.4171174850806      1.4183725621277      1.4303495163125      1.4337573272492      2.3428944416714      2.342914382351       2.3677170619238      2.3677358181547      2.9918867509985      2.9928718340365      3.1242099197029      3.1258890890666
0.27322626595573     1.3819522348899      1.3851715687497      1.4170216693256      1.4182547944567      1.4302018485264      1.433677071306       2.3430657468612      2.3430855233983      2.3680893248392      2.3681079177235      2.9925534858065      2.9935456146009      3.1247770361468      3.1264686522419
0.27554174278587     1.3817459856714      1.3850418143723      1.416921952259       1.4181348637787      1.4300557645195      1.4335978217521      2.3432393424323      2.3432589548146      2.3684636101533      2.3684820398487      2.9932254789157      2.9942246220509      3.1253487692273      3.12705278727
0.277857219616       1.3815384625506      1.3849116628459      1.41681829983        1.4180128619023      1.4299112987443      1.4335195418974      2.3434152250171      2.3434346732564      2.3688399129416      2.3688581796281      2.9939027197051      2.9949088456389      3.1259251122706      3.1276414872488
0.28017269644613     1.3813296892831      1.3847811257769      1.4167106857625      1.4178888787143      1.4297684817085      1.4334421933687      2.3435933912197      2.3436126753517      2.3692182282666      2.3692363321459      2.9945851975029      2.9955982745691      3.1265060585622      3.1282347452386
0.28248817327627     1.3811196902644      1.3846502147364      1.416599092646       1.4177630010207      1.4296273398467      1.4333657362756      2.3437738376165      2.3437929577006      2.369598551178       2.3696164924737      2.995272901587       2.9962928979979      3.127091601348       3.128832554263
0.2848036501064      1.3809084905262      1.3845189412565      1.4164835129713      1.4176353114217      1.429487895413       1.4332901293747      2.3439565607562      2.3439755168752      2.3699808767132      2.36999865567        2.9959658211858      2.9969927050355      3.1276817338341      3.1294349073093
0.28711912693653     1.3806961157318      1.3843873168259      1.4163639500524      1.4175058872796      1.4293501663973      1.4332153302313      2.3441415571606      2.3441603494204      2.3703651998973      2.3703828167812      2.9966639454792      2.9976976847459      3.1282764491874      3.1300417973286
0.28943460376667     1.3804825921706      1.3842553528863      1.4162404187721      1.417374799841       1.4292141664664      1.4331412953791      2.344328823324       2.3443474518535      2.3707515157439      2.3707689708415      2.9973672635997      2.9984078261484      3.128875740536       3.1306532172365
0.2917500805968      1.380267946751       1.3841230608283      1.4161129460932      1.4172421135729      1.4290799049307      1.4330679804745      2.3445183557143      2.3445368206652      2.3711398192547      2.3711571128733      2.9980757646323      2.9991231182175      3.1294796009698      3.1312691599132
0.29406555742693     1.3800522069926      1.3839904519877      1.4159815712884      1.4171078857581      1.4289473867366      1.4329953404464      2.344710150773       2.3447284523192      2.3715301054204      2.3715472378872      2.9987894376164      2.9998435498849      3.1300880235406      3.1318896182043
0.29638103425707     1.3798354010171      1.3838575376411      1.4158463458573      1.4169721663834      1.4288166124861      1.4329233296401      2.3449042049153      2.3449223432529      2.3719223692204      2.3719393408828      2.9995082715457      3.0005691100391      3.1307010012625      3.1325145849208
0.2986965110872      1.3796175575378      1.3837243290025      1.4157073331233      1.4168349983274      1.428687578482       1.4328519019559      2.3451005145307      2.3451184898777      2.3723166056236      2.3723334168486      3.0002322553695      3.0012997875269      3.1313185271127      3.1331440528399
0.30101198791733     1.3793987058478      1.3835908372189      1.4155646075237      1.416696417837       1.4285602767992      1.4327810109798      2.3452990759828      2.3453168885787      2.3727128095886      2.3727294607625      3.0009613779935      3.0020355711542      3.1319405940313      3.1337780147049
0.30332746474747     1.3791788758067      1.3834570733667      1.4154182536308      1.4165564552541      1.4284346953804      1.4327106101079      2.3454998856102      2.345517535716       2.3731109760636      2.3731274675917      3.0016956282804      3.0027764496865      3.1325671949223      3.134416463226
0.3056429415776      1.3789580978268      1.3833230484473      1.4152683649584      1.4164151359428      1.4283108181552      1.4326406526633      2.3457029397262      2.3457204276238      2.3735110999868      2.3735274322933      3.0024349950508      3.0035224118498      3.1331983226537      3.1350593910806
0.30795841840773     1.3787364028566      1.3831887733833      1.4151150426194      1.416272481349       1.4281886251815      1.4325710920051      2.3459082346195      2.3459255606115      2.3739131762874      2.3739293498147      3.0031794670838      3.0042734463313      3.1338339700575      3.1357067909138
0.31027389523787     1.3785138223645      1.3830542590146      1.4149583939064      1.4161285101265      1.4280680928058      1.4325018816309      2.3461157665543      2.3461329309639      2.3743171998845      2.3743332150934      3.0039290331182      3.0050295417806      3.1344741299312      3.1363586553384
0.312589372068       1.3782903883196      1.3829195160943      1.4147985308624      1.4159832392623      1.4279491938432      1.4324329752705      2.3463255317704      2.3463425349409      2.3747231656887      2.3747390230576      3.0046836818531      3.0057906868099      3.1351187950371      3.1370149769358
0.31490484889813     1.3780661331725      1.3827845552845      1.4146355689         1.415836685145       1.4278318977705      1.4323643269728      2.3465375264841      2.3465543687785      2.3751310686015      2.3751467686266      3.0054434019485      3.006556869995       3.1357679581031      3.137675748256
0.31722032572827     1.3778410898339      1.3826493871524      1.4144696255204      1.4156888645293      1.4277161709349      1.4322958911854      2.3467517468875      2.3467684286887      2.3755409035161      2.3755564467106      3.0062081820264      3.0073280798765      3.1364216118235      3.1383409618185
0.3195358025584      1.3776152916522      1.3825140221661      1.4143008191606      1.415539795367       1.4276019767712      1.4322276228259      2.3469681891496      2.3469847108597      2.3759526653172      2.3759680522113      3.0069780106713      3.0081043049598      3.1370797488589      3.139010610112
0.32185127938853     1.3773887723903      1.382378470691       1.4141292681934      1.4153894974864      1.4274892760288      1.432159477348       2.3471868494165      2.3472032114565      2.3763663488817      2.3763815800221      3.0077528764312      3.0088855337165      3.1377423618366      3.1396846855955
0.32416675621867     1.3771615662004      1.3822427429849      1.4139550900848      1.4152379931141      1.4273780270031      1.432091410799       2.347407723811       2.3474239266206      2.3767819490787      2.3767970250286      3.0085327678184      3.0096717545849      3.1384094433512      3.1403631806982
0.3264822330488      1.3769337075985      1.3821068491949      1.4137784007088      1.4150853072438      1.4272681857709      1.432023379872       2.347630808434       2.3476468524712      2.3771994607698      2.3772143821081      3.0093176733101      3.0104629559708      3.1390809859653      3.1410460878203
0.32879770987893     1.3767052314373      1.3819707993523      1.4135993138083      1.4149314678646      1.4271597064262      1.4319553419515      2.3478560993635      2.3478719851045      2.3776188788094      2.377633646131       3.0101075813492      3.0112591262485      3.1397569822091      3.1417333993329
0.33111318670907     1.376476172878       1.3818346033696      1.4134179405895      1.4147765060627      1.427052541315       1.4318872551534      2.3480835926559      2.3480993205947      2.3780401980449      2.3780548119598      3.0109024803454      3.012060253761       3.1404374245816      3.1424251075789
0.3334286635392      1.3762465673624      1.3816982710357      1.4132343894308      1.4146204560179      1.4269466412665      1.4318190783586      2.3483132843459      2.3483288549937      2.3784634133173      2.3784778744504      3.0117023586754      3.0128663268213      3.1411223055507      3.1431212048731
0.33574414036933     1.3760164505827      1.3815618120123      1.413048765691       1.414463354912       1.4268419558194      1.4317507712432      2.3485451704465      2.3485605843319      2.3788885194606      2.3789028284519      3.0125072046843      3.0136773337131      3.1418116175534      3.1438216835027
0.33805961719947     1.3757858584517      1.3814252358296      1.4128611715969      1.4143052427688      1.4267384334415      1.4316822943016      2.3487792469499      2.348794504618       2.3793155113031      2.3793296688068      3.0133170066858      3.0144932626911      3.1425053529965      3.1445265357277
0.3403750940296      1.3755548270724      1.3812885518827      1.4126717061965      1.4141461622427      1.4266360217411      1.4316136088671      2.3490155098271      2.34903061184        2.379744383667       2.3797583903513      3.0141317529635      3.0153141019825      3.143203504257       3.1452357537813
0.34269057085973     1.3753233927065      1.3811517694273      1.4124804653609      1.4139861583707      1.4265346676691      1.431544677127       2.3492539550287      2.3492689019643      2.3801751313687      2.3801889879156      3.0149514317711      3.0161398397869      3.1439060636822      3.1459493298703
0.34500604768987     1.3750915917437      1.3810148975762      1.4122875418256      1.4138252783012      1.4264343177111      1.4314754621346      2.3494945784851      2.3495093709372      2.3806077492192      2.3806214563244      3.0157760313337      3.0169704642778      3.1446130235906      3.1466672561755
0.34732152452        1.3748594606703      1.3808779452952      1.4120930252577      1.413663571011       1.4263349180682      1.4314059278173      2.3497373761063      2.3497520146844      2.3810422320244      2.3810557903964      3.0166055398481      3.0178059636027      3.1453243762718      3.1473895248519
0.34963700135013     1.3746270360379      1.3807409213992      1.4118970023431      1.4135010870175      1.4262364148265      1.4313360389817      2.3499823437827      2.3499968291116      2.3814785745853      2.3814919849455      3.0174399454838      3.0186463258844      3.1460401139872      3.1481161280296
0.35195247818027     1.3743943544328      1.3806038345491      1.4116995568851      1.4133378780955      1.4261387541153      1.4312657613153      2.3502294773854      2.3502438101045      2.3819167716978      2.3819300347802      3.0182792363838      3.0194915392213      3.1467602289703      3.1488470578134
0.3542679550104      1.3741614524452      1.3804666932474      1.4115007699097      1.4131739970008      1.4260418822519      1.4311950613863      2.350478772766       2.3504929535297      2.3823568181537      2.3823699347045      3.0191234006652      3.0203415916885      3.1474847134272      3.1495823062842
0.35658343184053     1.3739283666399      1.3803295058352      1.411300719774       1.4130094972082      1.4259457458756      1.4311239066407      2.3507302257573      2.3507442552339      2.3827987087404      2.3828116795176      3.01997242642        3.0211964713381      3.1482135595368      3.1503218654984
0.35889890867067     1.3736951335267      1.3801922804884      1.4110994822737      1.4128444326624      1.4258502920697      1.4310522653965      2.3509838321733      2.3509977110453      2.3832424382415      2.3832552640145      3.0208263017158      3.0220561662003      3.1489467594517      3.151065727489
0.3612143855008      1.3734617895324      1.3800550252145      1.4108971307483      1.4126788575478      1.4257554684704      1.4309801068376      2.3512395878097      2.3512533167733      2.3836880014364      2.3837006829863      3.0216850145965      3.022920664284       3.1496843052978      3.1518138842657
0.36352986233093     1.3732283709745      1.3799177478491      1.4106937361823      1.4125128260745      1.4256612233663      1.4309074010042      2.351497488444       2.3515110682086      2.3841353931013      2.3841479312197      3.0225485530831      3.0237899535774      3.1504261891754      3.1525663278154
0.36584533916107     1.3729949140354      1.3797804560529      1.4104893673012      1.412346392283       1.4255675057853      1.4308341187834      2.351757529836       2.351770961124       2.3845846080091      2.3845970034984      3.0234169051747      3.0246640220489      3.1511724031593      3.1533230501022
0.3681608159912      1.3727614547382      1.3796431573087      1.410284090662       1.4121796098677      1.425474265572       1.4307602318971      2.3520197077276      2.3520329912742      2.3850356409294      2.3850478946023      3.0242900588485      3.0255428576474      3.1519229392992      3.1540840430687
0.37047629282133     1.3725280289248      1.379505858918       1.4100779707376      1.4120125320167      1.425381453454       1.4306857128897      2.3522840178437      2.3522971543963      2.3854884866291      2.3855005993083      3.0251680020613      3.0264264483038      3.1526777896203      3.1548492986352
0.37279176965147     1.3722946722356      1.3793685679986      1.4098710699959      1.4118452112697      1.4252890211001      1.4306105351145      2.3525504558919      2.35256344621        2.3859431398724      2.3859551123904      3.0260507227496      3.0273147819307      3.1534369461234      3.155618808701
0.3751072464816      1.3720614200915      1.3792312914819      1.4096634489725      1.4116776993919      1.4251969211687      1.4305346727192      2.3528190175631      2.352831862418       2.3863995954212      2.3864114286197      3.026938208831       3.028207846424       3.1542004007854      3.1563925651444
0.37742272331173     1.3718283076776      1.37909403611        1.4094551663387      1.411510047262       1.4251051073483      1.4304581006311      2.3530896985316      2.3531023987061      2.3868578480351      2.3868695427649      3.027830448204       3.0291056296629      3.1549681455601      3.1571705598234
0.37973820014187     1.3715953699299      1.3789568084334      1.4092462789637      1.411342304776       1.4250135343903      1.4303807945412      2.3533624944557      2.3533750507434      2.3873178924716      2.3873294495925      3.0287274287494      3.030008119511       3.1557401723777      3.1579527845754
0.382053676972       1.3713626415248      1.3788196148089      1.4090368419726      1.4111745207626      1.4249221581345      1.4303027308885      2.3536374009774      2.3536498141829      2.3877797234868      2.3877911438669      3.029629138331       3.0309153038169      3.1565164731463      3.1587392312183
0.38436915380213     1.3711301568706      1.3786824613975      1.4088269087996      1.4110067429112      1.4248309355289      1.4302238868431      2.353914413723       2.3539266846614      2.3882433358349      2.3882546203506      3.0305355647958      3.0318271704147      3.1572970397512      3.1595298915508
0.38668463063227     1.3708979501024      1.3785453541618      1.4086165312378      1.4108390177109      1.4247398246425      1.4301442402903      2.3541935283035      2.3542056578001      2.388708724269       2.3887198738044      3.0314466959751      3.0327437071248      3.1580818640563      3.1603247573521
0.3890001074624      1.3706660550802      1.3784082988651      1.4084057594852      1.410671390399       1.4246487846738      1.4300637698132      2.3544747403146      2.3544867292044      2.389175883541       2.3891868989879      3.032362519685       3.0336649017548      3.1588709379037      3.1611238203833
0.39131558429253     1.3704345053893      1.3782713010693      1.4081946421873      1.4105039049189      1.424557775954       1.4299824546762      2.354758045337       2.3547698944645      2.3896448084018      2.3896556906594      3.0332830237272      3.0345907420996      3.1596642531147      3.1619270723869
0.39363106112267     1.3702033343455      1.3781343661331      1.4079832264774      1.4103366038856      1.424466759946       1.4299002748079      2.3550434389369      2.3550551491559      2.3901154936016      2.3901262435761      3.0342081958897      3.0355212159426      3.1604618014896      3.1627345050875
0.3959465379528      1.3699725750015      1.3779974992115      1.4077715580147      1.4101695285583      1.4243756992393      1.4298172107841      2.3553309166657      2.3553424888391      2.3905879338904      2.3905985524945      3.0351380239472      3.036456311056       3.1612635748086      3.1635461101927
0.39826201478293     1.3697422601595      1.377860705254       1.4075596810189      1.4100027188202      1.4242845575421      1.4297332438116      2.3556204740611      2.3556319090601      2.3910621240174      2.3910726121705      3.036072495662       3.0373960152017      3.162069564832       3.1643618793924
0.40057749161307     1.3695124223842      1.3777239890038      1.4073476383049      1.4098362131628      1.4241932996702      1.4296483557109      2.3559121066464      2.3559234053509      2.3915380587322      2.3915484173596      3.0370115987849      3.0383403161318      3.1628797633005      3.16518180436
0.4028929684432      1.3692830940225      1.3775873549972      1.4071354713142      1.4096700486759      1.4241018915327      1.4295625289002      2.3562058099316      2.3562169732292      2.3920157327841      2.3920259628172      3.0379553210551      3.0392892015893      3.1636941619356      3.1660058767526
0.40520844527333     1.3690543072246      1.3774508075631      1.406923220146       1.4095042610421      1.4240103001166      1.4294757463788      2.3565015794131      2.3565126081993      2.3924951409229      2.3925052432985      3.0389036502018      3.0402426593087      3.1645127524402      3.1668340882113
0.40752392210347     1.3688260939699      1.3773143508219      1.4067109235866      1.4093388845341      1.4239184934688      1.4293879917112      2.3567994105744      2.3568103057519      2.3929762778988      2.3929862535592      3.0398565739441      3.0412006770164      3.1653355264987      3.1676664303613
0.4098393989336      1.3685984860966      1.3771779886864      1.406498619138       1.4091739520171      1.423826440676       1.4292992490113      2.3570992988856      2.3571100613645      2.3934591384627      2.3934689883551      3.0408140799919      3.0421632424319      3.1661624757777      3.1685028948128
0.41215487576373     1.3683715153345      1.3770417248605      1.4062863430459      1.409009494952       1.4237341118449      1.4292095029272      2.3574012398047      2.3574118705017      2.3939437173664      2.3939534424428      3.0417761560467      3.043130343268       3.166993591926       3.1693434731613
0.41447035259387     1.3681452133423      1.3769055628403      1.4060741303262      1.4088455434031      1.4236414780796      1.4291187386252      2.3577052287769      2.3577157286154      2.3944300093628      2.3944396105796      3.0427427898022      3.0441019672313      3.1678288665753      3.1701881569872
0.416785829424       1.3679196117486      1.3767695059136      1.4058620147915      1.4086821260466      1.4235485114589      1.4290269417762      2.3580112612354      2.3580216311451      2.3949180092059      2.3949274875239      3.0437139689445      3.0450781020233      3.1686682913405      3.1710369378572
0.41910130625413     1.3676947421957      1.3766335571612      1.4056500290776      1.4085192701814      1.4234551850131      1.4289340985397      2.3583193326015      2.3583295735178      2.3954077116512      2.395417068035       3.0446896811534      3.0460587353403      3.16951185782        3.171889807324
0.42141678308427     1.3674706363889      1.3764977194569      1.405438204668       1.4083570017417      1.4233614726998      1.428840195551       2.3586294382848      2.358639551149       2.3958991114558      2.3959083468739      3.0456699141023      3.0470438548749      3.1703595575959      3.1727467569269
0.4237322599144      1.367247326148       1.3763619954683      1.4052265719197      1.4081953453105      1.4232673493802      1.428745219906       2.3589415736834      2.3589515594422      2.3963922033786      2.3964013188028      3.0466546554596      3.0480334483156      3.1712113822349      3.1736077781922
0.42604773674453     1.3670248434631      1.376226387658       1.4050151600877      1.408034324135       1.4231727907938      1.4286491591487      2.3592557341844      2.3592655937896      2.3968869821805      2.3968959785858      3.0476438928886      3.0490275033484      3.1720673232884      3.1744728626334
0.42836321357467     1.3668032205539      1.3760908982849      1.4048039973494      1.407873960142       1.4230777735348      1.4285520012575      2.3595719151638      2.359581649572       2.3973834426245      2.3973923209888      3.0486376140484      3.0500260076563      3.1729273722925      3.1753420017516
0.4306786904048      1.3665824899326      1.3759555294047      1.4045931108288      1.4077142739548      1.4229822750271      1.4284537346327      2.359890111987       2.3598997221593      2.3978815794758      2.3978903407798      3.0496358065947      3.0510289489211      3.173791520769       3.1762151870358
0.43299416723493     1.36636268447        1.3758202828722      1.4043825266208      1.4075552849108      1.4228862735003      1.4283543480835      2.3602103200089      2.3602198069109      2.3983813875023      2.3983900327291      3.0506384581801      3.0520363148229      3.1746597602254      3.1770924099637
0.43530964406507     1.3661438374646      1.3756851603422      1.4041722698145      1.4073970110793      1.4227897479655      1.4282538308167      2.3605325345741      2.3605418991753      2.3988828614744      2.3988913916094      3.0516455564546      3.0530480930411      3.1755320821553      3.1779736620012
0.4376251208952      1.3659259827156      1.3755501632714      1.4039623645174      1.4072394692802      1.4226926781915      1.428152172424       2.3608567510173      2.3608659942911      2.3993859961654      2.3993944121959      3.0526570890666      3.054064271255       3.1764084780389      3.1788589346036
0.43994059772533     1.3657091545971      1.3754152929203      1.4037528338778      1.407082675103       1.4225950446814      1.4280493628715      2.3611829646636      2.3611920875866      2.3998907863517      2.3998990892665      3.0536730436632      3.0550848371446      3.1772889393433      3.1797482192156
0.44225607455547     1.3654933881369      1.3752805503551      1.403543700109       1.4069266429259      1.4224968286498      1.427945392488       2.3615111708281      2.3615201743807      2.4003972268125      2.4004054176023      3.0546934078907      3.0561097783906      3.1781734575227      3.1806415072712
0.4445715513856      1.3652787190954      1.3751459364495      1.4033349845117      1.4067713859354      1.422398012          1.4278402519543      2.3618413648172      2.3618502499823      2.4009053123307      2.4009133919872      3.0557181693953      3.0571390826752      3.179062024019       3.1815387901951
0.44688702821573     1.3650651840482      1.3750114518872      1.4031267074966      1.4066169161467      1.4222985773018      1.427733932293       2.3621735419278      2.3621823096913      2.4014150376924      2.4014230072084      3.0567473158238      3.0581727376827      3.1799546302621      3.1824400594018
0.44920250504587     1.3648528204682      1.3748770971636      1.4029188886071      1.4064632444233      1.4221985077705      1.4276264248587      2.3625076974482      2.3625163487984      2.4019263976876      2.4019342580567      3.0577808348239      3.0592107311002      3.1808512676701      3.183345306297
0.451517981876       1.3646416668104      1.374742872589       1.4027115465416      1.4063103804974      1.4220977872454      1.4275177213273      2.362843826658       2.3628523625856      2.4024393871099      2.4024471393263      3.0588187140448      3.0602530506176      3.18175192765        3.1842545222773
0.45383345870613     1.3644317625955      1.3746087782901      1.4025046991753      1.4061583329905      1.4219964001692      1.4274078136877      2.3631819248285      2.363190346326       2.4029540007568      2.4029616458152      3.059860941138       3.0612996839289      3.1826566015976      3.1851676987308
0.45614893553627     1.364223148493       1.3744748142134      1.402298363582       1.4060071094345      1.4218943315689      1.4272966942316      2.3635219872228      2.3635302952845      2.40347023343        2.4034777723251      3.0609075037572      3.0623506187319      3.1835652808983      3.1860848270373
0.4584644123664      1.3640158664038      1.3743409801269      1.4020925560552      1.4058567162913      1.4217915670354      1.4271843555458      2.363864009096       2.3638722047179      2.4039880799355      2.4039955136621      3.06195838956        3.0634058427291      3.1844779569271      3.1870058985688
0.46077988919653     1.3638099595395      1.3742072756233      1.4018872921299      1.4057071589752      1.4216880927056      1.4270707905023      2.3642079856956      2.3642160698748      2.4045075350837      2.4045148646362      3.063013586207       3.0644653436285      3.1853946210491      3.1879309046896
0.46309536602667     1.3636054724979      1.3740737001228      1.4016825866026      1.405558441873       1.4215838952439      1.4269559922514      2.3645539122616      2.3645618859965      2.4050285936894      2.4050358200619      3.0640730813635      3.0655291091437      3.1863152646199      3.1888598367569
0.4654108428568      1.363402451334       1.3739402528752      1.4014784535521      1.4054105683655      1.4214789618244      1.4268399542127      2.3649017840267      2.3649096483163      2.4055512505721      2.4055583747579      3.0651368626993      3.0665971269944      3.1872398789858      3.189792686121
0.46772631968693     1.3632009436245      1.3738069329635      1.4012749063595      1.4052635408487      1.4213732801143      1.4267226700679      2.3652515962165      2.3652593520605      2.4060755005562      2.406082523548       3.0662049178897      3.0676693849072      3.1881684554844      3.1907294441253
0.47004179651707     1.3630009985233      1.3736737393063      1.4010719577279      1.4051173607554      1.4212668382575      1.4266041337533      2.3656033440498      2.3656109924484      2.4066013384712      2.4066082612603      3.0672772346155      3.0687458706158      3.1891009854445      3.1916701021074
0.4723572733472      1.3628026668076      1.3735406706606      1.4008696197019      1.4049720285765      1.4211596248578      1.4264843394524      2.365957022739       2.3659645646924      2.4071287591514      2.4071355827283      3.0683538005641      3.0698265718615      3.1900374601871      3.1926146513986
0.47467275017733     1.3626060009105      1.3734077256249      1.4006679036859      1.4048275438827      1.421051628965       1.4263632815891      2.3663126274895      2.3663200639981      2.4076577574367      2.4076644827901      3.0694346034296      3.0709114763939      3.1909778710249      3.1935630833248
0.47698822700747     1.36241105494        1.3732749026421      1.4004668204634      1.4046839053459      1.4209428400589      1.4262409548213      2.3666701535012      2.366677485565       2.4081883281721      2.4081949562893      3.0705196309131      3.0720005719714      3.1919222092635      3.1945153892064
0.4793037038376      1.3622178846796      1.3731422000024      1.4002663802146      1.4045411107616      1.4208332480356      1.4261173540338      2.3670295959675      2.3670368245862      2.4087204662084      2.4087269980749      3.071608870724       3.0730938463612      3.192870466201       3.195471560359
0.48161918066773     1.3620265475684      1.3730096158462      1.400066592534       1.4043991570698      1.4207228431938      1.4259924743326      2.3673909500762      2.3673980762487      2.4092541664016      2.4092606030009      3.0727023105794      3.0741912873402      3.1938226331288      3.1964315880935
0.48393465749787     1.3618371026591      1.3728771481673      1.3998674664478      1.4042580403775      1.4206116162214      1.4258663110385      2.3677542110096      2.367761235734       2.4097894236139      2.4097957659275      3.0737999382055      3.0752928826955      3.1947787013318      3.1973954637163
0.486250134328       1.3616496105474      1.3727447948154      1.3996690104305      1.4041177559807      1.4204995581827      1.4257388596819      2.3681193739445      2.3681262982179      2.4103262327132      2.4103324817203      3.0749017413377      3.0763986202243      3.1957386620888      3.1983631785297
0.48856561115813     1.3614641332738      1.3726125534996      1.3994712324215      1.403978298386       1.4203866605066      1.4256101159964      2.3684864340525      2.3684932588708      2.4108645885736      2.4108707452508      3.0760077077208      3.0775084877353      3.1967025066725      3.1993347238325
0.49088108798827     1.3612807341904      1.3724804217909      1.3992741398403      1.4038396613326      1.4202729149741      1.4254800759141      2.3688553865004      2.368862112858       2.4114044860752      2.4114105513966      3.07711782511        3.078622473048       3.1976702263502      3.20031009092
0.4931965648184      1.3610994777924      1.3723483971254      1.3990777396027      1.4037018378146      1.4201583137077      1.42534873556        2.3692262264501      2.3692328553398      2.4119459201043      2.4119518950413      3.0782320812709      3.0797405639942      3.1986418123841      3.2012892710841
0.49551204164853     1.3609204295103      1.3722164768073      1.398882038135       1.4035648201027      1.4200428491601      1.4252160912474      2.3695989490589      2.3696054814718      2.4124888855539      2.4124947710748      3.0793504639805      3.0808627484176      3.1996172560314      3.2022722556143
0.49782751847867     1.3607436554595      1.3720846580116      1.3986870413888      1.4034285997667      1.4199265141039      1.4250821394725      2.3699735494799      2.3699799864049      2.4130333773233      2.4130391743935      3.0804729610268      3.0819890141749      3.2005965485446      3.2032590357971
0.5001429953088      1.3605692221464      1.3719529377871      1.3984927548549      1.4032931676966      1.4198093016215      1.4249468769102      2.3703500228617      2.370356365286       2.4135793903185      2.4135850999         3.0815995602101      3.0831193491355      3.2015796811722      3.204249602917
0.50245847213893     1.3603971961283      1.3718213130594      1.3982991835768      1.4031585141256      1.4196912050956      1.4248103004098      2.3707283643494      2.3707346132574      2.414126919452       2.4141325425037      3.0827302493429      3.0842537411828      3.2025666451585      3.2052439482566
0.50477394896907     1.3602276436281      1.3716897806338      1.3981063321638      1.4030246286511      1.4195722181996      1.4246724069903      2.3711085690837      2.3711147254577      2.4146759596438      2.4146814971207      3.0838650162505      3.0853921782136      3.2035574317445      3.2062420630968
0.5070894257992      1.3600606301023      1.3715583371978      1.3979142048035      1.402891500257       1.4194523348894      1.4245331938361      2.3714906322021      2.3714966970216      2.4152265058202      2.415231958674       3.0850038487714      3.0865346481395      3.2045520321676      3.207243938717
0.50940490262933     1.359896219766       1.3714269793243      1.3977228052737      1.4027591173351      1.4193315493942      1.4243926582938      2.3718745488388      2.3718805230806      2.4157785529149      2.4157839220935      3.0861467347581      3.0876811388866      3.2055504376623      3.2082495663957
0.51172037945947     1.3597344750776      1.3712957034746      1.3975321369548      1.4026274677069      1.4192098562089      1.4242507978676      2.3722603141242      2.3722661987621      2.4163320958689      2.4163373823161      3.0872936620765      3.0888316383962      3.2065526394603      3.2092589374105
0.5140358562896      1.359575456187       1.3711645060004      1.3973422028402      1.4024965386452      1.4190872500857      1.4241076102162      2.3726479231864      2.3726537191908      2.4168871296302      2.4168923342859      3.0884446186076      3.089986134625       3.2075586287911      3.2102720430386
0.51635133311973     1.3594192203563      1.3710333831477      1.3971530055477      1.402366316895       1.4189637260272      1.4239630931488      2.3730373711499      2.3730430794886      2.4174436491544      2.4174487729543      3.0895995922468      3.0911446155459      3.208568396882       3.2112888745568
0.51866680994987     1.3592658213596      1.3709023310585      1.3969645473293      1.4022367886948      1.4188392792791      1.423817244622       2.3734286531372      2.3734342747739      2.4180016494047      2.4180066932803      3.090758570905       3.0923070691477      3.2095819349583      3.2123094232422
0.52098228678        1.359115308872       1.3707713457742      1.3967768300821      1.402107939798       1.418713905323       1.4236700627365      2.3738217642677      2.3738273001631      2.4185611253517      2.41856609023        3.0919215425089      3.0934734834362      3.2105992342443      3.213333680372
0.52329776361013     1.358967727861       1.370640423238       1.3965898553566      1.4019797554931      1.4185875998701      1.423521545734       2.3742166996588      2.3742221507697      2.4191220719739      2.4191269587774      3.0930884950008      3.094643846434       3.2116202859625      3.2143616372242
0.52561324044027     1.3588231179919      1.3705095592978      1.3964036243667      1.4018522206246      1.418460358855       1.4233716919939      2.3746134544259      2.3746188217052      2.4196844842575      2.4196892939041      3.0942594163399      3.0958181461814      3.212645081335       3.2153932850776
0.5279287172704      1.3586815130605      1.3703787497089      1.3962181379983      1.4017253196133      1.4183321784295      1.4232205000308      2.3750120236822      2.3750173080788      2.4202483571965      2.4202530905995      3.095434294502       3.096996370736       3.2136736115829      3.2164286152121
0.53024419410053     1.3585429404695      1.3702479901365      1.3960333968176      1.4015990364762      1.4182030549569      1.4230679684919      2.375412402539       2.375417604998       2.4208136857933      2.420818343861       3.09661311748        3.0981785081739      3.2147058679273      3.2174676189091
0.53255967093067     1.3584074207599      1.3701172761581      1.3958494010788      1.4014733548463      1.4180729850065      1.4229140961536      2.3758145861063      2.3758197075684      2.4213804650579      2.4213850486939      3.0977958732846      3.0993645465896      3.2157418415888      3.2185102874517
0.5348751477608      1.3582749672126      1.3699866032667      1.3956661507324      1.4013482579925      1.4179419653485      1.4227588819198      2.3762185694923      2.376223610894       2.421948690009       2.4219532001115      3.0989825499441      3.1005544740961      3.2167815237888      3.2195566121248
0.53719062459093     1.3581455855311      1.3698559668733      1.3954836454317      1.4012237288383      1.4178099929487      1.422602324819       2.3766243478044      2.3766293100776      2.4225183556731      2.4225227931356      3.1001731355054      3.1017482788262      3.2178249057488      3.2206065842158
0.53950610142107     1.3580192736157      1.3697253623091      1.3953018845404      1.4010997499812      1.4176770649638      1.4224444240023      2.3770319161483      2.3770368002205      2.4230894570855      2.4230938227959      3.1013676180339      3.1029459489316      3.2188719786914      3.2216601950144
0.5418215782512      1.3578960214359      1.3695947848284      1.3951208671392      1.4009763037107      1.4175431787373      1.4222851787407      2.3774412696293      2.3774460764232      2.4236619892895      2.4236662841307      3.1025659856138      3.1041474725838      3.2199227338399      3.222717435813
0.54413705508133     1.3577758110072      1.369464229611       1.3949405920314      1.400853372027       1.4174083317944      1.4221245884238      2.3778524033516      2.3778571337851      2.4242359473375      2.4242401721868      3.1037682263489      3.105352837975       3.2209771624194      3.2237782979071
0.54645253191147     1.3576586164703      1.3693336917652      1.3947610577499      1.4007309366589      1.4172725218383      1.4219626525569      2.3782653124188      2.3782699674051      2.42481132629        2.4248154820194      3.1049743283624      3.1065620333173      3.2220352556563      3.2248427725954
0.5487680087416      1.3575444042751      1.3692031663298      1.3945822625626      1.4006089790808      1.4171357467461      1.4217993707599      2.3786799919341      2.3786845723813      2.4253881212165      2.4253922086924      3.1061842797977      3.1077750468439      3.223097004779       3.2259108511799
0.55108348557173     1.3574331334613      1.3690726482769      1.3944042044773      1.4004874805306      1.4169980045653      1.4216347427649      2.3790964370006      2.3791009438116      2.4259663271954      2.4259703472785      3.1073980688184      3.1089918668089      3.2241624010181      3.2269825249668
0.55339896240187     1.357324756029       1.3689421325145      1.3942268812478      1.4003664220254      1.4168592935097      1.4214687684148      2.3795146427208      2.3795190767936      2.4265459393136      2.426549892859       3.1086156836087      3.1102124814879      3.2252314356066      3.228057785266
0.555714439232       1.3572192173885      1.368811613889       1.3940502903783      1.400245784379       1.4167196119566      1.4213014476615      2.3799346041977      2.3799389664248      2.4271269526673      2.4271308405243      3.1098371123738      3.1114368791781      3.2263040997803      3.2291366233915
0.55802991606213     1.3571164568787      1.3686810871878      1.3938744291286      1.4001255482171      1.416578958443       1.4211327805646      2.3803563165342      2.3803606078028      2.4277093623615      2.4277131853736      3.1110623433403      3.112665048199       3.2273803847778      3.2302190306621
0.56034539289227     1.3570164083378      1.3685505471417      1.3936992945179      1.4000056939928      1.4164373316632      1.4209627672898      2.3807797748336      2.3807839960255      2.4282931635105      2.4282969225152      3.1122913647561      3.1138969768919      3.228460281841       3.2313049984011
0.5626608697224      1.356919000714       1.3684199884275      1.3935248833299      1.3998862020024      1.4162947304651      1.4207914081073      2.3812049741997      2.3812091261911      2.4288783512377      2.4288820470666      3.1135241648912      3.115132653621       3.2295437822153      3.2323945179369
0.56497634655253     1.3568241587023      1.3682894056704      1.3933511921162      1.3997670523992      1.4161511538482      1.4206187033911      2.3816319097369      2.3816359933985      2.4294649206757      2.4294685541544      3.1147607320377      3.1163720667733      3.2306308771497      3.2334875806029
0.56729182338267     1.3567318033913      1.3681587934471      1.3931782172008      1.3996482252083      1.4160066009603      1.4204446536171      2.3820605765504      2.382064592747       2.4300528669665      2.4300564389145      3.1160010545103      3.1176152047589      3.2317215578975      3.2345841777382
0.5696073002128      1.3566418529093      1.3680281462876      1.3930059546835      1.3995297003402      1.4158610710959      1.4202692593626      2.3824909697463      2.3824949193372      2.4306421852614      2.4306456964922      3.1172451206461      3.1188620560113      3.2328158157158      3.2356843006872
0.57192277704293     1.356554223057       1.367897458678       1.3928344004435      1.3994114576044      1.4157145636929      1.4200925213049      2.3829230844319      2.3829269682703      2.4312328707214      2.431236322042       3.1184929188057      3.1201126089877      3.2339136418666      3.2367879408007
0.57423825387307     1.3564688279166      1.3677667250633      1.3926635501429      1.3992934767221      1.4155670783314      1.4199144402203      2.3833569157154      2.3833607346488      2.4318249185166      2.4318283107281      3.1197444373727      3.1213668521692      3.2350150276163      3.2378950894351
0.5765537307032      1.3563855804297      1.3676359398496      1.3924933992298      1.3991757373389      1.4154186147306      1.4197350169836      2.3837924587068      2.3837962135767      2.4324183238272      2.4324216577243      3.1209996647544      3.1226247740612      3.2361199642365      3.2390057379535
0.57886920753333     1.3563043929367      1.367505097407       1.3923239429417      1.3990582190365      1.4152691727479      1.4195542525668      2.3842297085173      2.3842334001591      2.4330130818428      2.4330163582137      3.122258589382       3.1238863631933      3.2372284430039      3.2401198777252
0.58118468436347     1.3562251776738      1.3673741920718      1.3921551763085      1.398940901345       1.4151187523766      1.4193721480387      2.3846686602598      2.3846722895029      2.4336091877626      2.4336124073895      3.1235211997108      3.1251516081202      3.2383404552007      3.2412375001267
0.5835001611936      1.3561478472233      1.3672432181492      1.3919870941548      1.3988237637533      1.4149673537441      1.4191887045639      2.385109309049       2.3851128767166      2.4342066367958      2.4342098004542      3.1247874842205      3.1264204974212      3.2394559921148      3.2423585965413
0.58581563802373     1.3560723149165      1.3671121699163      1.3918196911035      1.3987067857203      1.4148149771105      1.4190039234029      2.3855516500016      2.3855551569107      2.4348054241615      2.4348085326205      3.1260574314155      3.127693019701       3.2405750450401      3.2434831583595
0.58813111485387     1.3559984951886      1.3669810416237      1.391652961578       1.3985899466852      1.4146616228672      1.4188178059107      2.3859956782362      2.3859991251976      2.4354055450884      2.4354085991109      3.1273310298251      3.1289691635895      3.2416976052764      3.2446111769792
0.590446591684       1.3559263038861      1.3668498274993      1.3914868998049      1.3984732260772      1.4145072915357      1.4186303535368      2.3864413888738      2.3864447766918      2.4360069948155      2.4360099951576      3.1286082680037      3.1302489177426      3.2428236641302      3.2457426438062
0.59276206851413     1.3558556585286      1.3667185217498      1.3913214998164      1.398356603325       1.4143519837658      1.418441567825       2.3868887770374      2.3868921065102      2.4366097685917      2.4366127160031      3.1298891345309      3.1315322708416      3.2439532129144      3.2468775502537
0.59507754534426     1.3557864785275      1.3665871185642      1.3911567554528      1.3982400578658      1.4141957003352      1.4182514504127      2.3873378378527      2.3873411097721      2.4372138616759      2.4372167568997      3.1311736180124      3.1328192115945      3.2450862429489      3.2480158877434
0.5973930221744      1.3557186853637      1.3664556121158      1.3909926603651      1.3981235691541      1.4140384421479      1.4180600030309      2.3877885664481      2.3877917815992      2.4378192693371      2.4378221131098      3.1324617070794      3.1341097287353      3.2462227455605      3.249157647705
0.59970849900453     1.3556522027286      1.3663239965653      1.3908292080168      1.3980071166694      1.4138802102335      1.4178672275041      2.3882409579543      2.3882441171161      2.4384259868547      2.4384287799064      3.1337533903894      3.1354038110244      3.2473627120835      3.2503028215768
0.60202397583466     1.3555869566304      1.366192266063       1.3906663916863      1.3978906799244      1.4137210057464      1.4176731257499      2.388695007505       2.3886981114499      2.4390340095183      2.4390367525721      3.135048656626       3.1367014472494      3.2485061338595      3.2514514008057
0.6043394526648      1.3555228754709      1.366060414752       1.3905042044693      1.3977742384725      1.4135608299648      1.4174776997793      2.3891507102372      2.3891537597307      2.4396433326275      2.4396460264002      3.1363474944995      3.1380026262244      3.2496530022379      3.2526033768475
0.60665492949493     1.3554598900938      1.3659284367705      1.3903426392807      1.3976577719138      1.4133996842904      1.4172809516967      2.3896080612905      2.389611057092       2.4402539514926      2.4402565966942      3.1376498927471      3.1393073367911      3.2508033085761      3.253758741167
0.60897040632506     1.3553979338105      1.3657963262545      1.3901816888567      1.397541259903       1.4132375702475      1.4170828836996      2.3900670558081      2.3900699986701      2.440865861434       2.4408684587679      3.1389558401326      3.1406155678181      3.2519570442395      3.2549174852385
0.6112858831552      1.355336942404       1.3656640773409      1.3900213457567      1.3974246821546      1.4130744894828      1.4168834980794      2.3905276889361      2.3905305796047      2.4414790577828      2.4414816079457      3.1402653254473      3.1419273082021      3.2531142006021      3.2560796005453
0.61360135998533     1.3552768541161      1.3655316841699      1.3898616023658      1.3973080184491      1.4129104437646      1.4166827972215      2.3909899558244      2.3909927950389      2.4420935358804      2.4420960395623      3.1415783375097      3.1432425468671      3.2542747690462      3.2572450785808
0.61591683681546     1.3552176096185      1.3653991408879      1.3897024508959      1.3971912486383      1.4127454349829      1.4164807836052      2.3914538516264      2.3914566401194      2.4427092910787      2.4427117489628      3.1428948651662      3.1445612727653      3.2554387409631      3.258413910848
0.6182323136456      1.355159151972       1.3652664416503      1.3895438833885      1.3970743526505      1.4125794651488      1.4162774598045      2.3919193714991      2.3919221099966      2.4433263187404      2.4433287315033      3.1442148972905      3.1458834748769      3.256606107753       3.2595860888599
0.62054779047573     1.3551014265747      1.3651335806244      1.3893858917161      1.3969573104951      1.4124125363946      1.4160728284886      2.3923865106032      2.3923891998245      2.4439446142385      2.44394698255        3.1455384227846      3.1472091422105      3.2577768608251      3.2607616041398
0.62286326730586     1.3550443811025      1.3650005519921      1.3892284675841      1.396840102267       1.4122446509735      1.4158668924223      2.3928552641036      2.3928579047612      2.4445641729568      2.4445664974803      3.1468654305785      3.1485382638032      3.2589509915982      3.2619404482212
0.625178744136       1.3549879654421      1.364867349953       1.3890716025327      1.3967227081507      1.4120758112594      1.4156596544667      2.3933256271689      2.3933282199687      2.4451849902899      2.4451872716817      3.1481959096308      3.1498708287205      3.2601284915006      3.2631226126483
0.62749422096613     1.3549321316197      1.3647339687271      1.3889152879388      1.396605108424       1.4119060197476      1.4154511175797      2.3937975949722      2.3938001406131      2.445807061643       2.4458093005528      3.1495298489284      3.1512068260571      3.2613093519704      3.2643080889762
0.62980969779626     1.3548768337251      1.364600402558       1.3887595150179      1.3964872834612      1.4117352790542      1.4152412848171      2.3942711626904      2.3942736618649      2.4464303824321      2.446432579503       3.150867237487       3.1525462449364      3.2624935644556      3.2654968687707
0.6321251746264      1.3548220278338      1.3644666457159      1.3886042748253      1.3963692137364      1.4115635919163      1.4150301593334      2.3947463255051      2.3947487788986      2.447054948084       2.4470571039523      3.152208064351       3.153889074511       3.2636811204144      3.2666889436085
0.63444065145653     1.3547676719272      1.3643326925006      1.3884495582585      1.3962508798262      1.4113909611928      1.4148177443821      2.3952230786023      2.3952254868934      2.4476807540363      2.4476828693318      3.1535523185942      3.155235303963       3.2648720113152      3.2678843050779
0.63675612828666     1.3547137258121      1.3641985372445      1.3882953560585      1.3961322624121      1.4112173898642      1.4146040433178      2.3957014171723      2.3957037810332      2.4483077957376      2.4483098710832      3.1548999893192      3.1565849225037      3.2660662286371      3.2690829447786
0.6390716051168      1.3546601510396      1.3640641743159      1.3881416588118      1.3960133422829      1.411042881033       1.4143890595965      2.3961813364104      2.3961836565063      2.4489360686474      2.4489381046593      3.1562510656582      3.157937919374       3.2672637638699      3.2702848543214
0.64138708194693     1.3546069108251      1.3639295981225      1.3879884569518      1.3958941003363      1.4108674379242      1.4141727967769      2.3966628315166      2.3966651085058      2.449565568236       2.4495675655238      3.1576055367729      3.1592942838447      3.268464608514       3.2714900253296
0.64370255877706     1.354553969969       1.3637948031143      1.3878357407605      1.3957745175808      1.4106910638857      1.4139552585218      2.3971458976955      2.3971481322298      2.4501962899848      2.4501982491516      3.1589633918547      3.1606540052164      3.2696687540813      3.2726984494379
0.6460180356072      1.3545012947782      1.3636597837871      1.3876835003703      1.3956545751371      1.4105137623887      1.4137364485994      2.397630530157       2.3976327228812      2.4508282293863      2.4508301510283      3.1603246201247      3.1620170728199      3.2708761920946      3.2739101182933
0.64833351243733     1.3544488529906      1.363524534686       1.3875317257653      1.3955342542393      1.4103355370286      1.4135163708848      2.3981167241159      2.3981188756682      2.4514613819438      2.4514632666508      3.1616892108341      3.1633834760157      3.2720869140883      3.2751250235548
0.65064898926746     1.3543966136993      1.3633890504093      1.3873804067831      1.3954135362354      1.4101563915251      1.4132950293614      2.3986044747923      2.398606585804       2.4520957431718      2.4520975915269      3.1630571532642      3.1647532041951      3.2733009116083      3.276343156894
0.6529644660976      1.3543445472807      1.3632533256113      1.3872295331162      1.3952924025887      1.4099763297231      1.4130724281225      2.3990937774114      2.3990958485071      2.4527313085961      2.4527331211757      3.1644284367264      3.1661262467796      3.2745181762121      3.2775645099951
0.65527994292773     1.3542926253237      1.3631173550071      1.3870790943133      1.3951708348776      1.4097953555934      1.4128485713729      2.3995846272038      2.3995866590015      2.4533680737532      2.4533698511274      3.1658030505627      3.1675025932211      3.2757386994695      3.2787890745547
0.65759541975786     1.354240820562       1.3629811333755      1.3869290797814      1.3950488147962      1.4096134732334      1.4126234634313      2.4000770194056      2.4000790125164      2.4540060341911      2.4540077769232      3.1671809841455      3.1688822330025      3.2769624729622      3.2800168422826
0.659910896588       1.3541891068072      1.3628446555637      1.3867794787861      1.3949263241545      1.4094306868676      1.4123971087314      2.4005709492586      2.4005729042869      2.4546451854687      2.4546468941157      3.168562226878       3.1702651556372      3.2781894882841      3.2812478049014
0.66222637341813     1.3541374588856      1.3627079164912      1.3866302804539      1.394803344878       1.4092470008488      1.4121695118246      2.4010664120098      2.4010683295534      2.4552855231566      2.4552871982686      3.1699467681938      3.1716513506696      3.2794197370415      3.2824819541468
0.66454185024826     1.3540858525768      1.362570911154       1.3864814737733      1.3946798590075      1.4090624196584      1.4119406773815      2.4015634029125      2.4015652835623      2.455927042836       2.4559286849571      3.1713345975579      3.1730408076751      3.2806532108534      3.2837192817678
0.6668573270784      1.3540342645539      1.3624336346288      1.3863330475955      1.3945558486987      1.4088769479076      1.4117106101946      2.4020619172251      2.4020637615657      2.4565697400997      2.4565713497674      3.1727257044658      3.1744335162601      3.2818899013514      3.2849597795271
0.66917280390853     1.353982672327       1.3622960820784      1.3861849906363      1.3944312962216      1.4086905903381      1.4114793151806      2.4025619502126      2.4025637588218      2.4572136105519      2.457215188297       3.1741200784444      3.1758294660625      3.2831298001801      3.2862034392005
0.67148828073866     1.3539310541876      1.3621582487554      1.3860372914769      1.3943061839593      1.4085033518228      1.4112467973824      2.4030634971457      2.4030652705945      2.4578586498076      2.4578601961549      3.1755177090519      3.177228646751       3.2843728989972      3.2874502525781
0.6738037575688      1.3538793891564      1.3620201300081      1.3858899385647      1.3941804944079      1.408315237367       1.4110130619725      2.4035665533012      2.4035682921539      2.4585048534938      2.4585063689614      3.1769185858778      3.1786310480264      3.2856191894734      3.2887002114631
0.67611923439893     1.3538276569316      1.3618817212852      1.3857429202147      1.3940542101747      1.4081262521089      1.4107781142547      2.4040711139618      2.4040728187766      2.4591522172481      2.4591537023481      3.1783226985427      3.1800366596204      3.2868686632928      3.2899533076734
0.67843471122906     1.3537758378403      1.3617430181414      1.3855962246105      1.3939273139775      1.4079364013205      1.4105419596681      2.4045771744168      2.4045788457451      2.45980073672        2.459802191958       3.1797300366993      3.1814454712966      3.2881213121531      3.2912095330406
0.6807501880592      1.3537239127909      1.3616040162432      1.3854498398043      1.3937997886429      1.4077456904086      1.4103046037888      2.4050847299617      2.4050863683483      2.4604504075702      2.4604518334454      3.1811405900315      3.1828574728503      3.2893771277655      3.2924688794105
0.68306566488933     1.3536718632276      1.3614647113747      1.3853037537188      1.3936716171054      1.4075541249157      1.4100660523342      2.4055937758984      2.4055953818817      2.4611012254708      2.4611026224764      3.1825543482552      3.1842726541083      3.2906361018551      3.2937313386437
0.68538114171946     1.3536196710867      1.3613250994438      1.3851579541466      1.3935427824058      1.4073617105203      1.4098263111655      2.4061043075353      2.4061058816471      2.4617531861051      2.4617545547279      3.1839713011179      3.1856910049296      3.2918982261608      3.2949969026146
0.6876966185496      1.3535673187532      1.3611851764893      1.3850124287522      1.3934132676892      1.4071684530381      1.4095853862915      2.4066163201872      2.406617862953       2.4624062851682      2.4624076258889      3.1853914383993      3.1871125152051      3.2931634924357      3.296265563213
0.69001209537973     1.3535147890205      1.3610449386871      1.384867165071       1.393283056204       1.4069743584227      1.4093432838722      2.4071298091758      2.4071313211145      2.4630605183662      2.4630618316595      3.1868147499109      3.1885371748573      3.2944318924469      3.2975373123427
0.69232757220986     1.3534620650503      1.3609043823581      1.3847221505104      1.3931521313001      1.4067794327661      1.4091000102223      2.4076447698294      2.4076462514536      2.4637158814172      2.4637171677515      3.1882412254963      3.1899649738412      3.2957034179759      3.2988121419231
0.69464304904        1.3534091303334      1.3607635039759      1.3845773723502      1.3930204764267      1.4065836822991      1.4088555718154      2.4081611974829      2.408162649299       2.4643723700501      2.4643736298878      3.1896708550312      3.1913959021439      3.2969780608189      3.300090043888
