|k|[1/nm]            Band_1[m_0]          Band_2[m_0]          Band_3[m_0]          Band_4[m_0]          Band_5[m_0]          Band_6[m_0]          Band_7[m_0]          Band_8[m_0]          Band_9[m_0]          Band_10[m_0]         Band_11[m_0]         Band_12[m_0]         Band_13[m_0]         Band_14[m_0]        
0.0023154768301333   -0.078488870114061   -0.078876944893421   0.17970720691323     0.18330337284882     -0.16477016350307    -0.16554685535568    -0.027762091339751   -0.00875935937909    0.023702775223629    -0.027813242416601   0.069099778202761    0.06910386287826     0.083305257617123    0.0833131741271
0.0046309536602667   -0.078421566880155   -0.079197230060977   0.17689507003854     0.18398569662397     -0.16444857864283    -0.16600357562791    0.16807103181002     0.16827424200238     0.16828673969913     0.16848987194298     0.068675224111975    0.068683287815693    0.081253166769271    0.081268214763622
0.0069464304904      -0.078425328672061   -0.079587205017639   0.17617008395491     0.18689007386373     -0.16416222372514    -0.16649851396581    0.16794631078439     0.16811563813227     0.16846110976558     0.16863060047722     0.06867649448172     0.068688586117625    0.081252140381838    0.081274698563222
0.0092619073205333   -0.078509093822384   -0.080055237948185   0.17584351982806     0.19029574555213     -0.16391559436791    -0.16703774217372    0.16785556140911     0.16802068200087     0.1685780041143      0.16874336384476     0.068679077390333    0.068695197185843    0.081252201991192    0.08128227507519
0.011577384150667    -0.078673473211017   -0.080601298481016   0.17591077238        0.19423608655564     -0.1637082276457     -0.16762236823875    0.16777365643382     0.16793759946097     0.16868917391875     0.16885342453639     0.068682974364692    0.068703121455025    0.081253358204761    0.08129094118954
0.0138928609808      -0.078919179704122   -0.081225453370468   0.17637025491336     0.19875089759655     -0.1635397173565     -0.16825355354487    0.16769656266378     0.16785995040753     0.16880104331372     0.16896482199373     0.068688185052098    0.068712360516292    0.081255605355252    0.081300702524599
0.016208337810933    -0.079247037578044   -0.081927894108563   0.17722337554134     0.20388743072517     -0.16340972858117    -0.16893260641749    0.16762320952794     0.16778621272454     0.16891518060788     0.16907862296509     0.068694708480832    0.068722911851611    0.08125894426968     0.081311553450951
0.018523814641067    -0.079658824725544   -0.082709813118522   0.17827510026732     0.20943473373646     -0.16331837001968    -0.16966128293848    0.080457855943732    0.080489899117525    0.080844857971582    0.080876623273061    0.068624613205439    0.068656397696448    0.08087837257188     0.080936615727953
0.0208392914712      -0.080153640218987   -0.083569577988888   0.18011478241018     0.21623960636889     -0.16326459029729    -0.17044027944392    0.15321692796612     0.15335109780366     0.15466471252867     0.15479914305164     0.068705072916503    0.068741205089943    0.081235936598392    0.081303093034661
0.023154768301333    -0.080734311328442   -0.084509505791318   0.18220525633648     0.22364710220043     -0.16324894394282    -0.17127189369564    0.1674253713441      0.16758739069813     0.16932747088142     0.16949017282034     0.068722266055597    0.068762461219371    0.08127587759795     0.081350699931919
0.025470245131467    -0.081402028605478   -0.085530189860649   0.18470813144858     0.23194812465895     -0.16327123118542    -0.17215783740744    0.16736442407617     0.16752606395905     0.16945293747151     0.1696153217587      0.068734054614125    0.068778276132325    0.081283605207859    0.081365937679295
0.0277857219616      -0.082158501764035   -0.086632783610132   0.18765843774106     0.24128061520309     -0.1633314669865     -0.17310002012895    0.16730657128691     0.16746781181317     0.16958149507338     0.16974353184933     0.068747154766269    0.068795403595695    0.081292425799562    0.081382267474242
0.030101198791733    -0.083005806782093   -0.087818854592171   0.1910775801989      0.25178127933992     -0.16342973602522    -0.17410057585666    0.16725180335169     0.16741260211956     0.16971316707647     0.1698748311481      0.068761573149361    0.068813846661883    0.081302341083023    0.081399688619005
0.032416675621867    -0.083946420577936   -0.089090419917243   0.19499124612127     0.26361606895045     -0.1635661842741     -0.17516179558982    0.16720010033368     0.16736043748704     0.16984796935998     0.17000921347186     0.068777303264207    0.068833603613822    0.081313346640814    0.08141820305891
0.034732152452       -0.084983308098065   -0.090450043111435   0.19942999247442     0.2769882052943      -0.16374107485468    -0.17628618473185    0.16715147383268     0.16731131819107     0.16998589456254     0.1701467018519      0.068794350652556    0.068854676624279    0.081325447714291    0.081437808546714
0.037047629282133    -0.086120043861135   -0.0919009748776     0.20442981521429     0.2921487498884      -0.16395466788803    -0.17747640254287    0.1671059016925      0.16726521554161     0.17012695917773     0.17028729739035     0.068812712440271    0.068877062422988    0.08133863999454     0.081458507309272
0.039363106112267    -0.087360979541876   -0.093447335856564   0.21003300779117     0.30941122858786     -0.16420736951559    -0.17873538455293    0.16706338106411     0.16722214564042     0.17027117220354     0.17043100200185     0.06883238948468     0.068900765246158    0.081352927707433    0.081480298019135
0.0416785829424      -0.088711444366136   -0.095094325649331   0.21628907971717     0.32917205261657     -0.164499605648      -0.18006627044371    0.16702391783072     0.16718209516324     0.17041853365831     0.1705778267037      0.068853383683922    0.068925782675837    0.081368308500458    0.081503181265417
0.043994059772533    -0.09017803070963    -0.096848535907368   0.22325609480509     0.3519391447112      -0.16483192182105    -0.1814724762147     0.1669874982177      0.16714506449452     0.17056904265968     0.17072776149753     0.068875693158535    0.068952116478662    0.08138478271089     0.081527156856564
0.046309536602667    -0.091768946321959   -0.098718296717853   0.23100199048947     0.37837413135739     -0.16520490661193    -0.18295768990046    0.16695413040553     0.16711104420027     0.17072271578838     0.17088083986898     0.068899319540215    0.06897976487809     0.081402351692452    0.081552226442067
0.0486250134328      -0.093494524779708   -0.10071421793642    0.2396067419874      0.4093545298944      -0.16561924732508    -0.18452592125992    0.16692379572219     0.16708004078        0.170879546235       0.17103703048809     0.068924261750203    0.06900873135503     0.081421014913309    0.081578386956535
0.050940490262933    -0.095367882197957   -0.10284981804509    0.24916448998218     0.44606909934213     -0.16607572632957    -0.1861815142031     0.16689650503875     0.16705204466474     0.1710395474666      0.17119637130982     0.068950522247126    0.069039012156962    0.081440771458454    0.081605642475938
0.053255967093067    -0.097405840615868   -0.10514243231954    0.25978676249204     0.49016902618997     -0.16657519532162    -0.18792918852242    0.1668722443567      0.16702705295836     0.17120271546708     0.1713588400199      0.068978098252663    0.069070611428665    0.08146162564029     0.081633990093605
0.0555714439232      -0.099630215326032   -0.10761442566713    0.27160621211333     0.54401632154436     -0.1671186071858     -0.18977405430875    0.16685102205258     0.16700506672768     0.17136905851137     0.17152444582062     0.069006993940727    0.069103524969142    0.081483571155767    0.081663431081327
0.057886920753333    -0.10206963110482    -0.11029487611683    0.28478170037772     0.61111145387711     -0.16770702133029    -0.19172170973832    0.16683283581072     0.16698608787589     0.17153857549814     0.17169321582213     0.069037206363564    0.06913776016921     0.081506613739513    0.081693965803637
0.060202397583467    -0.10476213468703    -0.1132219178235     0.2995047162832      0.69687325605438     -0.168341592334      -0.19377820087363    0.16681766186765     0.166970095232       0.17171128120598     0.17186511732716     0.06906873674527     0.069173308912518    0.081530752750362    0.081725594694391
0.0625178744136      -0.1077590669234     -0.11644613652996    0.31600801712199     0.81016024671832     -0.16902358340172    -0.19595017210295    0.16680552846291     0.1669571139879      0.1718871769363      0.17204018134994     0.06910158798734     0.06921017839722     0.081555985599293    0.081758315793428
0.064833351243733    -0.11113084047171    -0.12003545278554    0.33457704121466     0.96651286114738     -0.16975437835759    -0.19824482582006    0.16679641068152     0.16694711825994     0.17206624039592     0.17221841105542     0.069135754596776    0.069248363865806    0.081582314818217    0.081792133673661
0.067148828073867    -0.11497592004469    -0.12408249454472    0.35556546352806     1.195918387535       -0.17053549441054    -0.20067009472637    0.1667903095003      0.16694011739718     0.17224852016514     0.17239978353874     0.069171245470281    0.069287870706832    0.08160974230613     0.081827042858911
0.069464304904       -0.11943511101945    -0.12871587269476    0.37941664629226     1.5646743182362      -0.17136855395678    -0.20323459973081    0.16678723813678     0.16693610658696     0.17243399530489     0.17258434919938     0.069208051911068    0.069328695013191    0.08163826462531     0.081863049576209
0.071779781734133    -0.12471521453177    -0.13411806004579    0.40669367656567     2.2542078442725      -0.17225534131398    -0.20594786622724    0.16678716771108     0.16693508630718     0.17262265457931     0.17277205779572     0.069246181325107    0.069370838058025    0.081667882385099    0.081900148736962
0.074095258564267    -0.13112996139878    -0.14055484401676    0.43812243151408     4.0026976175032      -0.17319780261375    -0.20882030939645    0.16679012857611     0.16693705257055     0.17281453486164     0.17296296624937     0.069285631082073    0.06941430402029     0.081698600248874    0.081938344013814
0.0764107353944      -0.13917477566725    -0.14842603152847    0.47465473855377     17.278013832319      -0.17419802310413    -0.21186343707083    0.16679608449247     0.16694199665129     0.17300962994524     0.17315703100662     0.069326400321926    0.069459085931585    0.081730414009783    0.081977632488434
0.078726212224533    -0.14967291570535    -0.1583576841241     0.51756339482166     -7.5668254333456     -0.17525827296417    -0.21508988731416    0.16680505464207     0.16694993649966     0.173207917647       0.17335430721945     0.0693684935416      0.069505192263712    0.081763325199048    0.082018019237102
0.081041689054667    -0.16408695453144    -0.17138187314537    0.56858960955305     -3.1230941110123     -0.17638101833213    -0.21851369919977    0.16681703866651     0.16696083691161     0.17340944878517     0.17355473691309     0.069411907292766    0.069552618218671    0.081797334816954    0.082059500117095
0.0833571658848      -0.18526393051811    -0.18931842808522    0.63017989941063     -1.9755389954836     -0.17756892860571    -0.22215038865972    0.16683201417535     0.16697474032456     0.17361417378664     0.17375838774057     0.069456645574401    0.069601366353078    0.081832445033635    0.082102076571793
0.085672642714933    -0.21952865169131    -0.21568540165524    0.70588366294049     -1.4490457138658     -0.17882488766424    -0.22601718971772    0.16685000051267     0.16699160043539     0.17382215307127     0.17396522266411     0.069502704568047    0.069651435691062    0.081868649977867    0.082145750891241
0.087988119545067    -0.28419790254167    -0.25824777587438    0.80105171252471     -1.1468741603647     -0.18015203835445    -0.23013329361865    0.1668709880929      0.16701144398817     0.17403334114162     0.17417525646466     0.069550089052804    0.06970282992558     0.081905957672028    0.082190519768968
0.0903035963752      -0.44930952745113    -0.33811973636851    0.92414745762611     -0.95087112125331    -0.18155376371313    -0.2345201340736     0.16689497097461     0.16703426604254     0.17424777532839     0.17438850611388     0.069598796871713    0.069755543509507    0.08194436154084     0.082236386929687
0.092619073205333    -1.6672195440855     -0.53982939873219    1.0893895253785      -0.81345869740328    -0.18303376456661    -0.23920171862776    0.16692195310165     0.16706004355522     0.17446544985394     0.17460494828256     0.069648830467138    0.069809584177444    0.081983868968345    0.082283349412779
0.094934550035467    0.69415009661282     -1.9630101731952     1.3226545588827      -0.71178735789522    -0.18459602851926    -0.24420494276606    0.16695191983759     0.16708880906204     0.17468635459704     0.17482462252097     0.069700187570354    0.069864947340486    0.082024473068685    0.082331411370811
0.0972500268656      0.25279017455789     0.88890440708314     1.6764909005341      -0.6335171837152     -0.18624492154588    -0.24956021746906    0.1669848935188      0.16712053470973     0.17491052052657     0.17504750781307     0.069752871944353    0.069921635773427    0.082066180054038    0.082380569327405
0.099565503695733    0.14445247063596     0.32213552534163     2.2764265546588      -0.57139967250818    -0.1879851404704     -0.25530180820245    0.16702084316431     0.16715522462469     0.17513792313212     0.17527361550015     0.069806882669442    0.069979649094781    0.082108988259752    0.082430826828709
0.10188098052587     0.098742775426466    0.18286468789341     3.5150198964495      -0.52089705943065    -0.18982186683918    -0.26146866801548    0.16705979387693     0.16719288498336     0.17536859362269     0.17550294627034     0.069862219008466    0.070038987904256    0.082152894530303    0.082482180597709
0.104196457356       0.076627731512886    0.12169623805708     7.5685396084076      -0.47902410665626    -0.19176068545823    -0.26810511274328    0.16710172450114     0.1672335041965      0.17560252865197     0.17573552747861     0.069918885183528    0.070099653746523    0.082197908597591    0.08253463435238
0.10651193418613     0.067186202169264    0.088811211326302    -56.127761435102     -0.44373617825984    -0.19380770951046    -0.27526188869038    0.16714663857009     0.16727709359169     0.17583971223757     0.17597132224519     0.069976878097948    0.070161646233671    0.082244017741133    0.082588187334849
0.10882741101627     0.067215478228396    0.069740573482976    -6.0478548049288     -0.41358644287213    -0.19596965225733    -0.28299720386956    0.16719454285408     0.16732363314818     0.17608017779751     0.17621038320377     0.070036200486717    0.070224966666753    0.082291235833506    0.082642839664825
0.1111428878464      0.077352294202906    0.058993661142823    -3.1753456822986     -0.38696879062815    -0.19823722190298    -0.2913542922357     4.0330691338625      4.1198739163488      -40.21278203764      -33.675193170629     0.070161191191906    0.070355832019943    0.0826533943041      0.083020285532418
0.11345836467653     0.10129370011887     0.054341648766432    -2.1821365517324     -0.36421829400108    -0.20064628159359    -0.30045109138999    -1.5100797023466     -1.4981602310968     -1.0714731423522     -1.0659078648377     0.070233211661589    0.070432247249511    0.082752168775596    0.083128123701466
0.11577384150667     0.14356378303153     0.055141403120802    -1.6846655376657     -0.34473381258554    -0.20321838622769    -0.31039943402107    0.16745288221468     0.16757765352708     0.17683483662676     0.17696040973211     0.070221765803407    0.070422640018726    0.082438254075483    0.082812563056805
0.1180893183368      0.20128370892886     0.061766435284211    -1.3663567382268     -0.32691670251774    -0.2059203205796     -0.32124084908766    0.16751425707231     0.16763759060256     0.17709029509024     0.17721436353281     0.070286403121839    0.070491268884508    0.082489854157961    0.082871585988517
0.12040479516693     0.26151847771724     0.075499792421652    -1.1520807954718     -0.31098259802045    -0.20878159934567    -0.33313026598406    0.16757860856614     0.16770047846167     0.17734907985919     0.17747158706458     0.070352367827896    0.070561224445825    0.082542558760107    0.082931706344173
0.12272027199707     0.32350414821849     0.098825461477866    -0.99797157819918    -0.2966431828712     -0.21181399903675    -0.3462180005929     0.16764594136823     0.16776631770282     0.17761116369584     0.17773210125167     0.070419670255895    0.07063251443582     0.082596371548949    0.082992933511242
0.1250357488272      0.41124624736354     0.13623699814027     -0.88177930933177    -0.28366629716307    -0.21503052628562    -0.36068421549425    0.16771625343488     0.16783513077899     0.17787656608332     0.17799590790297     0.070488304272915    0.070705135386297    0.082651288753497    0.083055259393439
0.12735122565733     0.57853099039952     0.19630515400055     -0.79101385019036    -0.27186288876458    -0.2184456326063     -0.37674684178703    0.16778952373613     0.16790688002009     0.17814528551724     0.17826300217624     0.070558270972581    0.07077908840248     0.082707309406825    0.083118687711195
0.12966670248747     1.0057132118011      0.29732682874796     -0.7181236279486     -0.26107753363088    -0.22207535086015    -0.39467192699809    0.16786578675269     0.16798159343765     0.17841733135704     0.17853340122235     0.070629574637783    0.070854374519319    0.082764441460287    0.083183220369516
0.1319821793176      3.6260550222095      0.48618331194736     -0.65827394294732    -0.2511813250819     -0.22593754681823    -0.41478773254412    0.16794500533744     0.16805926013761     0.17869270316855     0.17880710726611     0.070702214932346    0.07093099690451     0.082822678604947    0.083248855622237
0.13429765614773     -2.5688108285992     0.92907283692999     -0.60822626777624    -0.24206661404386    -0.23005223322182    -0.43750376077396    0.16802720697493     0.16813987353307     0.17897141667673     0.1790841187339      0.070776189165384    0.071008951950746    0.082882023340115    0.083315592628907
0.13661313297787     -1.0192974944497     2.9497963182622      -0.56572974977523    -0.23364271327089    -0.2344417583805     -0.46333767056248    0.16811236458952     0.16822343978871     0.17925345972729     0.17936445253664     0.070851502550344    0.071088244047523    0.082942477635614    0.083383438300974
0.138928609808       -0.66927573998857    -4.5739587133318     -0.52917146404277    -0.22583292505452    -0.23913132616068    -0.49295352361621    0.16820049849034     0.16830996661182     0.17953885673375     0.17964810467982     0.070928153572048    0.071168871227403    0.08300403941544     0.083452385479335
0.14124408663813     -0.51764952078635    -1.5544153795738     -0.49736555578699    -0.21857187419159    -0.24414933146668    -0.52721707426055    0.16829160014223     0.16839942722426     0.17982759719234     0.17993508268926     0.071006143491542    0.071250835995621    0.0830667112565      0.083522436383909
0.14355956346827     -0.43449535003048    -1.0319247532266     -0.46942055935098    -0.21180357403357    -0.24952786991103    -0.5672787090258     0.16838566332368     0.1684918516118      0.18011969154451     0.18022540455938     0.071085473244693    0.071334138953326    0.083130493392895    0.083593595324205
0.1458750402984      -0.382819798676      -0.81936798863878    -0.44465357988412    -0.20547992724298    -0.2553034673951     -0.61470044061679    0.16848269573646     0.16858721681737     0.18041515615311     0.18051904588819     0.071166142643242    0.071418779748615    0.083195385110918    0.083665859539426
0.14819051712853     -0.34811058793854    -0.70650337893102    -0.4225328569838     -0.19955935955139    -0.26151779677248    -0.67165879219526    0.16858268673873     0.16868553123575     0.18071396941467     0.1808160508435      0.071248153102779    0.071504758991952    0.08326138842598     0.083739230105497
0.15050599395867     -0.32352981313321    -0.63811557200583    -0.40263779742039    -0.19400583153562    -0.26821850043941    -0.74127822460889    0.16868564487579     0.16878680106757     0.18101616682683     0.18111638944862     0.071331508560755    0.071592081547115    0.083328503808684    0.083813707821139
0.1528214707888      -0.30544388112634    -0.5933795504847     -0.38463207122902    -0.18878802336243    -0.27546049613176    -0.8282112366357     0.16879156309178     0.16889100484998     0.18132173583654     0.18142009265417     0.071416201849975    0.07168073992148     0.083396729015376    0.083889291353788
0.15513694761893     -0.29174974880692    -0.56270189178139    -0.36824293917315    -0.18387856736683    -0.28330727950674    -0.93970106476393    0.1689004384127      0.16899816502635     0.18163068003298     0.18172715578235     0.071502243411579    0.071770745828927    0.083466070067028    0.083965984820706
0.15745242444907     -0.28114973297236    -0.54105441757665    -0.35324742781138    -0.17925359966595    -0.29183262292632    -1.0876767417262     0.16901228482419     0.1691082671199      0.18194301931393     0.18203758698406     0.071589627763429    0.071862090749244    0.083536522756941    0.084043786184417
0.1597679012792      -0.27280263151449    -0.52555180665995    -0.33946134227708    -0.17489215390975    -0.30112285216286    -1.2932718420427     0.16912707847216     0.16922131620533     0.1822587489237      0.18235138106337     0.071678357842457    0.07195477879364     0.08360808930979     0.084122695632298
0.16208337810933     -0.26614084940334    -0.51442295996254    -0.32673119998331    -0.1707758643064     -0.31127954833279    -1.5978217085434     0.16924483299997     0.16933731272267     0.1825778669939      0.1826685664674      0.071768433226134    0.072048812329921    0.08368076939313     0.084202714587013
0.16439885493947     -0.26076906371197    -0.50652288662271    -0.31492836043484    -0.16688857435883    -0.32242290448851    -2.0945774946295     0.16936555662034     0.16945625737562     0.1829003958252      0.18298913169097     0.071859856785081    0.072144189678528    0.083754565493383    0.084283844405094
0.1667143317696      -0.25640430948094    -0.50108070062465    -0.30394398587135    -0.16321608192403    -0.3346965751785     -3.0475216509338     0.16948922088112     0.16957813718825     0.18322633734837     0.18331307942881     0.071952629224056    0.072240915136325    0.08382947878337     0.084366084347342
0.16902980859973     -0.25283960647506    -0.49755943658732    -0.29368564033936    -0.15974589015649    -0.34827317146487    -5.6118273865829     0.16961585236571     0.16970296572356     0.18355567371361     0.18364043423162     0.072046748731758    0.072338984454515    0.083905504244208    0.084449433977556
0.17134528542987     -0.24992049029081    -0.49557534542195    -0.2840742299941     -0.15646702992368    -0.36336231943787    -35.939311650591     0.16974544004672     0.1698307460289      0.18388845366939     0.18397118807283     0.072142220216877    0.072438403889884    0.083982651414294    0.084533897878299
0.17366076226        -0.24752990851102    -0.4948474635499     -0.27504186327199    -0.15336983084949    -0.38022084490813    8.1476004178463      0.16987797235897     0.16996145994308     0.18422464067204     0.18430535145033     0.072239039484357    0.07253916935059     0.084060912109016    0.084619470390819
0.17597623909013     -0.24557778299886    -0.49516674622312    -0.26652979530283    -0.15044584954433    -0.39916698515547    3.6599319593632      0.17001347322705     0.17009512692744     0.18456426468484     0.18464291866037     0.072337214389433    0.072641285757555    0.084140291390869    0.084706157761893
0.17829171592027     -0.24399419495295    -0.49637493169289    -0.25848719845487    -0.14768766736043    -0.42059971737839    2.3619334089112      0.17015192297735     0.17023173307323     0.18490732193857     0.18498392559349     0.07243673796431     0.072744751114539    0.084220791470392    0.084793956787145
0.1806071927504      -0.24272399264528    -0.49835094676704    -0.25086976431817    -0.14508885580234    -0.44502615938968    1.7454959424906      0.17029331825324     0.17037129005511     0.18525382272476     0.18532833797873     0.072537618617618    0.072849570201784    0.084302409331291    0.084882871849937
0.18292266958053     -0.24172361687994    -0.50100129294733    -0.2436388322554     -0.14264383895198    -0.47310067133334    1.3860276423202      0.17043767937337     0.17051377455956     0.18560378101269     0.18567620115969     0.072639850376314    0.072955737671795    0.084385148070485    0.084972899606736
0.18523814641067     -0.24095816604676    -0.50425323493538    -0.23676045140411    -0.14034779944941    -0.5056828416422     1.1510025178211      0.17058498812529     0.17065922812569     0.18595716964287     0.1860274967347      0.07274344113789     0.073063260984379    0.084469004627791    0.085064041452082
0.1875536232408      -0.24039973229405    -0.50804994689901    -0.2302048646367     -0.13819669694926    -0.54392342719141    0.98567707418937     0.17073525019855     0.17080760480356     0.1863140417804      0.18638223244961     0.072848384984476    0.073172135996068    0.084553986134349    0.085156299458712
0.18986910007093     -0.2400256964844     -0.51234715875878    -0.22394574844866    -0.13618709794517    -0.58940100470876    0.86333172719452     0.17088846361676     0.17095893759656     0.18667436875382     0.18674042848671     0.072954687491378    0.073282367498824    0.084640086515189    0.085249674182841
0.19218457690107     -0.23981793409523    -0.5171104435099     -0.21795996735146    -0.13431623470539    -0.64433888855856    0.7693716255242      0.171044626741       0.17111321327659     0.18703815781903     0.18710207408235     0.073062350652981    0.073393953207105    0.084727312663816    0.0853441651664
0.1945000537312      -0.23976161383134    -0.52231312369866    -0.21222692832238    -0.13258190535612    -0.71197244282133    0.69515350298588     0.17120375063331     0.17127042977715     0.18740544328286     0.18746719248412     0.073171369303739    0.073506897164835    0.084815659492358    0.085439773022371
0.19681553056133     -0.23984496393366    -0.52793531936148    -0.20672840758354    -0.13098247466711    -0.79719898597004    0.6352320233294      0.17136581981101     0.17143059449884     0.1877761945384      0.18783577985557     0.073281749866778    0.07362119702404     0.0849051296282      0.085536498035145
0.19913100739147     -0.24005838059971    -0.5339619659698     -0.20144822064268    -0.12951683771086    -0.90780093692056    0.58600808292201     0.17153083686531     0.17159371204318     0.18815044519107     0.18820784463741     0.073393492489287    0.073736855783617    0.084995727560189    0.085634342271063
0.2014464842216      -0.24039433148006    -0.54038300427468    -0.19637194346172    -0.12818442941396    -1.0569367786896     0.54500785083133     0.1716988148404      0.17175975923204     0.18852819059221     0.18858339192637     0.073506596140325    0.073853875151233    0.085087447992199    0.085733306087501
0.20376196105173     -0.2408468353655     -0.54719161284042    -0.19148666383735    -0.12698520663301    -1.2687522434437     0.5104763892608      0.17186974147073     0.17192876542066     0.18890943350782     0.18896243043892     0.073621063653557    0.073972252127141    0.085180294462749    0.085833386745675
0.20607743788187     -0.24141136585555    -0.55438485945054    -0.18678093669313    -0.12591964739284    -1.5928712913356     0.48113441114152     0.17204361515058     0.17210071635777     0.18929417903364     0.18934496368376     0.073736895919964    0.074091994772473    0.085274270102325    0.08593459167939
0.208392914712       -0.2420845618905     -0.56196206330276    -0.18224442301278    -0.12498878139543    -2.1500358789197     0.45602888944125     0.17222044478122     0.17227561007808     0.18968245928766     0.18973101232226     0.073854092367648    0.074213095904049    0.085369369336847    0.086036913705758
0.21070839154213     -0.24286407896766    -0.56992562367499    -0.17786792594268    -0.12419419668686    -3.3306489854663     0.43443583734199     0.17240022218532     0.17245345902269     0.19007423644077     0.19012055686507     0.073972655590872    0.074335562025353    0.08546559807263     0.086140359520503
0.21302386837227     -0.24374858295005    -0.57828011767617    -0.17364316549694    -0.12353807435833    -7.4991915241162     0.41579632592516     0.17258296026127     0.17263425014737     0.19046954611602     0.19051363232684     0.074092586377003    0.074459391839606    0.085562956948965    0.086244926637813
0.2153393452024      -0.24473741792954    -0.5870321334255     -0.1695626788278     -0.1230232278072     28.247502505696      0.39967297994819     0.17276864122171     0.17281799295543     0.19086839582659     0.19091022039326     0.074213885300814    0.07458458763407     0.085661445063172    0.086350615554065
0.21765482203253     -0.24583076954656    -0.59619045987436    -0.1656197864705     -0.1226531422651     4.8587693430227      0.38571954182948     0.17295727927936     0.1730046855751      0.1912707859859      0.19131035358118     0.074336554883901    0.074711150080608    0.08576106039442     0.086457429924523
0.21997029886267     -0.24702949824882    -0.60576607628924    -0.1618084373871     -0.12243206772439    2.6477982798595      0.37365911908553     0.17314886734756     0.17319432369477     0.19167670379034     0.19171400586491     0.074460591256891    0.074839076979485    0.085861810083833    0.086565366229078
0.2222857756928      -0.24833506074768    -0.6157714688574     -0.15812320074609    -0.12236505077868    1.8157435497333      0.36326896032901     0.17334341266741     0.17338692249483     0.19208619998938     0.19212122970241     0.074586002629491    0.074968374885271    0.085963688414549    0.08667442804884
0.22460125252293     -0.24974953132646    -0.62622115827769    -0.15455916598986    -0.1224580545283     1.379788645099       0.3543684824934      0.17354090465022     0.17358246556826     0.19249923346412     0.19253197737929     0.074712786183821    0.075099041769312    0.08606670271093     0.086784615115396
0.22691672935307     -0.2512755806551     -0.63713195173755    -0.15111193486326    -0.12271805541172    1.1118368921823      0.34681117440079     0.17374136234959     0.1737809624049      0.19291584255687     0.1929463113582      0.074840941129821    0.075231078695044    0.086170845763643    0.086895928862048
0.2292322061832      -0.2529164545269     -0.64852195119218    -0.14777755349087    -0.12315315275728    0.93073882899696     0.34047791528357     0.17394475543552     0.17398241571029     0.1933360234668      0.19336418997709     0.074970473176238    0.075364484353742    0.086276125020221    0.087008366861803
0.23154768301333     -0.25467590470354    -0.66041190528777    -0.144552516086      -0.12377271588716    0.80037468992899     0.33527228383682     0.17415112354905     0.17418682264698     0.19375977140968     0.19378565296402     0.075101379660447    0.075499267347093    0.086382539292836    0.087121934545016
0.23386315984347     -0.25655832765464    -0.67282409888918    -0.14143374312451    -0.12458754364177    0.7022260658043      0.33111667594993     0.17436043443114     0.17439418421649     0.19418712505289     0.19421069930191     0.07523366252625     0.075635419639473    0.086490087624623    0.087236630208898
0.2361786366736      -0.25856866969956    -0.68578360174038    -0.13841858769084    -0.12561004421568    0.62581965130729     0.32794959126577     0.17457270128845     0.17460450030032     0.19461805368747     0.19463932533675     0.075367322731599    0.075772945952823    0.08659877068857     0.087352452167023
0.23849411350373     -0.26071244431824    -0.69931729213485    -0.13550486372261    -0.12685440275261    0.56478664682887     0.32572340702481     0.17478793880448     0.17481778056804     0.19505258965687     0.19507155001643     0.075502364420958    0.075911850676536    0.086708594293131    0.087469405306364
0.24080959033387     -0.26299581664303    -0.71345459631787    -0.13269086202765    -0.12833683150433    0.51503281607236     0.32440283999565     0.17500610972682     0.17503401445898     0.1954907329866      0.19550738507216     0.075638783186288    0.076052128532733    0.086819551760532    0.087587488127601
0.243125067164       -0.26542561833774    -0.72822824223622    -0.12997542850993    -0.13007576905389    0.47380614923262     0.32396363035559     0.17522726018139     0.17525320090373     0.19593248389671     0.19594682361291     0.075776583845077    0.076193785727577    0.086931647847241    0.08770669909263
0.24544054399413     -0.26800931344973    -0.74367258624048    -0.12735799263126    -0.13209208406671    0.43918960598868     0.32439174947057     0.17545135937701     0.17547536952843     0.19637785056889     0.1963898732102      0.075915767830086    0.076336821651826    0.087044886177711    0.08782704699001
0.24775602082427     -0.27075522449667    -0.75982659619652    -0.12483871593556    -0.1344093443014     0.40980679685938     0.32568289380146     0.17567842129899     0.17570047456395     0.19682685743868     0.19683656117909     0.07605633292062     0.0764812341899      0.08715925998501     0.087948521384023
0.2500714976544      -0.27367229431576    -0.77673113152907    -0.12241854158638    -0.13705392063505    0.38464486611956     0.32784226137411     0.17590843899091     0.175928567309       0.19727948774632     0.19728687699101     0.076198283336961    0.07662703026192     0.087274776492313    0.088071131143753
0.25238697448453     -0.27677050684139    -0.79443184259935    -0.12009933527391    -0.14005514435364    0.36294202053212     0.33088447649224     0.17614142706879     0.17615960770739     0.19773575970461     0.19774082884863     0.076341618451693    0.076774205929934    0.087391434595392    0.088194871732052
0.25470245131467     -0.28006066995978    -0.81297804720811    -0.11788404793259    -0.14344526601646    0.34411505292175     0.33483383627815     0.1763773702043      0.17639362312666     0.19819568590764     0.19819843281728     0.07648634116505     0.076922765461596    0.087509234087085    0.088319751620381
0.2570179281448      -0.2835546560791     -0.83242308189909    -0.11577682477737    -0.14725926983521    0.3277101051073      0.33972495345296     0.17661628171093     0.17663059570322     0.1986592639959      0.19865969256463     0.076632450126107    0.07707270661181     0.087628176822916    0.088445758946863
0.25933340497493     -0.28726542159053    -0.85282581034061    -0.11378317820067    -0.15153438639177    0.31336936591394     0.34560354968304     0.1768581503822      0.1768705520862      0.19912650713127     0.1991246142943      0.076779947605072    0.077224033565403    0.087748261403798    0.088572908736355
0.26164888180507     -0.29120722913778    -0.87425005449624    -0.11191013111975    -0.15630919402998    0.30080723835847     0.35252740561375     0.1771029958921      0.17711347449377     0.19959740814607     0.1995932104719      0.076928836129686    0.077376746691765    0.087869492074056    0.088701190429656
0.2639643586352      -0.2953956282908     -0.8967662766786     -0.11016633687702    -0.16162222329792    0.28979361845021     0.36056827862218     0.1773507982805      0.1773593595989      0.20007200842663     0.20006547679207     0.077079113977657    0.077530844940689    0.087991869376371    0.088830609433234
0.26627983546533     -0.29984776706104    -0.92045028212007    -0.10856219068034    -0.16750973078997    0.28014142015892     0.36981346282358     0.17760157346913     0.17760822495877     0.20055027362004     0.20054144399889     0.077230782853925    0.077686331993565    0.08811538800958     0.088961166226606
0.26859531229547     -0.30458240313465    -0.94538662580028    -0.10710988272698    -0.17400265087395    0.27169748965182     0.38036885643174     0.17785532140219     0.1778600711412      0.20103224017602     0.20102109610983     0.077383846775136    0.077843206117908    0.08824005729057     0.089092863480381
0.2709107891256      -0.30962022893773    -0.97166752499332    -0.10582339352855    -0.18112240126724    0.26433578152504     0.39236170406779     0.17811203388016     0.17811489123613     0.20151791436669     0.20150445190172     0.077538303307974    0.078001473008818    0.088365872286464    0.089225696669159
0.27322626595573     -0.31498404423386    -0.9993947162347     -0.10471844732004    -0.18887561691151    0.25795215947684     0.40594559228787     0.17837172235166     0.17837268209198     0.20200727963653     0.20199152460361     0.077694155350837    0.078161128404454    0.088492837933941    0.089359672090726
0.27554174278587     -0.32069904750583    -1.0286800362287     -0.1038123596944     -0.19724778019812    0.25246031830709     0.42130517247541     0.17863438506445     0.17863346093863     0.20250037295823     0.20248230872653     0.077851403315635    0.078322174398072    0.088620949189869    0.089494784830475
0.277857219616       -0.32679308471441    -1.0596476408557     -0.10312381548533    -0.20619637254138    0.24778886595368     0.43866402274422     0.17890001536078     0.1788972243242      0.2029971838936      0.20297683017783     0.078010047943388    0.078484615480178    0.088750212491214    0.089631040950485
0.28017269644613     -0.3332970508125     -1.0924343162174     -0.10267259217424    -0.21564426628972    0.24387871422417     0.45829370726106     0.1791686363152      0.17916397142416     0.20349773060871     0.20347507410987     0.078170091860315    0.078648450427835    0.088880625335345    0.089768438924897
0.28248817327627     -0.34024538576897    -1.1271931958505     -0.1024791941374     -0.22547494135063    0.24068133785262     0.48052579776542     0.17944022680887     0.17943369470158     0.20400200169405     0.20397707926282     0.078331534362934    0.078813678270568    0.089012189733704    0.089906977663237
0.2848036501064      -0.3476763819542     -1.1640929786773     -0.10256445664113    -0.23553134913854    0.23815727844194     0.50576967251245     0.17971479179899     0.17970642037446     0.20451004219483     0.20448282046151     0.078494378883425    0.078980303760577    0.089144908384984    0.090046662556609
0.28711912693653     -0.35563288390227    -1.2033240465183     -0.10294910826363    -0.24562024877589    0.23627484671126     0.53453348162019     0.17999235250602     0.17998212759298     0.20502181704789     0.20499232894761     0.078658621005684    0.079148324585657    0.089278776553142    0.090187487448431
0.28943460376667     -0.36416297166948    -1.2450968924573     -0.10365337860126    -0.25552395601728    0.23500944626222     0.56745700484418     0.18027288967844     0.18026083117114     0.20553737184148     0.20550560536082     0.078824270799204    0.079317745690808    0.089413802329957    0.090329461464752
0.2917500805968      -0.37332064043227    -1.2896518508747     -0.10469658773578    -0.26501908677759    0.23434264207666     0.6053542073249      0.18055640412601     0.18054252693875     0.20605667808227     0.20602266336477     0.078991321182114    0.079488562877444    0.089549979767007    0.090472577780011
0.29406555742693     -0.38316709110941    -1.3372546783382     -0.1060968385072     -0.27390066838261    0.23426174962108     0.64927695233674     0.18084291759188     0.18082721723779     0.20657977773759     0.20654350268641     0.079159776688502    0.079660782319752    0.089687313320502    0.090616841294642
0.29638103425707     -0.39377133283226    -1.3882105248863     -0.10787076687721    -0.28200770899642    0.234759437323       0.70060672007009     0.18113241581335     0.18111491302337     0.20710666554571     0.20706814312347     0.079329638478207    0.079834401886171    0.089825803972712    0.090762250872325
0.2986965110872      -0.40521216196098    -1.4428626004979     -0.11003341364245    -0.2892447521142     0.23583342214224     0.7611945348879      0.18142489970735     0.18140560405284     0.20763733193447     0.20759657800784     0.079500906739321    0.080009423644818    0.089965451003813    0.090908809623215
0.30101198791733     -0.41757946295469    -1.5016035478919     -0.11259819363096    -0.29559476735601    0.23748638631213     0.83357636923117     0.18172039139625     0.18169930046241     0.20817182260654     0.20812882938328     0.079673582718905    0.080185846249459    0.090106255057867    0.091056515269941
0.30332746474747     -0.43097639139454    -1.5648815406376     -0.115577018165      -0.30112088624246    0.23972585267164     0.92132204686359     0.18201886597426     0.18199600316635     0.20871012204486     0.20866490427949     0.079847667907171    0.080363676496133    0.090248219139934    0.091205369962862
0.3056429415776      -0.44552193078383    -1.6332126998414     -0.11898047179127    -0.30595717190789    0.2425643127216      1.0296198661792      0.18232032953986     0.18229571617104     0.20925221599674     0.20920481155746     0.080023165695137    0.080542910101406    0.090391342910828    0.091355375738931
0.30795841840773     -0.4613542328751     -1.7071931299824     -0.12281820491513    -0.31029195088912    0.24601934402149     1.1663090056846      0.1826248163291      0.18259843447572     0.20979817541251     0.20974854491612     0.080200068959285    0.08072354799541     0.090535625266614    0.09150652996415
0.31027389523787     -0.47863384955777    -1.7875142717878     -0.12709931082903    -0.31434763200069    0.25011389035106     1.3438178240911      0.18293228839445     0.18290417297987     0.21034795293873     0.2102961445228      0.080378389178991    0.080905595133013    0.090681069371414    0.091658836766818
0.312589372068       -0.4975498269321     -1.8749830590255     -0.13183286355288    -0.31836217387281    0.25487667322588     1.5831007723458      0.18324276131777     0.18321291988273     0.21090157723407     0.21084757986095     0.080558120959765    0.081089050049287    0.090827676522516    0.091812297274595
0.31490484889813     -0.51832488758445    -1.9705522430248     -0.13702854897339    -0.32257386448122    0.26034261721776     1.9224453975347      0.18355625040566     0.18352468763641     0.21145905613295     0.21140290255682     0.080739266677708    0.081273911645091    0.090975443146193    0.091966904714009
0.31722032572827     -0.54122411728348    -2.0753396500411     -0.14269720490628    -0.32721187053621    0.26655363561102     2.4400895520308      0.18387274936213     0.18383948271172     0.21202041712062     0.21196208005157     0.080921828364368    0.081460186179768    0.091124376292381    0.092122671596285
0.3195358025584      -0.56656565869291    -2.1906896060115     -0.14885162242228    -0.33249223341351    0.2735592978337      3.3246585834742      0.18419224820962     0.18415728758256     0.21258562131305     0.21252516482098     0.0811058053566      0.081647869175703    0.091274471753131    0.092279590209816
0.32185127938853     -0.59473380531207    -2.3182049518002     -0.15550715173055    -0.33861752437754    0.2814180387406      5.176043661123       0.18451477040399     0.18447813905486     0.21315472893051     0.21309212031172     0.081291201123294    0.081836965815436    0.091425733667443    0.092437662555735
0.32416675621867     -0.62619825014471    -2.4598344322868     -0.16268250659405    -0.34578080601626    0.29019828857639     11.468721772165      0.18484030141362     0.18480200084785     0.21372771731754     0.21366300043784     0.081478012510139    0.082027473579816    0.091578160424506    0.092596890993797
0.3264822330488      -0.66153845717238    -2.6179601183258     -0.17040046214305    -0.35417083984523    0.29998019300212     -58.417188683696     0.18516885844241     0.18512890513161     0.21430460463817     0.21423776595766     0.081666246719581    0.082219395693465    0.09173175442293     0.092757277570272
0.32879770987893     -0.70147771940742    -2.7955318504206     -0.17868870529811    -0.36397989753735    0.31085746763556     -8.3583915931418     0.18550043380776     0.18545884008639     0.21488542284201     0.21481648055548     0.081855898845098    0.082412733031587    0.091886514469885    0.092918818648844
0.33111318670907     -0.74693226376646    -2.9962277382993     -0.18758060395588    -0.37541185982408    0.32293992117869     -4.5395008403951     0.18583503359671     0.18579181953271     0.21547010854945     0.21539911439971     0.082046973562282    0.082607485985224    0.092042444396639    0.093081518713758
0.3334286635392      -0.79907668977552    -3.2247273557878     -0.19711617918957    -0.38869220427843    0.33635667066374     -3.1348761454067     0.1861726587788      0.18612783297251     0.21605878010436     0.21598568967437     0.082239469594864    0.082803654378862    0.092199543104198    0.093245377313809
0.33574414036933     -0.85944724799432    -3.4870436013666     -0.20734306298179    -0.40407933601449    0.35125963370443     -2.4056314898253     0.18651331315784     0.18646689510343     0.21665134651959     0.21657621555324     0.082433389747612    0.083001242701136    0.092357809545655    0.09341039481261
0.33805961719947     -0.93008705742527    -3.7910462715207     -0.21831767399504    -0.42187781846382    0.36782889868539     -1.9594878272993     0.18685700794417     0.18680899689298     0.21724788464139     0.21717070041719     0.082628732620369    0.083200244185664    0.092517250072564    0.09357657122755
0.3403750940296      -1.0137790111242     -4.1472501269245     -0.23010656412157    -0.44245525730752    0.38627863791248     -1.6586684891463     0.1872037246224      0.18715416730365     0.21784835999377     0.21776916299189     0.082825502507156    0.083400671448242    0.092677858108255    0.093743908364793
0.34269057085973     -1.1144098600295     -4.5700099208088     -0.24278798173408    -0.46626394938892    0.40686546663117     -1.4423157163054     0.18755349882814     0.18750236684398     0.21845280484001     0.21837159636529     0.0830236986419      0.083602514246957    0.092839641547445    0.093912408590833
0.34500604768987     -1.2375830373068     -5.0794406695437     -0.25645381636548    -0.49386970445414    0.42989874026476     -1.2793843775833     0.18790629569484     0.18785364378295     0.21906124209716     0.21897802594667     0.083223321169239    0.083805780283985    0.093002595070595    0.094082068852312
0.34732152452        -1.3916770915548     -5.7046711549446     -0.27121197664535    -0.52599150081111    0.45575488459849     -1.1523783808175     0.18826215092317     0.18820796727461     0.21967363122411     0.21958845997109     0.083424372148481    0.084010468185429    0.093166725261314    0.094252891767355
0.34963700135013     -1.5898159884851     -6.4894672306418     -0.28718932055354    -0.56355792025957    0.48489557799089     -1.0506866803825     0.18862105244488     0.188565371281       0.22029003682635     0.22020288759873     0.083626850424799    0.08421657774953     0.093332026790293    0.094424879472928
0.35195247818027     -1.8537736186545     -7.5028006628633     -0.30453520006541    -0.60778927998573    0.51789367943344     -0.96750049442007    0.18898299597359     0.18892581828359     0.22091045698793     0.22082135342881     0.083830763625578    0.084424112212311    0.093498507456078    0.094598031549079
0.3542679550104      -2.2225236039559     -8.8600118710317     -0.32342630843743    -0.66032095872181    0.55546753274789     -0.89825037587464    0.18934800118813     0.18928936283373     0.22153485958509     0.22144384649311     0.084036100350237    0.084633070696346    0.093666161111865    0.094772345738294
0.35658343184053     -2.7733688702275     -10.769559132538     -0.3440722961295     -0.72339440685655    0.59853074957795     -0.83975451180284    0.18971607026688     0.18965596085703     0.22216330308722     0.22207036737753     0.084242876203854    0.084843454509244    0.093834991982695    0.094947827837691
0.35889890867067     -3.6844826034335     -13.65115357526      -0.36672358139822    -0.80016496988954    0.6482623309335      -0.78973046626047    0.19008719115144     0.19002564455529     0.22279578696959     0.22270094983254     0.08445107973544     0.085055263749227    0.094005001246562    0.095124475132768
0.3612143855008      -5.479075965035      -18.493034117112     -0.39168110045083    -0.89521520332849    0.70621035220261     -0.74649796659353    0.19046138765116     0.19039841185895     0.22343231544862     0.22333560200958     0.08466071874852     0.085268502754871    0.094176188131198    0.095302289058325
0.36352986233093     -10.644235550859     -28.310359153162     -0.41930918711515    -1.0154632481613     0.77444799822129     -0.70879289155986    0.19083863441423     0.19077425855941     0.22407286533931     0.22397431627925     0.084871792656724    0.085483166462495    0.094348555857292    0.095481272262958
0.36584533916107     -173.24732324206     -58.798573213334     -0.45005298889998    -1.1718625724967     0.85581699716239     -0.67564502168895    0.19121897580351     0.19115320731966     0.22471753469433     0.22461710652112     0.085084301326139    0.0856992621897      0.0945221021037      0.095661420133577
0.3681608159912      12.201099116629      1155.4661632696      -0.48446161389451    -1.3828366859704     0.95431835909709     -0.646299124164      0.1916023754253      0.19153522918716     0.225366228733       0.22526400840021     0.085298246916455    0.085916783803016    0.094696827475197    0.095842741688611
0.37047629282133     5.9102127252569      54.680572574003      -0.52321998495154    -1.6819519780977     1.0757712020053      -0.62015669116691    0.19198887138356     0.19192036593384     0.22601904317638     0.2259150005058      0.085513627964297    0.086135737999756    0.094872738184933    0.096025229002361
0.37279176965147     3.9077843582172      28.365683139318      -0.56719379647525    -2.1374835495468     1.2289760031658      -0.5967386382729     0.19237843281606     0.19230858854646     0.22667593523184     0.22657011544912     0.08573044783466     0.086356122639841    0.095049828277883    0.096208887812547
0.3751072464816      2.9237716425263      19.32103824216       -0.61749223412345    -2.9128946582965     1.4279046241723      -0.57565646751525    0.19277109394915     0.19269992590151     0.22733693763494     0.22722934609472     0.085948707234911    0.086577938751608    0.095228100977234    0.096393718507872
0.37742272331173     2.3389708646596      14.751188038018      -0.67556049610866    -4.5214323922939     1.6961523644812      -0.55659169172952    0.19316684106374     0.19309437549717     0.22800205918705     0.22789273277823     0.086168405882378    0.08680118891912     0.095407559486319    0.096579719076322
0.37973820014187     1.9515348003896      11.997456725592      -0.7433175184223     -9.8378299816384     2.0769426668924      -0.53928104232183    0.19356568554091     0.1934919237174      0.22867131336194     0.22856023924582     0.086389544193997    0.087025870879871    0.095588199574054    0.09676689425516
0.382053676972       1.6760523368065      10.159395614999      -0.82336594178049    66.299325793221      2.6588930263778      -0.52350475024722    0.19396763459965     0.19389259716412     0.22934470676327     0.22923193196271     0.086612123234203    0.087251986016535    0.095770028231845    0.09695524002322
0.38436915380213     1.470168365029       8.8474683859822      -0.9193284963623     7.7593811773974      3.6568401031436      -0.50907852746751    0.19437267438423     0.19429639472978     0.23002223492829     0.22990777984601     0.086836146265357    0.087479540060665    0.095953040858958    0.09714476073521
0.38668463063227     1.3104879832142      7.8657551827524      -1.0363997287874     4.1735162982431      5.760749643199       -0.49584563889474    0.19478083399999     0.19470331435768     0.23070394177587     0.23058781714026     0.087061610041372    0.087708522404733    0.096137239933795    0.097335455018667
0.3890001074624      1.1830354060528      7.1049294199957      -1.1823029873971     2.8804496679248      13.073705546583      -0.48367307742494    0.19519209474337     0.19511336561824     0.23138981703178     0.23127204488386     0.08728851869658     0.087938948270108    0.096322625864436    0.097527324504092
0.39131558429253     1.0789450555402      6.4992277678669      -1.3690449336376     2.2149447498383      -56.054479646777     -0.47244648417188    0.19560648314359     0.19552654682584     0.23207987218975     0.231960465602       0.087516870337884    0.088170807438624    0.096509202259493    0.09772037193875
0.39363106112267     0.99232281745946     6.0066404780352      -1.6163582945211     1.8100496183951      -9.1398371369187     -0.46206725599314    0.19602397863289     0.19594286927263     0.23277412071584     0.23265311758248     0.087746667343543    0.088404103620144    0.096696964436924    0.097914589758892
0.3959465379528      0.91909471320426     5.5991875348694      -1.9591104907895     1.5382378731995      -5.0442950105054     -0.45245014313737    0.19644461469944     0.19636234071784     0.23347258860602     0.23334999327141     0.087977910236297    0.088638839522488    0.096885917757113    0.098109989563492
0.39826201478293     0.85635648717835     5.2574087048025      -2.4652645090823     1.3435226283914      -3.5165909654963     -0.44352054127969    0.19686837229883     0.19678494377281     0.23417525781189     0.23405110271141     0.088210599842973    0.08887501340006     0.097076062853833    0.098306565489203
0.40057749161307     0.80197958197929     4.9674264523613      -3.2873360668961     1.1974634367639      -2.7187817712075     -0.43521348273915    0.19729525854916     0.19721071994173     0.23488216150148     0.23475646764876     0.088444735775639    0.089112625101452    0.097267395443378    0.098504319557624
0.4028929684432      0.7543696160273      4.7190468289278      -4.8533054399616     1.0840812099151      -2.2290618511369     -0.42747172171073    0.19772529245962     0.19763964202567     0.2355933120528      0.23546610589896     0.088680319138169    0.089351678945332    0.097459922215155    0.098703250169618
0.40520844527333     0.71230771063577     4.5046384854959      -9.0004145251991     0.99370850332908     -1.8981362657344     -0.42024465945143    0.19815846128371     0.19807172142475     0.2363087159333      0.2361799870595      0.088917352361724    0.089592173948475    0.097653640007141    0.09890336434544
0.40752392210347     0.6748461471328      4.3183416504572      -51.784993744262     0.92015229127795     -1.6597513104523     -0.41348778780572    0.19859478491785     0.19850697833566     0.23702837084246     0.23689819271158     0.089155834240541    0.089834108536237    0.097848552985063    0.099104655646076
0.4098393989336      0.64123699985543     4.1556372330556      14.407294054274      0.85926506766215     -1.4800090882048     -0.40716132414292    0.1990342607058      0.19894540165247     0.23775232577097     0.23762066168479     0.089395764460187    0.090077484236316    0.098044654590424    0.099307126113842
0.41215487576373     0.61088160352408     4.0129346162613      6.4466439716766      0.80816255975407     -1.3397619855258     -0.40122976942939    0.19947689375214     0.19938699703602     0.2384805452188      0.23834748246506     0.089637145817085    0.090322303753488    0.098241957597793    0.099510780413895
0.41447035259387     0.58329557114833     3.8873846059587      4.2037250707048      0.76477936809163     -1.2273776691743     -0.39566161950761    0.19992268477135     0.19983178066113     0.23921308129095     0.23907858718357     0.089879977411651    0.090568564717748    0.098440449053088    0.099715616150573
0.416785829424       0.55808256575397     3.7766766117363      3.1469492660921      0.72759677438722     -1.1353827211253     -0.39042832894418    0.20037164857088     0.20027974931335     0.23994992230484     0.23981404896432     0.090124262215005    0.090816270262548    0.098640140174737    0.09992163400466
0.41910130625413     0.5349150522689      3.6789411375489      2.5327228204623      0.6954741844879      -1.0587556693683     -0.38550447977784    0.20082377915599     0.20073090858615     0.2406911003006      0.24055385008301     0.090369997369033    0.091065418723361    0.098841028408359    0.10012883355224
0.42141678308427     0.51352039159573     3.5926385478829      2.1315695805136      0.66753852057634     -0.99399727178913    -0.38086692527156    0.20127910172315     0.20118526403221     0.24143660303578     0.24129801797719     0.090617185766524    0.091316011466109    0.099043109536198    0.10033721794853
0.4237322599144      0.49366961254096     3.5164818092087      1.8492937242346      0.64310993156335     -0.93859533289964    -0.37649492455735    0.20173758973288     0.20164282431903     0.24218645811311     0.24204656272598     0.090865827425953    0.091568048726908    0.09924639141774     0.10054678534878
0.42604773674453     0.47516959676993     3.4494196733066      1.6401036435563      0.62165282356271     -0.89069896349902    -0.37236955592024    0.2021992769399      0.20210358085259     0.24294069200248     0.24279948514552     0.091115922152268    0.091821533949297    0.099450871214281    0.10075753944634
0.42836321357467     0.45785588061201     3.3905666109708      1.4790477667178      0.60273787566328     -0.84891517909444    -0.36847378086349    0.20266415240526     0.20256757202994     0.24369927881618     0.24355680255841     0.09136747044998     0.092076458688243    0.099656549897694    0.10096947596357
0.4306786904048      0.44158834218117     3.3391654480105      1.3513803136481      0.58601916361343     -0.81217437027267    -0.36479186323283    0.20313223174312     0.20303475802559     0.24446226545866     0.24431854495478     0.091620474707675    0.092332835072027    0.099863426913957    0.10118259942642
0.43299416723493     0.42624672989258     3.2946054224         1.2478223393381      0.57121382020091     -0.77964319643627    -0.36130969894887    0.20360351409136     0.2035051802504      0.24522965933878     0.24508469336979     0.091874934124164    0.092590655853352    0.10007150601335     0.1013969087274
0.43530964406507     0.41172756298566     3.2563500175933      1.1622440319834      0.55808906733886     -0.75066125259291    -0.35801422594176    0.20407800256885     0.20397883196453     0.24600145215666     0.24585530906664     0.092130848045264    0.09284992406166     0.10028078536147     0.10161240843265
0.4376251208952      0.3979418504285      3.2239609516301      1.0904336641563      0.54645171975665     -0.72469955794587    -0.354893612224      0.20455570858839     0.20445570848661     0.24677769134703     0.24663034655931     0.092388218161942    0.09311063711661     0.10049126359639     0.10182908813534
0.43994059772533     0.384812419265       3.197061081082       1.0294011090194      0.53614074895727     -0.70132905026757    -0.35193688446926    0.20503664477529     0.20493583453204     0.24755835945304     0.24740986059549     0.092647043803135    0.093372798870731    0.10070294894923     0.10204696276673
0.44225607455547     0.37227289843439     3.1753506307622      0.97696602041368     0.52702048582106     -0.68019793105516    -0.34913407240179    0.20552079819947     0.20541921107475     0.24834347775759     0.24819385002967     0.092907329425668    0.093636410664891    0.10091583145227     0.10226602141673
0.4445715513856      0.3602657544837      3.1585670931698      0.93149988144688     0.51897658783117     -0.66101509725781    -0.34647588871533    0.20600818463831     0.20590582194539     0.24913307899437     0.24898234074835     0.093169068475608    0.093901467425422    0.10112992242382     0.10248627221146
0.44688702821573     0.34874150074088     3.1465104794591      0.89176254352907     0.51191208399489     -0.64353804757151    -0.34395397150931    0.20649880793898     0.20639571170398     0.24992715378952     0.2497753186415      0.093432266711418    0.094167974810806    0.10134521220063     0.10270770938574
0.44920250504587     0.33765748708573     3.1390148302753      0.85679260191775     0.50574466733572     -0.6275623893478     -0.34156031517911    0.20699268615851     0.2068888407821      0.25072571389305     0.25057282995356     0.0936969224785      0.094435929105292    0.10156171075369     0.10293033919843
0.451517981876       0.32697717588327     3.1359564168069      0.82583374977868     0.50040388043691     -0.61291527636066    -0.33928780860493    0.20748981373653     0.20738526842667     0.25152879909761     0.2513748686995      0.093963035954531    0.094705332046367    0.10177941049045     0.10315415703989
0.45383345870613     0.31666947732435     3.1372498482109      0.79828221327882     0.4958297208981      -0.59944937565321    -0.33712969194627    0.20799018865817     0.2078849461219      0.25233639935429     0.25218144546943     0.094230610026866    0.09497618522062     0.10199831789736     0.10337916518353
0.45614893553627     0.30670811900558     3.1428453379984      0.77365105389297     0.49197123001067     -0.58703813915523    -0.33507978825873    0.20849383128836     0.20838792478894     0.25314852607287     0.25299259650436     0.094499638104323    0.095248488712498    0.10221842990733     0.10360537022357
0.4584644123664      0.29707088852905     3.1527244195612      0.75154193969625     0.48878445689289     -0.57557252922218    -0.33313226047555    0.20900074096764     0.2088941718065      0.25396521945914     0.25380830236421     0.094770129730632    0.095522238327635    0.10243975061119     0.10383275828031
0.46077988919653     0.28773964250242     3.1668974053687      0.73162743605134     0.48623246571395     -0.56495813389081    -0.33128185752827    0.20951093268547     0.20940373171734     0.25478646541352     0.25462862095109     0.095042079454307    0.095797440924466    0.1026622772122      0.10406134729976
0.46309536602667     0.27869941233613     3.1854168410863      0.71363456921625     0.48428384581204     -0.55511241307524    -0.32952356922353    0.21002440109746     0.20991658464127     0.25561230596865     0.25545352871269     0.095315486628402    0.096074091927265    0.10288601115838     0.10429112125971
0.4654108428568      0.26993827827851     3.2083600917895      0.69733509808854     0.48291221597745     -0.54596342848731    -0.3278527081724     0.21054116075744     0.21043274598119     0.25644272289261     0.25628304800004     0.095590354270977    0.096352191505207    0.10311095255387     0.10452209591102
0.46772631968693     0.26144701482676     3.2358395990552      0.68253568560703     0.48209577655529     -0.53744782767509    -0.32626507763909    0.21106121608181     0.21095220985554     0.25727774507385     0.25711720889767     0.095866684704341    0.096631742710301    0.10333710419854     0.10475425648668
0.47004179651707     0.2532186488223      3.268015059688       0.66907238542162     0.48181665397852     -0.52950955481934    -0.3247565219522     0.21158456058018     0.21147500857642     0.25811741640181     0.25795601570308     0.0961444698906      0.096912743988533    0.10356446484344     0.10498761834657
0.4723572733472      0.24524834410228     3.3050646845914      0.65680490409507     0.48206073596686     -0.52209948290795    -0.32332341470997    0.21211123353116     0.21200113061702     0.25896168958388     0.2587994818023      0.09642371768458     0.097195194338279    0.10379303319071     0.1052221676601
0.47467275017733     0.23753296838916     3.3472311915497      0.64561227469186     0.48281727201277     -0.5151732795511     -0.32196217907147    0.21264120964264     0.21253058220285     0.25981064251332     0.25964761170164     0.096704427753851    0.097479095469749    0.10402281530838     0.10545791924332
0.47698822700747     0.23007093675146     3.3947877191871      0.63539040950077     0.48407859180019     -0.50869201803686    -0.32066949669427    0.21317450307822     0.21306337151165     0.26066424064588     0.26050044305467     0.096986592242269    0.097764444471285    0.10425380323794     0.10569485793743
0.4793037038376      0.22286197648181     3.448068180368       0.62604838836243     0.48584004401182     -0.5026205334068     -0.31944240391344    0.21371113307734     0.21359951474528     0.26152254290502     0.26135799776406     0.097270224455183    0.098051250399585    0.1044860071412      0.10593299857249
0.48161918066773     0.21590681930103     3.5074597549428      0.61750714733526     0.48809974362963     -0.49692741424689    -0.31827795321979    0.21425109960124     0.21413900803795     0.26238552630661     0.26222022824463     0.097555310096699    0.098339495677036    0.10471941756546     0.10617232956274
0.48393465749787     0.20920717040377     3.5734266471909      0.60969740047995     0.49085846882348     -0.49158452963339    -0.31717344616394    0.21479439711456     0.21468185477996     0.26325322673435     0.26308724142784     0.097841859524994    0.098629201730346    0.10495404271598     0.10641286418446
0.486250134328       0.20276531255105     3.6464976792206      0.60255797520302     0.49411980741834     -0.48656623046222    -0.31612641053949    0.21534106018173     0.21522808223556     0.26412566651769     0.26395898142426     0.098129869796378    0.098920350352706    0.10518988343113     0.10665459004166
0.48856561115813     0.19658415970312     3.7273059650021      0.59603537312112     0.49788995518671     -0.48184967081698    -0.31513443525611    0.21589106942544     0.21577767982979     0.26500281747852     0.26483549358556     0.098419337420525    0.099212951890728    0.10542692954363     0.10689751277004
0.49088108798827     0.19066693864792     3.8165822897715      0.59008173338093     0.50217761785791     -0.47741390411638    -0.31419528442534    0.21644444014193     0.21633065023504     0.2658847592459      0.26571678377182     0.098710270220371    0.099507001700054    0.10566519540284     0.10714163688909
0.4931965648184      0.18501713321568     3.9151843698104      0.58465491128016     0.50699447263513     -0.4732400669406     -0.31330696250099    0.21700119005021     0.21688701730447     0.26677147861848     0.26660288383251     0.099002656073251    0.099802502072245    0.10590466953451     0.1073869514642
0.49551204164853     0.17963840287938     4.0241319103862      0.57971737818239     0.51235474224878     -0.46931103808225    -0.31246733819347    0.21756131696048     0.21744678739132     0.26766294639385     0.26749378564322     0.099296506285529    0.1000994515232      0.10614536302235     0.10763347201931
0.49782751847867     0.17453441075133     4.144607530873       0.57523536413318     0.51827592022561     -0.46561096946747    -0.3116747245669     0.2181248233278      0.21800994025322     0.26855926946146     0.26838951686197     0.099591819166232    0.10039784931959     0.10638726775558     0.10788118806937
0.5001429953088      0.16970885100682     4.2780438330275      0.57117927295953     0.52477809801141     -0.46212571314604    -0.31092732501485    0.21869172773154     0.21857652627814     0.26946040168085     0.26929010404351     0.099888584729496    0.10069769654424     0.10663038815187     0.10813009934165
0.50245847213893     0.16516528267786     4.4261096590141      0.56752196340564     0.53188535256487     -0.45884217076105    -0.31022349867529    0.21926203735677     0.21914651737515     0.27036634410803     0.27019556205189     0.10018681611283     0.10099899337022     0.10687472105069     0.10838021439671
0.50477394896907     0.16090720304007     4.5908681156493      0.56423977453752     0.53962470561584     -0.45574828854869    -0.30956168186268    0.21983575507296     0.21971994311173     0.27127718514078     0.27110586599452     0.1004865041231      0.10130173852609     0.10712027604781     0.1086315243222
0.5070894257992      0.15693796378315     4.7747396157365      0.56131094006652     0.54802749666096     -0.45283314516373    -0.30894051694105    0.22041287350555     0.22029678244661     0.27219287240865     0.27202110019949     0.10078764728034     0.10160592726425     0.10736703685396     0.10888403753093
0.50940490262933     0.15326078550492     4.9807484102981      0.55871607895707     0.55712908918454     -0.45008669834501    -0.30835855720867    0.22099344937955     0.22087709701257     0.27311345562568     0.27294121715061     0.10109025849025     0.10191156868322     0.10761502503254     0.1091377461101
0.51172037945947     0.14987878602798     5.2125844083417      0.55643814533717     0.56696958947837     -0.44749955917122    -0.30781457461615    0.22157741515874     0.22146084147607     0.27403894396844     0.27386628582319     0.1013943210163      0.10221865699657     0.1078642205201      0.10939266008046
0.5140358562896      0.14679499604835     5.4748232008312      0.55446124769786     0.57759461760526     -0.44506327019131    -0.30730733742802    0.22216485679025     0.22204802240854     0.2749693426647      0.27479629046557     0.10169984239337     0.10252718911422     0.10811463642683     0.10964876998758
0.51635133311973     0.14401240483096     5.7733040041212      0.55277162749518     0.58905519539332     -0.44276995648272    -0.30683568662108    0.22275572465719     0.22263871606384     0.27590471039403     0.27573125556672     0.10200682546006     0.10283717197589     0.10836627275329     0.10990608089138
0.51866680994987     0.14153403099398     6.1154070846753      0.55135659928066     0.60140915712532     -0.4406123656265     -0.30639862701592    0.22335006882379     0.22323283125555     0.27684499593196     0.27667119526018     0.10231526095109     0.10314859499157     0.10861911943704     0.11016459189891
0.52098228678        0.13936296300197     6.5107822395997      0.55020511811705     0.61472199785907     -0.43858364331593    -0.30599509353701    0.22394786226261     0.22383047558556     0.27779029911624     0.27761614564725     0.10262515878644     0.10346147225907     0.10887318914537     0.1104243063001
0.52329776361013     0.13750244980896     6.9721309190787      0.54930708905416     0.62906734408181     -0.4366778588736     -0.30562415075031    0.22454912132172     0.22443156629912     0.27874054304779     0.27856609547072     0.10293651034331     0.10377578521379     0.10912847531279     0.11068521909805
0.52561324044027     0.13595598288939     7.5166475808112      0.54865364482493     0.64452895963502     -0.43488898759781    -0.3052849121813     0.22515388388314     0.22503618753689     0.27969585398527     0.27952108122546     0.10324931715124     0.1040915494489      0.10938497805541     0.11094733340863
0.5279287172704      0.13472737873085     8.1681047088952      0.54823675070098     0.66120142239933     -0.43321196385062    -0.30497658031875    0.2257621255191      0.2256442931266      0.28065614456032     0.28048111888395     0.10356358288792     0.10440875557454     0.10964270028538     0.11121064905904
0.53024419410053     0.13382087992652     8.9603583714247      0.54804978474485     0.67919257315519     -0.43164167929483    -0.30469828795473    0.22637385818727     0.22625591639476     0.28162150039323     0.28144621939517     0.10387930069062     0.10472740489276     0.10990164463322     0.1114751689331
0.53255967093067     0.13324124193747     9.9432581090054      0.54808619625165     0.69862515795891     -0.43017374149457    -0.30444939564395    0.22698911774544     0.22687107640299     0.28259189382715     0.28241640334333     0.10419647733519     0.10504749761441     0.11016180112422     0.11174088638549
0.5348751477608      0.13299385748442     11.193494193074      0.54834122241942     0.71963983957531     -0.4288037535519     -0.30422914696538    0.22760786745385     0.22748975431275     0.28356742500833     0.28339168515124     0.10451510371708     0.10536902945372     0.11042318121032     0.11200780535024
0.53719062459093     0.1330848201813      12.835369559054      0.54880985059445     0.74239777899412     -0.42752792244427    -0.30403692306651    0.22823015861708     0.22811196453597     0.28454797991074     0.28437211207185     0.10483518460022     0.10569200618367     0.11068577680058     0.11227592953992
0.53950610142107     0.13352109904266     15.084409632081      0.54948864719621     0.76708505680729     -0.42634264027292    -0.30387210923992    0.22885597208767     0.22873774857123     0.28553372658834     0.28535763784353     0.10515672114311     0.10601642692294     0.11094959845583     0.11254525327485
0.5418215782512      0.13431055919249     18.350309632235      0.55037427058481     0.79391708281945     -0.42524440752466    -0.30373416756636    0.22948534307839     0.22936705773031     0.28652453568687     0.28634834777934     0.1054797077754      0.10634227968861     0.11121463324459     0.11281578097401
0.54413705508133     0.1354621747862      23.517793878868      0.55146434847857     0.82314423148099     -0.42423015916777    -0.30362251705405    0.23011824954909     0.2299999635673      0.28752057338336     0.28734423919489     0.10580414813402     0.10666957821768     0.11148089199219     0.11308750749607
0.54645253191147     0.13698607170042     32.91908175065       0.55275678332453     0.85506012658041     -0.42329711976709    -0.30353676474735    0.2307547286551      0.2306364278103      0.288521717607       0.28834528085986     0.10613003600573     0.10699831445539     0.11174836697594     0.11336044040189
0.5487680087416      0.13889367528939     55.338588048447      0.55425060250649     0.89000997980735     -0.42244237833583    -0.30347636511578    0.23139475606504     0.23127646513575     0.28952808072327     0.28935159068674     0.10645737525917     0.10732848360659     0.11201706327909     0.11363457048547
0.55108348557173     0.14119786434477     178.36229395905      0.55594483926822     0.92840316546668     -0.42166369937137    -0.30344094306984    0.23203838969526     0.23192012542712     0.29053968317497     0.29036310373791     0.1067861681318      0.10766009678486     0.11228698268964     0.11390990667825
0.55339896240187     0.14391307176426     -142.69123542587     0.55783932618264     0.97072768665263     -0.42095855437593    -0.30343012387236    0.23268559640984     0.23256736060749     0.29155647332958     0.29137987153634     0.10711640563841     0.10799314303261     0.11255811814268     0.11418644340093
0.555714439232       0.14705545871974     -50.588721113849     0.55993458463752     1.0175718677285      -0.42032502658264    -0.30344355099997    0.2333363945143      0.23321821574686     0.29257853628838     0.29240189743433     0.10744808969539     0.10832762156543     0.11283047475209     0.11446418439663
0.55802991606213     0.15064305786516     -30.613902020835     0.56223132719558     1.069648997854       -0.41976103753932    -0.30348087322625    0.23399080725239     0.23387269864169     0.29360584871491     0.29342923476819     0.10778122405432     0.10866353866445     0.11310405421526     0.11474312368373
0.56034539289227     0.15469597611303     -21.884330542583     0.56473116486301     1.1278329915427      -0.41926478394366    -0.30354183497161    0.23464883693965     0.23453080754932     0.29463847275553     0.29446187747768     0.10811580516785     0.10900088726672     0.11337885160485     0.1150232698873
0.5626608697224      0.15923657838744     -16.992167194588     0.56743582213616     1.193208468859       -0.41883473128076    -0.30362618272355    0.23531048852071     0.23519254151625     0.29567639903668     0.29549982177872     0.10845182716453     0.10933967029016     0.11365487086538     0.11530461603365
0.56497634655253     0.16428968018685     -13.864624226239     0.57034796855493     1.267132921023       -0.41846916145511    -0.30373363832815    0.23597578452891     0.2358579530647      0.29671965123635     0.29654314685957     0.10878929591294     0.10967988004754     0.11393210985305     0.11558716147883
0.56729182338267     0.16988287748462     -11.693867974536     0.57347048830421     1.3513345308984      -0.41816691144497    -0.30386401289398    0.2366447115482      0.23652700128635     0.29776824592187     0.29759181288036     0.10912820821278     0.11002152295575     0.11421057059739     0.11587091641823
0.5696073002128      0.17604673418087     -10.099834965246     0.57680697384279     1.4480415107881      -0.41792651346047    -0.30401719939173    0.23731729639902     0.23719972520369     0.29882220572022     0.29864590165217     0.10946856586137     0.11036459769228     0.11449025121939     0.1161558646901
0.57192277704293     0.1828151841305      -8.8803033170493     0.58036142055348     1.560182621677       -0.41774699073331    -0.30419293379819    0.23799356272729     0.23787612385631     0.29988159016157     0.29970537330225     0.10981035650051     0.11070909590745     0.11477115142822     0.1164420242981
0.57423825387307     0.19022588650843     -7.9175800300061     0.58413861039435     1.6916805791113      -0.41762717713955    -0.30439117441557    0.23867348875889     0.23855621133803     0.30094633868649     0.30077027275056     0.1101535948795      0.11105502178031     0.11505327256396     0.11672937450053
0.5765537307032      0.19832061038164     -7.1386893565862     0.58814364887276     1.8479178790069      -0.41756627314803    -0.30461178810718    0.23935710077484     0.23924000111155     0.30201654648011     0.30184063265723     0.110498268785       0.11140237747732     0.11533661838094     0.11701793965289
0.57886920753333     0.20714585264817     -6.4958247498673     0.59238222870228     2.0364758972496      -0.41756338229691    -0.30485473647532    0.24004441294292     0.23992749161193     0.30309219984021     0.30291645242443     0.11084438309113     0.11175115237627     0.11562117659574     0.11730769405775
0.58118468436347     0.21675328431801     -5.9564846185562     0.59686122435449     2.2684056099596      -0.41761776291698    -0.30511990710622    0.24073542737773     0.24061871757951     0.30417332932549     0.30399777181746     0.11119193189877     0.11210135361453     0.11590696280313     0.11759865854339
0.5835001611936      0.22720056883966     -5.4977347890324     0.60158710777111     2.5604320542366      -0.41772885808264    -0.30540738414244    0.24143016662651     0.24131364921409     0.30525993416433     0.30508461818421     0.11154091528852     0.11245297704037     0.11619396381734     0.11789081951676
0.58581563802373     0.23855208425118     -5.1029445995075     0.60656808324156     2.9391758884723      -0.41789612221564    -0.30571708266382    0.24212861817755     0.24201232800503     0.30635208480629     0.30617695232758     0.11189133739904     0.11280602020158     0.11648219020401     0.11818418674543
0.58813111485387     0.25087995160447     -4.7597571082881     0.61181259510881     3.449711395634       -0.41811909381127    -0.3060490659996     0.24283081550238     0.24271476143894     0.30744973879151     0.30727487189534     0.11224318553407     0.11316048024353     0.11677163171337     0.11847874672042
0.590446591684       0.26426506866374     -4.4588190645472     0.61732961378261     4.1749103669102      -0.41839742406686    -0.30640338646151    0.24353676849459     0.24342095686252     0.30855296965789     0.30837838821693     0.11259647572521     0.11351636713111     0.11706229835869     0.11877451679753
0.59276206851413     0.27879857616948     -4.1928908404508     0.62312956727535     5.2855906656795      -0.41873087126761    -0.30678015221414    0.24424645812274     0.24413090445478     0.30966179845916     0.30948744370553     0.11295118667071     0.11387366142589     0.11735418039346     0.11907148226996
0.59507754534426     0.29458341154433     -3.9563090526805     0.62922297276067     7.199253602862       -0.41911921837246    -0.30717944951713    0.24495993833332     0.24484465604814     0.31077620130078     0.31060219273122     0.11330733133033     0.11423237145508     0.11764728660519     0.1193696499153
0.5973930221744      0.31173623253221     -3.7445575766717     0.63562192157049     11.277202496875      -0.41956239762738    -0.30760138358302    0.24567719273734     0.24556217349079     0.31189622787288     0.31172251247654     0.11366490200653     0.11459250199076     0.11794160577695     0.11966901496736
0.59970849900453     0.33038986163911     -3.5540055161506     0.64233938587025     25.955857614388      -0.42006039120636    -0.30804617581665    0.24639824638932     0.24628352492659     0.31302192615943     0.31284852947998     0.1140239005085      0.11495403860509     0.11823715338555     0.11996958285399
0.60202397583466     0.35069597636002     -3.3817047492575     0.64938882450414     -86.793332914852     -0.42061320702652    -0.30851400011879    0.24712307358299     0.24700866606215     0.31415325791041     0.31398024399702     0.11438432472802     0.11531699012005     0.11853391169414     0.12027135252796
0.6043394526648      0.37282879867793     -3.2252110251247     0.65678551294819     -16.272162781994     -0.42122103006125    -0.30900501374451    0.24785174206781     0.24773763131767     0.31529033495395     0.31511765403003     0.11474616617985     0.11568134611361     0.11883189474959     0.12057431339549
0.60665492949493     0.39698937605679     -3.0825143200327     0.66454597508445     -8.9883259191681     -0.42188413094489    -0.30951950704849    0.24858422176257     0.24847044543563     0.31643308413417     0.316260776272       0.11510943784175     0.1160471148642      0.11913109498334     0.12087848299631
0.60897040632506     0.42341078039704     -2.9519239908367     0.67268735506266     -6.214701249477      -0.42260269804652    -0.31005777972383    0.24932055963392     0.24920708661559     0.3175815553073      0.31740967143814     0.11547412309288     0.11641428333212     0.11943151376903     0.12118384359479
0.6112858831552      0.45236504896953     -2.832016048043      0.68122922592006     -4.7528246487356     -0.42337719174743    -0.31062008213907    0.25006071017939     0.24994761478203     0.31873584859316     0.31856435302272     0.11584023277744     0.11678286532588     0.11973314936461     0.12149041135898
0.61360135998533     0.484171566734       -2.7215805553108     0.69019218686631     -3.8503206330072     -0.42420801871773    -0.31120675453381    0.25080475381027     0.25069199355632     0.31989588552339     0.31972482915323     0.11620775091553     0.11715283769662     0.12003600418906     0.12179816257253
0.61591683681546     0.51920788643728     -2.619587849309      0.69959839660143     -3.2378263991392     -0.42509575042965    -0.31181816049013    0.25155263664365     0.25144024366085     0.32106172339864     0.32089110575494     0.11657669246401     0.11752422009872     0.12034007787825     0.12210712972067
0.6182323136456      0.55792375489114     -2.52514648751       0.70947292832476     -2.7950056691645     -0.42604098094392    -0.31245468879857    0.25230443065961     0.25219240039249     0.32223342127607     0.32206325348578     0.11694704431845     0.11789700069013     0.12064536915243     0.12241728106716
0.62054779047573     0.60085929272375     -2.4374923277995     0.71984167153417     -2.460003108912      -0.42704439901352    -0.31311681590677    0.25306010388672     0.25294845933475     0.32341096644837     0.32324125223505     0.11731880929584     0.11827117336254     0.12095187468025     0.12272863585059
0.62286326730586     0.6486687798612      -2.3559582982893     0.7307341077981      -2.1977688880329     -0.4281068134134     -0.31380491524815    0.25381967669367     0.25370843194332     0.3245943670612      0.32442517366415     0.11769198086661     0.11864674793266     0.1212596032925      0.12304118361308
0.625178744136       0.70215298122755     -2.2799635168807     0.74218126380239     -1.9869575335709     -0.429229074264      -0.31451953404828    0.25458318189211     0.25447232337491     0.32578371356951     0.32561499407762     0.11806656452108     0.11902370996297     0.12156853768899     0.12335492735325
0.62749422096613     0.76230282032359     -2.2089985611925     0.75421764480771     -1.8138271822579     -0.4304120854392     -0.31526116507287    0.25535060762814     0.25524016260608     0.3269789354234      0.32681075219271     0.11844255334401     0.11940206680311     0.1218787002234      0.123669869202
0.62980969779626     0.83035884686359     -2.1426178782289     0.76688112852388     -1.6691285147946     -0.4316569276914     -0.31603046227796    0.25612199437403     0.25601197153946     0.32818017958211     0.32801250151767     0.11881994632339     0.11978181157493     0.12219007150902     0.12398600644132
0.6321251746264      0.90789583410713     -2.0804218731218     0.78021224713077     -1.5464113198622     -0.43296472516724    -0.31682790140304    0.2568973020984      0.25678770351729     0.32938734697891     0.3292201990018      0.11919873877758     0.12016294620959     0.12250265809804     0.12430333711821
0.63444065145653     0.99694427790278     -2.0220635874799     0.79425658490547     -1.4410358490709     -0.43433662423115    -0.31765424871669    0.25767660385822     0.25756743228113     0.33060051529095     0.33043394978843     0.11957894001733     0.12054546550609     0.12281646410716     0.12462186076844
0.63675612828666     1.1001682119134      -1.9672289065841     0.80906355737811     -1.3495832062185     -0.43577401919157    -0.31851014687916    0.25845986990181     0.25835114845843     0.33181975474276     0.33165374453685     0.11996053445197     0.12092937155806     0.12313148202517     0.12494158451462
0.6390716051168      1.2211312703438      -1.9156432251742     0.82468763293842     -1.2694756030921     -0.43727824943278    -0.3193963017134     0.25924714445901     0.25913886453412     0.33304500715544     0.33287958467144     0.12034352427111     0.12131465064761     0.12344771163897     0.12526249212756
0.64138708194693     1.3647161459004      -1.8670543086631     0.8411891792561      -1.1987342461589     -0.4388508260505     -0.3203135610468     0.2600384100618      0.25993060356934     0.33427636915713     0.33411152320023     0.12072790994437     0.12170131575763     0.12376515955864     0.12558459955425
0.64370255877706     1.5377964044744      -1.8212427857588     0.85863467788146     -1.135814898337      -0.44049334209545    -0.3212627134619     0.26083369703954     0.26072634116763     0.33551381509367     0.33534956986142     0.12111368856807     0.12208935799177     0.12408381758016     0.12590789627644
0.6460180356072      1.750359312231       -1.7780060894293     0.87709790849175     -1.0794947844881     -0.44220757226956    -0.32224464814697    0.26163301224076     0.26152613116708     0.33675737604936     0.33659379126733     0.12150086163337     0.12247877336022     0.12440369136649     0.12623238542776
0.64833351243733     2.0175146675659      -1.7371659142228     0.89666107152948     -1.0287915288954     -0.44399521801339    -0.32326035615262    0.26243636250329     0.26232996886048     0.3380071700419      0.33784414962188     0.1218894125404      0.12286956256057     0.12472477011738     0.12655806700024
0.65064898926746     2.3632381876094      -1.6985585118511     0.91741595454609     -0.98290928716204    -0.44585829095164    -0.32431072344547    0.2632437824536      0.26313789463011     0.33926303320702     0.33910071397125     0.1222793604672      0.12326172075793     0.1250470723351      0.12688493499116
0.6529644660976      2.8280104686283      -1.6620372042786     0.93946425116442     -0.94119511254742    -0.4477988160633     -0.32539691227296    0.26405528315657     0.26394984396876     0.34052520174146     0.34036349810655     0.12267068694469     0.12365525257842     0.1253705769273      0.12721299890174
0.65527994292773     3.4859732419032      -1.6274695998934     0.96292085910045     -0.90310818776833    -0.44981903143334    -0.32652003716055    0.26487082107607     0.26476593482613     0.3417935676317      0.34163253000867     0.12306339392097     0.12405013837088     0.12569529120943     0.12754224516102
0.65759541975786     4.4891011497773      -1.5947340289971     0.98791540294948     -0.86819750159208    -0.45192109493113    -0.32768123587087    0.26569049950897     0.26558608517776     0.34306819725951     0.3429078526251      0.12345747938443     0.1244463996673      0.12602122305741     0.12787268433661
0.659910896588       6.2056677885516      -1.5637223449085     1.0145932562193      -0.83608302617949    -0.45410758724509    -0.32888178891856    0.26651426362585     0.26641038358759     0.3443491084734      0.34418945030104     0.12385294670787     0.1248440177634      0.12634835764452     0.12820431182692
0.66222637341813     9.8176497552474      -1.5343347968977     1.0431192799851      -0.80644311394895    -0.45638093708306    -0.33012307535213    0.26734215518571     0.2672388106645      0.34563637055584     0.34547737799521     0.12424978211461     0.12524299170507     0.12667670473194     0.12853712526326
0.66454185024826     22.341681154562      -1.5064805413153     1.0736826701606      -0.7790035632535     -0.45874407824678    -0.33140649649098    0.26817420160498     0.26807132966589     0.3469299317967      0.34677168033531     0.12464799599178     0.12564332863383     0.12700625871525     0.1288711259715
0.6668573270784      -97.177574390452     -1.4800789640924     1.1064967924853      -0.75352836600535    -0.46119963387205    -0.33273351819727    0.26901036155873     0.26890807392633     0.34822991090143     0.34807237334872     0.1250475757528      0.12604501209437     0.12733702040715     0.12920631049818
0.66917280390853     -15.76614626627      -1.455054256742      1.141810066379       -0.72981453187609    -0.46375076573801    -0.33410581932759    0.26985069785406     0.26974894470832     0.34953627831391     0.34937943010135     0.12544851877568     0.12644805198912     0.12766898909204     0.12954268017225
0.67148828073866     -8.7123737263774     -1.4313401104292     1.1799060536093      -0.70768568954316    -0.46640071005589    -0.33552505048215    0.27069522252518     0.27059401594338     0.35084903743681     0.35069298380923     0.12585083135235     0.12685243431956     0.12800216347797     0.12988023847488
0.6738037575688      -6.0800327200244     -1.4088746662195     1.2211159658512      -0.68698806274894    -0.46915270507222    -0.3369930370493     0.27154394476948     0.2714432705086      0.35216832578061     0.35201295040779     0.12625450847237     0.12725817000098     0.12833654441917     0.13021897428286
0.67611923439893     -4.7030675747034     -1.387603044308      1.2658240089123      -0.66758701377443    -0.47201037010728    -0.33851170970962    0.27239685292378     0.27229674198544     0.35349402215742     0.35333946771744     0.12665953518173     0.12766524136276     0.12867213134865     0.13055890020498
0.67843471122906     -3.8556685682977     -1.3674752439645     1.3144846846627      -0.6493642127225     -0.47497748059908    -0.34008306414512    0.27325398686607     0.27315444376885     0.35482628864943     0.35467248599211     0.12706592631006     0.12807365827844     0.12900892032085     0.13090000073396
0.6807501880592      -3.2810766183647     -1.3484463763896     1.367629836814       -0.63221518253372    -0.47805794686519    -0.34170936176837    0.27411534964776     0.27401636516502     0.35616508420291     0.35601200812368     0.12747366994113     0.12848341308379     0.12934691219314     0.1312422842838
0.68306566488933     -2.8653788180836     -1.3304768742634     1.425899204092       -0.61604731357364    -0.48125582458232    -0.34339281897003    0.27498096444671     0.27488258242948     0.35751043626535     0.35735820563354     0.12788276465775     0.12889450164241     0.1296861107054      0.13158575571969
0.68538114171946     -2.5503018081317     -1.3135309508404     1.4900531909284      -0.60077803462085    -0.48457562244573    -0.34513596698913    0.27585087159006     0.27575300738448     0.35886243016171     0.35871094173444     0.1282932028843      0.12930691726112     0.13002650788458     0.13193039381819
0.6876966185496      -2.3029384108303     -1.2975775522405     1.561018720321       -0.58633427554011    -0.48802181417426    -0.3469414219485     0.27672500492364     0.27662776990872     0.36022100921183     0.36007033474641     0.12870499411297     0.12972067215448     0.13036810630664     0.13227622524672
0.69001209537973     -2.1032962478776     -1.2825901308605     1.6399249095078      -0.57265004352558    -0.49159927752095    -0.34881201276188    0.27760344895526     0.27750679657045     0.36158625268947     0.36143641640441     0.12911812456784     0.13013574481055     0.13071090470402     0.13262321774378
0.69232757220986     -1.9385326232879     -1.2685457961174     1.728167547281       -0.5596662517194     -0.49531295082911    -0.3507506420644     0.27848621828683     0.27839013674706     0.36295825459838     0.36280919334958     0.12953259435021     0.13055214530289     0.13105490531436     0.13297140066984
