x[nm]                  E_8_real[eV]           Psi_8_z1_real[nm^-1/2] E_8_imag[eV]           Psi_8_z1_imag[nm^-1/2]
7.1142317671146        2.3390669310193        2.3391654375388        2.3390669310193        2.3391515662729
7.260978922993         2.3390669310193        2.3413704075106        2.3390669310193        2.3410460418231
7.4003918486039        2.3390669310193        2.3420533720615        2.3390669310193        2.3416328342329
7.532837099151         2.3390669310193        2.34222735001          2.3390669310193        2.3417823133522
7.6586629098899        2.3390669310193        2.3421367393822        2.3390669310193        2.3417044621247
7.7782001117354        2.3390669310193        2.3419340075688        2.3390669310193        2.3415302781365
7.891763001107         2.3390669310193        2.341692450177         2.3390669310193        2.3413227358213
7.9996501663019        2.3390669310193        2.3414480452736        2.3390669310193        2.341112746969
8.1021452725658        2.3390669310193        2.3412175277683        2.3390669310193        2.3409146899508
8.1995178079279        2.3390669310193        2.3410078466215        2.3390669310193        2.3407345352045
8.2920237917592        2.3390669310193        2.3408210616502        2.3390669310193        2.3405740524924
8.3799064479186        2.3390669310193        2.3406568974682        2.3390669310193        2.340433005207
8.4633968442558        2.3390669310193        2.3405140721947        2.3390669310193        2.3403102919763
8.5427145001525        2.3390669310193        2.3403909723454        2.3390669310193        2.3402045265203
8.6180679636999        2.3390669310193        2.3402859514448        2.3390669310193        2.3401142942128
8.6896553600291        2.3390669310193        2.3401974162724        2.3390669310193        2.3400382261839
8.7576649122373        2.3390669310193        2.3401224303193        2.3390669310193        2.3399737994314
8.8222754362784        2.3390669310193        2.3400583105328        2.3390669310193        2.3399187087185
8.8836568111193        2.3390669310193        2.3400030196327        2.3390669310193        2.3398712036459
8.9419704253995        2.3390669310193        2.3399549872599        2.3390669310193        2.339829934986
8.9973696017656        2.3390669310193        2.3399129840921        2.3390669310193        2.3397938465243
9.05                   2.3390669310193        2.3398760336679        2.3390669310193        2.3397620993004
9.1                    2.3390669310193        2.3398433500148        2.3390669310193        2.3397340180193
9.15                   2.3390669310193        2.3398128087129        2.3390669310193        2.3397077774126
9.2                    2.3390669310193        2.3397842209599        2.3390669310193        2.3396832152645
9.25                   2.3390669310193        2.3397574100127        2.3390669310193        2.33966017972
9.3                    2.3390669310193        2.3397322075236        2.3390669310193        2.3396385261374
9.35                   2.3390669310193        2.339708450394         2.3390669310193        2.339618114385
9.4                    2.3390669310193        2.3396859781219        2.3390669310193        2.3395988065619
9.45                   2.3390669310193        2.3396646306975        2.3390669310193        2.3395804651904
9.5                    2.3390669310193        2.3396442471717        2.3390669310193        2.3395629519853
9.55                   2.3390669310193        2.339624665104         2.3390669310193        2.3395461273805
9.6                    2.3390669310193        2.3396057211937        2.3390669310193        2.3395298510704
9.65                   2.3390669310193        2.3395872440534        2.3390669310193        2.3395139758019
9.7                    2.3390669310193        2.3395691700147        2.3390669310193        2.3394984468718
9.75                   2.3390669310193        2.3395515397802        2.3390669310193        2.3394832992513
9.8                    2.3390669310193        2.339534380036         2.3390669310193        2.3394685558688
9.85                   2.3390669310193        2.3395177071859        2.3390669310193        2.339454230818
9.9                    2.3390669310193        2.3395015300343        2.3390669310193        2.3394403316635
9.95                   2.3390669310193        2.3394858517322        2.3390669310193        2.3394268611127
10                     2.3390669310193        2.3394706712035        2.3390669310193        2.3394138182411
10.05                  2.3390669310193        2.3394559842009        2.3390669310193        2.3394011993992
10.1                   2.3390669310193        2.3394417840959        2.3390669310193        2.3393889988922
10.15                  2.3390669310193        2.339428062478         2.3390669310193        2.3393772094937
10.2                   2.3390669310193        2.3394148096118        2.3390669310193        2.3393658228393
10.25                  2.3390669310193        2.3394020147907        2.3390669310193        2.3393548297301
10.3                   2.3390669310193        2.3393896666127        2.3390669310193        2.3393442203696
10.35                  2.3390669310193        2.3393777531966        2.3390669310193        2.3393339845497
10.4                   2.3390669310193        2.3393662623531        2.3390669310193        2.3393241117975
10.45                  2.3390669310193        2.3393551817206        2.3390669310193        2.3393145914922
10.5                   2.3390669310193        2.3393444988733        2.3390669310193        2.3393054129577
10.55                  2.3390669310193        2.3393342014074        2.3390669310193        2.3392965655368
10.6                   2.3390669310193        2.3393242770097        2.3390669310193        2.3392880386503
10.65                  2.3390669310193        2.3393147135123        2.3390669310193        2.3392798218435
10.7                   2.3390669310193        2.3393054989352        2.3390669310193        2.3392719048237
10.75                  2.3390669310193        2.3392966215205        2.3390669310193        2.3392642774885
10.8                   2.3390669310193        2.3392880697578        2.3390669310193        2.3392569299484
10.85                  2.3390669310193        2.3392798324043        2.3390669310193        2.3392498525437
10.9                   2.3390669310193        2.3392718984988        2.3390669310193        2.3392430358568
10.95                  2.3390669310193        2.3392642573725        2.3390669310193        2.3392364707211
11                     2.3390669310193        2.3392568986551        2.3390669310193        2.3392301482268
11.05                  2.3390669310193        2.3392498122787        2.3390669310193        2.3392240597235
11.1                   2.3390669310193        2.3392429884794        2.3390669310193        2.3392181968224
11.15                  2.3390669310193        2.3392364177964        2.3390669310193        2.3392125513948
11.2                   2.3390669310193        2.33923009107          2.3390669310193        2.339207115571
11.25                  2.3390669310193        2.3392239994382        2.3390669310193        2.3392018817366
11.3                   2.3390669310193        2.3392181343321        2.3390669310193        2.3391968425296
11.35                  2.3390669310193        2.3392124874705        2.3390669310193        2.3391919908348
11.4                   2.3390669310193        2.3392070508542        2.3390669310193        2.3391873197796
11.45                  2.3390669310193        2.3392018167596        2.3390669310193        2.3391828227277
11.5                   2.3390669310193        2.3391967777314        2.3390669310193        2.3391784932739
11.55                  2.3390669310193        2.3391919265764        2.3390669310193        2.3391743252377
11.6                   2.3390669310193        2.3391872563552        2.3390669310193        2.3391703126571
11.65                  2.3390669310193        2.3391827603758        2.3390669310193        2.3391664497822
11.7                   2.3390669310193        2.3391784321857        2.3390669310193        2.3391627310693
11.75                  2.3390669310193        2.3391742655646        2.3390669310193        2.3391591511739
11.8                   2.3390669310193        2.3391702545171        2.3390669310193        2.339155704945
11.85                  2.3390669310193        2.3391663932655        2.3390669310193        2.3391523874183
11.9                   2.3390669310193        2.3391626762425        2.3390669310193        2.3391491938105
11.95                  2.3390669310193        2.3391590980842        2.3390669310193        2.3391461195131
12                     2.3390669310193        2.3391556536233        2.3390669310193        2.3391431600864
12.05                  2.3390669310193        2.3391523378822        2.3390669310193        2.3391403112538
12.1                   2.3390669310193        2.3391491460667        2.3390669310193        2.3391375688961
12.15                  2.3390669310193        2.3391460735591        2.3390669310193        2.3391349290459
12.2                   2.3390669310193        2.3391431159126        2.3390669310193        2.3391323878824
12.25                  2.3390669310193        2.3391402688446        2.3390669310193        2.3391299417263
12.3                   2.3390669310193        2.3391375282313        2.3390669310193        2.3391275870344
12.35                  2.3390669310193        2.3391348901017        2.3390669310193        2.339125320395
12.4                   2.3390669310193        2.3391323506325        2.3390669310193        2.3391231385229
12.45                  2.3390669310193        2.339129906142         2.3390669310193        2.3391210382551
12.5                   2.3390669310193        2.3391275530859        2.3390669310193        2.3391190165463
12.55                  2.3390669310193        2.3391252880514        2.3390669310193        2.3391170704643
12.6                   2.3390669310193        2.3391231077531        2.3390669310193        2.3391151971862
12.65                  2.3390669310193        2.3391210090277        2.3390669310193        2.3391133939944
12.7                   2.3390669310193        2.3391189888302        2.3390669310193        2.3391116582724
12.75                  2.3390669310193        2.3391170442288        2.3390669310193        2.3391099875014
12.8                   2.3390669310193        2.3391151724014        2.3390669310193        2.3391083792567
12.85                  2.3390669310193        2.3391133706309        2.3390669310193        2.3391068312039
12.9                   2.3390669310193        2.3391116363021        2.3390669310193        2.3391053410958
12.95                  2.3390669310193        2.339109966897         2.3390669310193        2.3391039067692
13                     2.3390669310193        2.3391083599921        2.3390669310193        2.3391025261417
13.05                  2.3390669310193        2.3391068132541        2.3390669310193        2.3391011972087
13.1                   2.3390669310193        2.3391053244371        2.3390669310193        2.3390999180406
13.15                  2.3390669310193        2.3391038913792        2.3390669310193        2.3390986867798
13.2                   2.3390669310193        2.3391025119993        2.3390669310193        2.3390975016382
13.25                  2.3390669310193        2.3391011842939        2.3390669310193        2.3390963608946
13.3                   2.3390669310193        2.3390999063346        2.3390669310193        2.3390952628921
13.35                  2.3390669310193        2.3390986762653        2.3390669310193        2.3390942060358
13.4                   2.3390669310193        2.3390974922988        2.3390669310193        2.3390931887904
13.45                  2.3390669310193        2.3390963527152        2.3390669310193        2.3390922096781
13.5                   2.3390669310193        2.3390952558587        2.3390669310193        2.3390912672762
13.55                  2.3390669310193        2.3390942001354        2.3390669310193        2.3390903602153
13.6                   2.3390669310193        2.3390931840108        2.3390669310193        2.339089487177
13.65                  2.3390669310193        2.3390922060078        2.3390669310193        2.3390886468923
13.7                   2.3390669310193        2.3390912647047        2.3390669310193        2.3390878381394
13.75                  2.3390669310193        2.3390903587323        2.3390669310193        2.3390870597421
13.8                   2.3390669310193        2.3390894867727        2.3390669310193        2.3390863105681
13.85                  2.3390669310193        2.3390886475569        2.3390669310193        2.3390855895272
13.9                   2.3390669310193        2.3390878398631        2.3390669310193        2.3390848955694
13.95                  2.3390669310193        2.3390870625148        2.3390669310193        2.3390842276839
14                     2.3390669310193        2.3390863143787        2.3390669310193        2.3390835848971
14.05                  2.3390669310193        2.3390855943635        2.3390669310193        2.3390829662714
14.1                   2.3390669310193        2.3390849014178        2.3390669310193        2.3390823709033
14.15                  2.3390669310193        2.3390842345284        2.3390669310193        2.3390817979224
14.2                   2.3390669310193        2.339083592719         2.3390669310193        2.3390812464898
14.25                  2.3390669310193        2.3390829750483        2.3390669310193        2.3390807157969
14.3                   2.3390669310193        2.3390823806084        2.3390669310193        2.3390802050635
14.35                  2.3390669310193        2.3390818085235        2.3390669310193        2.3390797135371
14.4                   2.3390669310193        2.3390812579479        2.3390669310193        2.3390792404912
14.45                  2.3390669310193        2.3390807280647        2.3390669310193        2.3390787852239
14.5                   2.3390669310193        2.339080218084         2.3390669310193        2.3390783470565
14.55                  2.3390669310193        2.3390797272414        2.3390669310193        2.3390779253323
14.6                   2.3390669310193        2.3390792547962        2.3390669310193        2.3390775194147
14.65                  2.3390669310193        2.3390788000295        2.3390669310193        2.3390771286863
14.7                   2.3390669310193        2.3390783622426        2.3390669310193        2.3390767525467
14.75                  2.3390669310193        2.3390779407549        2.3390669310193        2.3390763904111
14.8                   2.3390669310193        2.3390775349016        2.3390669310193        2.3390760417084
14.85                  2.3390669310193        2.3390771440319        2.3390669310193        2.3390757058792
14.9                   2.3390669310193        2.3390767675061        2.3390669310193        2.3390753823742
14.95                  2.3390669310193        2.339076404693         2.3390669310193        2.3390750706509
15                     2.3390669310193        2.3390760549672        2.3390669310193        2.3390747701719
15.05                  2.3390669310193        2.3390757177056        2.3390669310193        2.3390744804021
15.1                   2.3390669310193        2.3390753922839        2.3390669310193        2.3390742008049
15.15                  2.3390669310193        2.3390750780728        2.3390669310193        2.3390739308397
15.2                   2.3390669310193        2.3390747744334        2.3390669310193        2.3390736699575
15.25                  2.3390669310193        2.3390744807126        2.3390669310193        2.3390734175971
15.3                   2.3390669310193        2.3390741962379        2.3390669310193        2.339073173181
15.35                  2.3390669310193        2.3390739203122        2.3390669310193        2.33907293611
15.4                   2.3390669310193        2.339073652208         2.3390669310193        2.339072705759
15.45                  2.3390669310193        2.339073391162         2.3390669310193        2.3390724814724
15.5                   2.3390669310193        2.3390731363703        2.3390669310193        2.3390722625594
15.55                  2.3390669310193        2.3390728869851        2.3390669310193        2.3390720482915
15.6                   2.3390669310193        2.3390726421135        2.3390669310193        2.3390718379017
15.65                  2.3390669310193        2.3390724008217        2.3390669310193        2.3390716305876
15.7                   2.3390669310193        2.3390721621459        2.3390669310193        2.3390714255211
15.75                  2.3390669310193        2.3390719248191        2.3390669310193        2.3390712216137
15.8                   2.3390669310193        2.3390716885661        2.3390669310193        2.3390710186288
15.85                  2.3390669310193        2.3390714543168        2.3390669310193        2.3390708173654
15.9                   2.3390669310193        2.3390712228598        2.3390669310193        2.3390706185012
15.95                  2.3390669310193        2.3390709948729        2.3390669310193        2.3390704226185
16                     2.3390669310193        2.3390707709423        2.3390669310193        2.3390702302208
16.05                  2.3390669310193        2.3390705515747        2.3390669310193        2.3390700417436
16.1                   2.3390669310193        2.3390703372056        2.3390669310193        2.339069857561
16.15                  2.3390669310193        2.3390701282039        2.3390669310193        2.3390696779901
16.2                   2.3390669310193        2.339069924876         2.3390669310193        2.339069503294
16.25                  2.3390669310193        2.3390697274688        2.3390669310193        2.3390693336847
16.3                   2.3390669310193        2.3390695361724        2.3390669310193        2.3390691693259
16.35                  2.3390669310193        2.3390693511245        2.3390669310193        2.3390690103356
16.4                   2.3390669310193        2.3390691724137        2.3390669310193        2.3390688567901
16.45                  2.3390669310193        2.3390690000847        2.3390669310193        2.3390687087278
16.5                   2.3390669310193        2.3390688341437        2.3390669310193        2.3390685661539
16.55                  2.3390669310193        2.3390686745642        2.3390669310193        2.3390684290457
16.6                   2.3390669310193        2.3390685212931        2.3390669310193        2.3390682973576
16.65                  2.3390669310193        2.3390683742554        2.3390669310193        2.3390681710251
16.7                   2.3390669310193        2.3390682333536        2.3390669310193        2.3390680499645
16.75                  2.3390669310193        2.339068098843         2.3390669310193        2.3390679343951
16.8                   2.3390669310193        2.3390679705809        2.3390669310193        2.3390678241943
16.85                  2.3390669310193        2.3390678477482        2.3390669310193        2.3390677186584
16.9                   2.3390669310193        2.3390677295951        2.3390669310193        2.3390676171431
16.95                  2.3390669310193        2.3390676154316        2.3390669310193        2.3390675190557
17                     2.3390669310193        2.3390675046179        2.3390669310193        2.3390674238462
17.05                  2.3390669310193        2.3390673965542        2.3390669310193        2.3390673309996
17.1                   2.3390669310193        2.3390672906728        2.3390669310193        2.3390672400279
17.15                  2.3390669310193        2.3390671864295        2.3390669310193        2.3390671504638
17.2                   2.3390669310193        2.339067083297         2.3390669310193        2.3390670618539
17.25                  2.3390669310193        2.3390669807572        2.3390669310193        2.3390669737534
17.3                   2.3390669310193        2.3390668782951        2.3390669310193        2.3390668857196
17.35                  2.3390669310193        2.339066775392         2.3390669310193        2.3390667973068
17.4                   2.3390669310193        2.3390666715181        2.3390669310193        2.33906670806
17.45                  2.3390669310193        2.3390665661257        2.3390669310193        2.3390666175085
17.5                   2.3390669310193        2.3390664586402        2.3390669310193        2.3390665251587
17.55                  2.3390669310193        2.3390663489652        2.3390669310193        2.3390664309276
17.6                   2.3390669310193        2.3390662371595        2.3390669310193        2.3390663348659
17.65                  2.3390669310193        2.3390661229519        2.3390669310193        2.3390662367405
17.7                   2.3390669310193        2.3390660061152        2.3390669310193        2.3390661363563
17.75                  2.3390669310193        2.3390658864617        2.3390669310193        2.3390660335519
17.8                   2.3390669310193        2.3390657638421        2.3390669310193        2.3390659281991
17.85                  2.3390669310193        2.3390656381464        2.3390669310193        2.3390658202033
17.9                   2.3390669310193        2.3390655093038        2.3390669310193        2.3390657095037
17.95                  2.3390669310193        2.3390653772841        2.3390669310193        2.3390655960745
18                     2.3390669310193        2.3390652420985        2.3390669310193        2.3390654799252
18.05                  2.3390669310193        2.3390651038           2.3390669310193        2.3390653611013
18.1                   2.3390669310193        2.3390649624841        2.3390669310193        2.3390652396849
18.15                  2.3390669310193        2.3390648182895        2.3390669310193        2.3390651157952
18.2                   2.3390669310193        2.3390646713986        2.3390669310193        2.3390649895888
18.25                  2.3390669310193        2.3390645220387        2.3390669310193        2.3390648612612
18.3                   2.3390669310193        2.3390643704849        2.3390669310193        2.3390647310485
18.35                  2.3390669310193        2.3390642170635        2.3390669310193        2.3390645992313
18.4                   2.3390669310193        2.33906406216          2.3390669310193        2.3390644661406
18.45                  2.3390669310193        2.3390639062308        2.3390669310193        2.3390643321687
18.5                   2.3390669310193        2.339063749823         2.3390669310193        2.3390641977856
18.55                  2.3390669310193        2.3390635927144        2.3390669310193        2.3390640628003
18.6                   2.3390669310193        2.3390634340825        2.3390669310193        2.3390639265063
18.65                  2.3390669310193        2.3390632733277        2.3390669310193        2.3390637883883
18.7                   2.3390669310193        2.3390631098662        2.3390669310193        2.3390636479448
18.75                  2.3390669310193        2.3390629431387        2.3390669310193        2.3390635046952
18.8                   2.3390669310193        2.3390627726134        2.3390669310193        2.3390633581825
18.85                  2.3390669310193        2.339062597786         2.3390669310193        2.3390632079736
18.9                   2.3390669310193        2.3390624181787        2.3390669310193        2.3390630536577
18.95                  2.3390669310193        2.3390622333368        2.3390669310193        2.3390628948445
19                     2.3390669310193        2.3390620428264        2.3390669310193        2.339062731161
19.05                  2.3390669310193        2.3390618462311        2.3390669310193        2.3390625622494
19.1                   2.3390669310193        2.339061643149         2.3390669310193        2.3390623877644
19.15                  2.3390669310193        2.3390614331897        2.3390669310193        2.3390622073707
19.2                   2.3390669310193        2.3390612159726        2.3390669310193        2.3390620207412
19.25                  2.3390669310193        2.339060991124         2.3390669310193        2.3390618275549
19.3                   2.3390669310193        2.3390607582759        2.3390669310193        2.3390616274955
19.35                  2.3390669310193        2.3390605170644        2.3390669310193        2.3390614202503
19.4                   2.3390669310193        2.3390602671285        2.3390669310193        2.3390612055094
19.45                  2.3390669310193        2.3390600081098        2.3390669310193        2.3390609829645
19.5                   2.3390669310193        2.3390597396517        2.3390669310193        2.3390607523096
19.55                  2.3390669310193        2.3390594614001        2.3390669310193        2.3390605132402
19.6                   2.3390669310193        2.3390591730035        2.3390669310193        2.3390602654543
19.65                  2.3390669310193        2.3390588741142        2.3390669310193        2.3390600086534
19.7                   2.3390669310193        2.33905856439          2.3390669310193        2.3390597425432
19.75                  2.3390669310193        2.3390582434962        2.3390669310193        2.3390594668364
19.8                   2.3390669310193        2.339057911109         2.3390669310193        2.3390591812545
19.85                  2.3390669310193        2.3390575669191        2.3390669310193        2.3390588855319
19.9                   2.3390669310193        2.3390572106373        2.3390669310193        2.3390585794203
19.95                  2.3390669310193        2.3390568420015        2.3390669310193        2.3390582626942
20                     2.3390669310193        2.3390564607852        2.3390669310193        2.3390579351591
20.05                  2.3390669310193        2.3390560668092        2.3390669310193        2.3390575966612
20.1                   2.3390669310193        2.3390556599575        2.3390669310193        2.3390572471006
20.15                  2.3390669310193        2.3390552401969        2.3390669310193        2.3390568864489
20.2                   2.3390669310193        2.3390548076047        2.3390669310193        2.3390565147725
20.25                  2.3390669310193        2.3390543624056        2.3390669310193        2.3390561322644
20.3                   2.3390669310193        2.3390539050218        2.3390669310193        2.3390557392875
20.35                  2.3390669310193        2.3390534361427        2.3390669310193        2.339055336434
20.4                   2.3390669310193        2.3390529568218        2.3390669310193        2.339054924609
20.45                  2.3390669310193        2.3390524654054        2.3390669310193        2.3390545023918
20.5                   2.3390669310193        2.3390519574466        2.3390669310193        2.3390540659615
20.55                  2.3390669310193        2.3390514287084        2.3390669310193        2.339053611678
20.6                   2.3390669310193        2.3390508749766        2.3390669310193        2.3390531359204
20.65                  2.3390669310193        2.3390502920757        2.3390669310193        2.3390526351011
20.7                   2.3390669310193        2.3390496758545        2.3390669310193        2.3390521056536
20.75                  2.3390669310193        2.3390490221495        2.3390669310193        2.3390515440006
20.8                   2.3390669310193        2.3390483267297        2.3390669310193        2.3390509465068
20.85                  2.3390669310193        2.339047585228         2.3390669310193        2.3390503094202
20.9                   2.3390669310193        2.3390467930598        2.3390669310193        2.3390496288018
20.95                  2.3390669310193        2.3390459453278        2.3390669310193        2.3390489004438
21.002630398234        2.3390669310193        2.3390449869297        2.3390669310193        2.3390480770032
21.058029574601        2.3390669310193        2.3390438974796        2.3390669310193        2.3390471409649
21.116343188881        2.3390669310193        2.339042651651         2.3390669310193        2.3390460705686
21.177724563722        2.3390669310193        2.3390412175587        2.3390669310193        2.3390448384191
21.242335087763        2.3390669310193        2.339039554472         2.3390669310193        2.3390434095212
21.310344639971        2.3390669310193        2.3390376095498        2.3390669310193        2.3390417384747
21.3819320363          2.3390669310193        2.3390353132013        2.3390669310193        2.3390397654883
21.457285499847        2.3390669310193        2.3390325892621        2.3390669310193        2.3390374251226
21.536603155744        2.3390669310193        2.3390293964085        2.3390669310193        2.3390346818731
21.620093552081        2.3390669310193        2.3390256919355        2.3390669310193        2.3390314990483
21.707976208241        2.3390669310193        2.3390214339941        2.3390669310193        2.3390278406921
21.800482192072        2.3390669310193        2.3390165893358        2.3390669310193        2.339023678238
21.897854727434        2.3390669310193        2.3390111508179        2.3390669310193        2.3390190055491
22.000349833698        2.3390669310193        2.3390051718659        2.3390669310193        2.3390138685278
22.108236998893        2.3390669310193        2.3389988327155        2.3390669310193        2.3390084220296
22.221799888265        2.3390669310193        2.3389925674214        2.3390669310193        2.3390030389877
22.34133709011         2.3390669310193        2.3389873091496        2.3390669310193        2.3389985211634
22.467162900849        2.3390669310193        2.3389849589742        2.3390669310193        2.3389965019297
22.599608151396        2.3390669310193        2.3389894714544        2.3390669310193        2.3390003789816
22.739021077007        2.3390669310193        2.3390071855616        2.3390669310193        2.3390155986634
22.885768232885        2.3390669310193        2.3390643760477        2.3390669310193        2.339064735828
