x[nm]                       Envelope_real_part[nm^-1/2] Envelope_imag_part[nm^-1/2]
7.1142317671146             -8.4635253547877e-05        9.850651945087e-05
7.260978922993              -0.001979110803732          0.0023034764913063
7.4003918486039             -0.0025659032135108         0.0029864410421813
7.532837099151              -0.0027153823328814         0.0031604189906421
7.6586629098899             -0.0026375311053883         0.0030698083628717
7.7782001117354             -0.0024633471171339         0.0028670765495001
7.891763001107              -0.0022558048019996         0.0026255191576852
7.9996501663019             -0.0020458159496668         0.0023811142542945
8.1021452725658             -0.0018477589314959         0.0021505967489415
8.1995178079279             -0.0016676041851367         0.0019409156021083
8.2920237917592             -0.0015071214730722         0.0017541306308959
8.3799064479186             -0.0013660741876098         0.0015899664488745
8.4633968442558             -0.0012433609569782         0.0014471411753223
8.5427145001525             -0.001137595500943          0.0013240413260817
8.6180679636999             -0.0010473631934949         0.0012190204254981
8.6896553600291             -0.00097129516456991        0.0011304852530163
8.7576649122373             -0.00090686841202891        0.0010554992999261
8.8222754362784             -0.00085177769913478        0.00099137951350352
8.8836568111193             -0.00080427262656966        0.00093608861333521
8.9419704253995             -0.0007630039666522         0.00088805624053001
8.9973696017656             -0.00072691550495529        0.00084605307275916
9.05                        -0.0006951682810959         0.00080910264851485
9.1                         -0.00066708699999021        0.00077641899545687
9.15                        -0.00064084639330484        0.00074587769352303
9.2                         -0.00061628424520354        0.0007172899405681
9.25                        -0.0005932487006706         0.00069047899335152
9.3                         -0.00057159511808547        0.00066527650426236
9.35                        -0.00055118336563207        0.00064151937462954
9.4                         -0.00053187554257138        0.00061904710251885
9.45                        -0.00051353417101455        0.00059769967815068
9.5                         -0.0004960209660056         0.00057731615240281
9.55                        -0.00047919636113117        0.0005577340846728
9.6                         -0.00046292005105118        0.00053879017432511
9.65                        -0.00044704478251533        0.00052031303408818
9.7                         -0.00043151585243759        0.00050223899533179
9.75                        -0.00041636823200255        0.00048460876083173
9.8                         -0.00040162484949635        0.00046744901669721
9.85                        -0.00038729979869538        0.00045077616659956
9.9                         -0.00037340064417921        0.00043459901491277
9.95                        -0.00035993009339197        0.00041892071281634
10                          -0.00034688722174523        0.00040374018418676
10.05                       -0.00033426837986821        0.00038905318154067
10.1                        -0.00032206787285301        0.00037485307660572
10.15                       -0.00031027847437651        0.00036113145870212
10.2                        -0.000298891819955          0.00034787859245275
10.25                       -0.00028789871073153        0.00033508377135696
10.3                        -0.00027728935023833        0.00032273559335762
10.35                       -0.00026705353034128        0.0003108221772623
10.4                        -0.00025718077818657        0.00029933133377299
10.45                       -0.00024766047286997        0.00028825070127599
10.5                        -0.00023848193833797        0.0002775678539692
10.55                       -0.00022963451744157        0.00026727038805489
10.6                        -0.00022110763091683        0.00025734599038329
10.65                       -0.00021289082420447        0.00024778249294852
10.7                        -0.00020497380440392        0.00023856791589858
10.75                       -0.00019734646917651        0.00022969050117532
10.8                        -0.00018999892905271        0.0002211387384787
10.85                       -0.00018292152431806        0.00021290138491796
10.9                        -0.00017610483743548        0.0002049674794724
10.95                       -0.00016953970179286        0.00019732635317134
11                          -0.00016321720741744        0.0001899676357449
11.05                       -0.00015712870419955        0.0001828812593767
11.1                        -0.0001512658030678         0.00017605746007163
11.15                       -0.0001456203754912         0.00016948677707514
11.2                        -0.00014018455161508        0.0001631600507059
11.25                       -0.00013495071729562        0.00015706841890261
11.3                        -0.00012991151024751        0.00015120331274085
11.35                       -0.00012505981548774        0.00014555645112961
11.4                        -0.00012038876023136        0.00014011983487075
11.45                       -0.00011589170836191        0.00013488574022419
11.5                        -0.00011156225458964        0.00012984671210742
11.55                       -0.00010739421838209        0.00012499555703185
11.6                        -0.00010338163774404        0.00012032533586326
11.65                       -9.9518762906199e-05        0.00011582935647566
11.7                        -9.5800049976877e-05        0.00011150116636387
11.75                       -9.2220154596456e-05        0.00010733454525558
11.8                        -8.8773925628941e-05        0.00010332349777142
11.85                       -8.5456398920252e-05        9.9462246158596e-05
11.9                        -8.2262791144994e-05        9.5745223129984e-05
11.95                       -7.9188493760019e-05        9.2167064827464e-05
12                          -7.6229067077337e-05        8.8722603921278e-05
12.05                       -7.3380234471486e-05        8.5406862870708e-05
12.1                        -7.0637876725586e-05        8.2215047340843e-05
12.15                       -6.7998026523899e-05        7.9142539794336e-05
12.2                        -6.5456863094026e-05        7.6184893254095e-05
12.25                       -6.3010707003508e-05        7.3337825248197e-05
12.3                        -6.0656015109665e-05        7.0597211932259e-05
12.35                       -5.8389375664557e-05        6.7959082391042e-05
12.4                        -5.6207503572889e-05        6.5419613119738e-05
12.45                       -5.4107235802203e-05        6.2975122682101e-05
12.5                        -5.2085526944941e-05        6.062206654404e-05
12.55                       -5.0139444925617e-05        5.8357032078724e-05
12.6                        -4.8266166854674e-05        5.617673374013e-05
12.65                       -4.6462975024284e-05        5.4078008402524e-05
12.7                        -4.4727253041213e-05        5.2057810859788e-05
12.75                       -4.3056482096306e-05        5.0113209483487e-05
12.8                        -4.1448237362141e-05        4.8241382029976e-05
12.85                       -3.9900184522288e-05        4.6439611600492e-05
12.9                        -3.8410076420441e-05        4.4705282741686e-05
12.95                       -3.6975749831249e-05        4.303587768743e-05
13                          -3.5595122346407e-05        4.1428972733912e-05
13.05                       -3.4266189374283e-05        3.9882234746926e-05
13.1                        -3.2987021245195e-05        3.8393417795556e-05
13.15                       -3.1755760424523e-05        3.6960359904266e-05
13.2                        -3.0570618824056e-05        3.5580979927261e-05
13.25                       -2.9429875213936e-05        3.4253274534033e-05
13.3                        -2.8331872724758e-05        3.2975315303088e-05
13.35                       -2.7275016441743e-05        3.1745245921841e-05
13.4                        -2.6257771087368e-05        3.0561279488678e-05
13.45                       -2.5278658783637e-05        2.9421695909645e-05
13.5                        -2.4336256898245e-05        2.8324839390238e-05
13.55                       -2.3429195963274e-05        2.726911601453e-05
13.6                        -2.2556157671543e-05        2.6252991411301e-05
13.65                       -2.1715872939255e-05        2.5274988500627e-05
13.7                        -2.090712003652e-05         2.433368531803e-05
13.75                       -2.0128722782164e-05        2.3427712912398e-05
13.8                        -1.9379548796351e-05        2.255575331248e-05
13.85                       -1.865850781121e-05         2.171653756176e-05
13.9                        -1.7964550031987e-05        2.0908843810119e-05
13.95                       -1.7296664549969e-05        2.0131495465675e-05
14                          -1.6653877797734e-05        1.9383359398704e-05
14.05                       -1.6035252046552e-05        1.8663344191617e-05
14.1                        -1.5439883939308e-05        1.797039843211e-05
14.15                       -1.4866903056243e-05        1.7303509043144e-05
14.2                        -1.4315470505804e-05        1.6661699643666e-05
14.25                       -1.3784777536972e-05        1.6044028931966e-05
14.3                        -1.3274044164671e-05        1.5449589088402e-05
14.35                       -1.2782517804874e-05        1.4877504183726e-05
14.4                        -1.2309471906988e-05        1.4326928589829e-05
14.45                       -1.1854204577908e-05        1.3797045377426e-05
14.5                        -1.1416037187091e-05        1.3287064691581e-05
14.55                       -1.0994312939512e-05        1.2796222092869e-05
14.6                        -1.0588395408952e-05        1.2323776847047e-05
14.65                       -1.0197667008019e-05        1.1869010148551e-05
14.7                        -9.8215273886842e-06        1.1431223254939e-05
14.75                       -9.4593917468224e-06        1.100973551566e-05
14.8                        -9.1106890124865e-06        1.0603882266144e-05
14.85                       -8.7748599043112e-06        1.0213012560708e-05
14.9                        -8.4513548156092e-06        9.8364867163392e-06
14.95                       -8.1396315115756e-06        9.4736736277947e-06
15                          -7.8391525979578e-06        9.123947825829e-06
15.05                       -7.5493827374112e-06        8.7866862336334e-06
15.1                        -7.2697855726624e-06        8.4612645870995e-06
15.15                       -6.999820335317e-06         8.1470534894281e-06
15.2                        -6.7389381176251e-06        7.8434140694446e-06
15.25                       -6.4865777961789e-06        7.5496932390632e-06
15.3                        -6.2421616351947e-06        7.2652185750362e-06
15.35                       -6.0050906272158e-06        6.9892928954931e-06
15.4                        -5.7747397069218e-06        6.7211886898529e-06
15.45                       -5.5504530778277e-06        6.4601426802497e-06
15.5                        -5.3315400660001e-06        6.2053509950568e-06
15.55                       -5.1172721670668e-06        5.9559657319374e-06
15.6                        -4.9068823450696e-06        5.7110941418819e-06
15.65                       -4.699568228535e-06         5.4698023489314e-06
15.7                        -4.4945017242951e-06        5.2311265394878e-06
15.75                       -4.290594313214e-06         4.9937997925496e-06
15.8                        -4.087609432398e-06         4.7575467735997e-06
15.85                       -3.8863460659646e-06        4.5232974160938e-06
15.9                        -3.6874818847492e-06        4.2918404570232e-06
15.95                       -3.4915991569003e-06        4.0638535958136e-06
16                          -3.2992014609513e-06        3.8399229452162e-06
16.05                       -3.1107242794021e-06        3.6205553597893e-06
16.1                        -2.9265416900579e-06        3.406186227769e-06
16.15                       -2.7469707483074e-06        3.1971845675949e-06
16.2                        -2.5722746460772e-06        2.9938567073081e-06
16.25                       -2.4026654046221e-06        2.7964494168198e-06
16.3                        -2.2383065816294e-06        2.6051530603681e-06
16.35                       -2.0793163013442e-06        2.4201051226052e-06
16.4                        -1.9257707821504e-06        2.2413943128552e-06
16.45                       -1.7777084361157e-06        2.0690653386915e-06
16.5                        -1.6351345411769e-06        1.903124343022e-06
16.55                       -1.4980263504415e-06        1.7435448516713e-06
16.6                        -1.3663382387453e-06        1.5902737612431e-06
16.65                       -1.2400057382659e-06        1.4432360378546e-06
16.7                        -1.1189451548162e-06        1.3023342709881e-06
16.75                       -1.0033757348256e-06        1.1678236401014e-06
16.8                        -8.9317497757395e-07        1.0395615668509e-06
16.85                       -7.8763905425873e-07        9.1672886866603e-07
16.9                        -6.8612375073571e-07        7.9857574814538e-07
16.95                       -5.8803631865149e-07        6.8441230844917e-07
17                          -4.9282687358133e-07        5.7359854259022e-07
17.05                       -3.9998025665504e-07        4.6553485982714e-07
17.1                        -3.090085837105e-07         3.5965341401538e-07
17.15                       -2.1944443891557e-07        2.5541018220699e-07
17.2                        -1.3083458338335e-07        1.5227764263061e-07
17.25                       -4.2734018774072e-08        4.9737863691283e-08
17.3                        4.5299768444785e-08         -5.2724193652186e-08
17.35                       1.3371256021131e-07         -1.5562737219119e-07
17.4                        2.2295936439981e-07         -2.5950125347052e-07
17.45                       3.1351084990234e-07         -3.6489364696713e-07
17.5                        4.0586068446286e-07         -4.7237912977241e-07
17.55                       5.0009169980054e-07         -5.820541089999e-07
17.6                        5.9615345120634e-07         -6.9385987310846e-07
17.65                       6.9427881159891e-07         -8.0806746041958e-07
17.7                        7.9466305549998e-07         -9.2490415043133e-07
17.75                       8.9746748535319e-07         -1.0445576818883e-06
17.8                        1.0028202399667e-06         -1.1671771955824e-06
17.85                       1.1108160491788e-06         -1.2928729463122e-06
17.9                        1.2215156003924e-06         -1.421715568051e-06
17.95                       1.3349448135938e-06         -1.5537352290046e-06
18                          1.4510941570991e-06         -1.6889208354748e-06
18.05                       1.5699180638357e-06         -1.8272193518367e-06
18.1                        1.6913344381083e-06         -1.9685352277593e-06
18.15                       1.8152241818704e-06         -2.1127298452378e-06
18.2                        1.9414305680315e-06         -2.2596207905061e-06
18.25                       2.0697581623335e-06         -2.408980598843e-06
18.3                        2.1999708224991e-06         -2.5605344252602e-06
18.35                       2.331788061347e-06          -2.713955812613e-06
18.4                        2.4648787400775e-06         -2.8688593497999e-06
18.45                       2.5988506265005e-06         -3.0247885194885e-06
18.5                        2.7332337924365e-06         -3.1811963754932e-06
18.55                       2.8682190155401e-06         -3.3383049623812e-06
18.6                        3.004513010364e-06          -3.4969368215632e-06
18.65                       3.1426310296266e-06         -3.6576916537709e-06
18.7                        3.2830745545028e-06         -3.8211531293923e-06
18.75                       3.4263241903984e-06         -3.9878806228633e-06
18.8                        3.5728368853951e-06         -4.1584059737482e-06
18.85                       3.7230457806785e-06         -4.3332333126792e-06
18.9                        3.8773615955259e-06         -4.5128406733758e-06
18.95                       4.0361748285609e-06         -4.6976825554855e-06
19                          4.1998583214589e-06         -4.8881929072358e-06
19.05                       4.3687698994649e-06         -5.0847881994966e-06
19.1                        4.5432549150575e-06         -5.2878703868946e-06
19.15                       4.7236485949145e-06         -5.4978296372777e-06
19.2                        4.9102781275988e-06         -5.7150467633993e-06
19.25                       5.1034644702851e-06         -5.9398953264283e-06
19.3                        5.3035238563405e-06         -6.1727433882293e-06
19.35                       5.5107689979629e-06         -6.413954912336e-06
19.4                        5.7255099773966e-06         -6.6638908029996e-06
19.45                       5.9480548282792e-06         -6.92290957835e-06
19.5                        6.1787097847036e-06         -7.1913676624367e-06
19.55                       6.4177791856065e-06         -7.4696192743139e-06
19.6                        6.6655650035509e-06         -7.7580158777441e-06
19.65                       6.9223659514687e-06         -8.0569051434499e-06
19.7                        7.1884761095129e-06         -8.3666293499913e-06
19.75                       7.4641829827489e-06         -8.6875231218174e-06
19.8                        7.7497648749768e-06         -9.0199103765995e-06
19.85                       8.0454874213727e-06         -9.3641002851825e-06
19.9                        8.3515990574081e-06         -9.7203819993636e-06
19.95                       8.6683251261573e-06         -1.0089017795823e-05
20                          8.9958602143131e-06         -1.0470234153315e-05
20.05                       9.3343581339458e-06         -1.0864210092325e-05
20.1                        9.6839187426924e-06         -1.1271061836446e-05
20.15                       1.0044570457622e-05         -1.1690822460731e-05
20.2                        1.041624683881e-05          -1.2123414635448e-05
20.25                       1.0798754908734e-05         -1.2568613755731e-05
20.3                        1.1191731866302e-05         -1.3025997559181e-05
20.35                       1.1594585364933e-05         -1.3494876616709e-05
20.4                        1.2006410355278e-05         -1.3974197546053e-05
20.45                       1.2428627558543e-05         -1.4465613916778e-05
20.5                        1.286505780387e-05          -1.4973572772017e-05
20.55                       1.3319341292534e-05         -1.5502310923335e-05
20.6                        1.3795098923741e-05         -1.6056042715107e-05
20.65                       1.4295918238065e-05         -1.6638943667166e-05
20.7                        1.4825365735864e-05         -1.7255164810732e-05
20.75                       1.5387018790698e-05         -1.7908869832298e-05
20.8                        1.5984512562032e-05         -1.8604289674265e-05
20.85                       1.6621599106838e-05         -1.9345791335709e-05
20.9                        1.730221751207e-05          -2.0137959499842e-05
20.95                       1.8030575539551e-05         -2.0985691558185e-05
21.002630398234             1.8854016093237e-05         -2.1944089665606e-05
21.058029574601             1.9790054409184e-05         -2.3033539713452e-05
21.116343188881             2.0860450737112e-05         -2.4279368340885e-05
21.177724563722             2.2092600274423e-05         -2.5713460673371e-05
21.242335087763             2.3521498134713e-05         -2.7376547339332e-05
21.310344639971             2.5192544661201e-05         -2.9321469557481e-05
21.3819320363               2.7165531063118e-05         -3.1617818000608e-05
21.457285499847             2.9505896742872e-05         -3.4341757243084e-05
21.536603155744             3.2249146281508e-05         -3.753461087946e-05
21.620093552081             3.5431971062332e-05         -4.1239083816869e-05
21.707976208241             3.9090327249776e-05         -4.5497025244971e-05
21.800482192072             4.3252781302074e-05         -5.0341683512711e-05
21.897854727434             4.7925470209073e-05         -5.5780201429891e-05
22.000349833698             5.3062491562769e-05         -6.1759153427801e-05
22.108236998893             5.8508989694898e-05         -6.8098303812387e-05
22.221799888265             6.3892031674053e-05         -7.4363597917157e-05
22.34133709011              6.8409855960541e-05         -7.9621869723155e-05
22.467162900849             7.0429089628147e-05         -8.1972045116064e-05
22.599608151396             6.6552037777064e-05         -7.7459564961231e-05
22.739021077007             5.1332355938835e-05         -5.9745457724492e-05
22.885768232885             2.1951913716942e-06         -2.5549716332997e-06
