x[nm]                    E_12_real[eV]            Psi_12_so2_real[nm^-1/2] E_12_imag[eV]            Psi_12_so2_imag[nm^-1/2]
7.1142317671146          2.9525116792099          2.9509891562254          2.9525116792099          2.9528326102536
7.260978922993           2.9525116792099          2.9774548754435          2.9525116792099          2.9472539286974
7.4003918486039          2.9525116792099          2.9713993950925          2.9525116792099          2.9485303571318
7.532837099151           2.9525116792099          2.9712147429574          2.9525116792099          2.9485692797642
7.6586629098899          2.9525116792099          2.970766839675           2.9525116792099          2.9486636928334
7.7782001117354          2.9525116792099          2.9706894512775          2.9525116792099          2.9486800054536
7.891763001107           2.9525116792099          2.9708448892653          2.9525116792099          2.9486472408411
7.9996501663019          2.9525116792099          2.9711935318169          2.9525116792099          2.9485737508386
8.1021452725658          2.9525116792099          2.9717030933089          2.9525116792099          2.9484663408992
8.1995178079279          2.9525116792099          2.9723489525076          2.9525116792099          2.9483302009073
8.2920237917592          2.9525116792099          2.9731112326745          2.9525116792099          2.94816952066
8.3799064479186          2.9525116792099          2.9739732104851          2.9525116792099          2.9479878252497
8.4633968442558          2.9525116792099          2.974920226941           2.9525116792099          2.9477882046313
8.5427145001525          2.9525116792099          2.9759384544064          2.9525116792099          2.9475735735179
8.6180679636999          2.9525116792099          2.97701197029            2.9525116792099          2.9473472882162
8.6896553600291          2.9525116792099          2.9781625633321          2.9525116792099          2.9471047558999
8.7576649122373          2.9525116792099          2.9792956272038          2.9525116792099          2.9468659185394
8.8222754362784          2.9525116792099          2.9803610855218          2.9525116792099          2.9466413316835
8.8836568111193          2.9525116792099          2.9813475036451          2.9525116792099          2.9464334056285
8.9419704253995          2.9525116792099          2.9822512979697          2.9525116792099          2.9462428957584
8.9973696017656          2.9525116792099          2.9830712694686          2.9525116792099          2.946070054815
9.05                     2.9525116792099          2.983807448896           2.9525116792099          2.9459148763156
9.1                      2.9525116792099          2.9844608366545          2.9525116792099          2.9457771493864
9.15                     2.9525116792099          2.9850626738659          2.9525116792099          2.9456502887436
9.2                      2.9525116792099          2.9856054933777          2.9525116792099          2.9455358683807
9.25                     2.9525116792099          2.986081935385           2.9525116792099          2.9454354396632
9.3                      2.9525116792099          2.9864851863365          2.9525116792099          2.9453504388126
9.35                     2.9525116792099          2.9868096254371          2.9525116792099          2.9452820506304
9.4                      2.9525116792099          2.9870517408843          2.9525116792099          2.9452310153659
9.45                     2.9525116792099          2.9872114007828          2.9525116792099          2.9451973608212
9.5                      2.9525116792099          2.9872935916992          2.9525116792099          2.945180035883
9.55                     2.9525116792099          2.9873107736806          2.9525116792099          2.945176414111
9.6                      2.9525116792099          2.9872860471595          2.9525116792099          2.9451816261887
9.65                     2.9525116792099          2.9871912589369          2.9525116792099          2.9452016065001
9.7                      2.9525116792099          2.9869998236562          2.9525116792099          2.9452419589447
9.75                     2.9525116792099          2.9867419853752          2.9525116792099          2.945296308409
9.8                      2.9525116792099          2.9864378132971          2.9525116792099          2.9453604245265
9.85                     2.9525116792099          2.9861005770586          2.9525116792099          2.9454315102041
9.9                      2.9525116792099          2.9857390132607          2.9525116792099          2.9455077238628
9.95                     2.9525116792099          2.9853588455875          2.9525116792099          2.945587859013
10                       2.9525116792099          2.9849638027752          2.9525116792099          2.9456711296785
10.05                    2.9525116792099          2.9845562990329          2.9525116792099          2.9457570269705
10.1                     2.9525116792099          2.9841378877863          2.9525116792099          2.945845223444
10.15                    2.9525116792099          2.9837095633847          2.9525116792099          2.9459355095012
10.2                     2.9525116792099          2.9832719609861          2.9525116792099          2.9460277512578
10.25                    2.9525116792099          2.9828254883775          2.9525116792099          2.9461218627567
10.3                     2.9525116792099          2.982370412399           2.9525116792099          2.9462177877512
10.35                    2.9525116792099          2.9819069151782          2.9525116792099          2.9463154878505
10.4                     2.9525116792099          2.9814351303585          2.9525116792099          2.9464149348843
10.45                    2.9525116792099          2.98095516613            2.9525116792099          2.9465161060471
10.5                     2.9525116792099          2.9804671196038          2.9525116792099          2.9466189808691
10.55                    2.9525116792099          2.9799710855503          2.9525116792099          2.9467235393738
10.6                     2.9525116792099          2.9794671615029          2.9525116792099          2.9468297610021
10.65                    2.9525116792099          2.9789554505495          2.9525116792099          2.9469376240242
10.7                     2.9525116792099          2.9784360626753          2.9525116792099          2.9470471052565
10.75                    2.9525116792099          2.9779091152244          2.9525116792099          2.9471581799642
10.8                     2.9525116792099          2.9773747328421          2.9525116792099          2.9472708218733
10.85                    2.9525116792099          2.9768330471307          2.9525116792099          2.9473850032437
10.9                     2.9525116792099          2.9762841961634          2.9525116792099          2.9475006949709
10.95                    2.9525116792099          2.9757283239451          2.9525116792099          2.9476178667004
11                       2.9525116792099          2.9751655798725          2.9525116792099          2.9477364869409
11.05                    2.9525116792099          2.974596118222           2.9525116792099          2.9478565231727
11.1                     2.9525116792099          2.974020097679           2.9525116792099          2.9479779419466
11.15                    2.9525116792099          2.9734376809164          2.9525116792099          2.9481007089731
11.2                     2.9525116792099          2.9728490342195          2.9525116792099          2.9482247892009
11.25                    2.9525116792099          2.9722543271567          2.9525116792099          2.9483501468871
11.3                     2.9525116792099          2.9716537322909          2.9525116792099          2.9484767456571
11.35                    2.9525116792099          2.9710474249277          2.9525116792099          2.9486045485585
11.4                     2.9525116792099          2.9704355828941          2.9525116792099          2.9487335181074
11.45                    2.9525116792099          2.9698183863449          2.9525116792099          2.948863616329
11.5                     2.9525116792099          2.9691960175916          2.9525116792099          2.9489948047943
11.55                    2.9525116792099          2.9685686609508          2.9525116792099          2.9491270446511
11.6                     2.9525116792099          2.9679365026086          2.9525116792099          2.9492602966537
11.65                    2.9525116792099          2.9672997304979          2.9525116792099          2.9493945211877
11.7                     2.9525116792099          2.9666585341878          2.9525116792099          2.9495296782941
11.75                    2.9525116792099          2.9660131047814          2.9525116792099          2.9496657276905
11.8                     2.9525116792099          2.965363634821           2.9525116792099          2.9498026287911
11.85                    2.9525116792099          2.9647103182001          2.9525116792099          2.9499403407253
11.9                     2.9525116792099          2.9640533500796          2.9525116792099          2.9500788223553
11.95                    2.9525116792099          2.9633929268094          2.9525116792099          2.9502180322928
12                       2.9525116792099          2.9627292458517          2.9525116792099          2.9503579289148
12.05                    2.9525116792099          2.9620625057083          2.9525116792099          2.9504984703794
12.1                     2.9525116792099          2.9613929058493          2.9525116792099          2.9506396146405
12.15                    2.9525116792099          2.9607206466442          2.9525116792099          2.9507813194624
12.2                     2.9525116792099          2.9600459292936          2.9525116792099          2.9509235424343
12.25                    2.9525116792099          2.9593689557632          2.9525116792099          2.9510662409839
12.3                     2.9525116792099          2.9586899287171          2.9525116792099          2.951209372392
12.35                    2.9525116792099          2.9580090514533          2.9525116792099          2.9513528938056
12.4                     2.9525116792099          2.9573265278388          2.9525116792099          2.9514967622518
12.45                    2.9525116792099          2.9566425622456          2.9525116792099          2.9516409346511
12.5                     2.9525116792099          2.9559573594867          2.9525116792099          2.9517853678313
12.55                    2.9525116792099          2.9552711247525          2.9525116792099          2.9519300185405
12.6                     2.9525116792099          2.9545840635475          2.9525116792099          2.9520748434607
12.65                    2.9525116792099          2.9538963816267          2.9525116792099          2.9522197992209
12.7                     2.9525116792099          2.9532082849321          2.9525116792099          2.9523648424108
12.75                    2.9525116792099          2.9525199795301          2.9525116792099          2.9525099295939
12.8                     2.9525116792099          2.9518316715471          2.9525116792099          2.9526550173211
12.85                    2.9525116792099          2.9511435671069          2.9525116792099          2.9528000621438
12.9                     2.9525116792099          2.9504558722665          2.9525116792099          2.9529450206272
12.95                    2.9525116792099          2.9497687929525          2.9525116792099          2.9530898493646
13                       2.9525116792099          2.9490825348971          2.9525116792099          2.9532345049896
13.05                    2.9525116792099          2.9483973035732          2.9525116792099          2.953378944191
13.1                     2.9525116792099          2.9477133041302          2.9525116792099          2.9535231237255
13.15                    2.9525116792099          2.947030741328           2.9525116792099          2.953667000432
13.2                     2.9525116792099          2.9463498194712          2.9525116792099          2.9538105312453
13.25                    2.9525116792099          2.9456707423418          2.9525116792099          2.9539536732104
13.3                     2.9525116792099          2.9449937131318          2.9525116792099          2.9540963834967
13.35                    2.9525116792099          2.9443189343731          2.9525116792099          2.9542386194127
13.4                     2.9525116792099          2.9436466078673          2.9525116792099          2.9543803384209
13.45                    2.9525116792099          2.9429769346122          2.9525116792099          2.9545214981531
13.5                     2.9525116792099          2.9423101147264          2.9525116792099          2.9546620564265
13.55                    2.9525116792099          2.9416463473715          2.9525116792099          2.9548019712601
13.6                     2.9525116792099          2.9409858306691          2.9525116792099          2.954941200892
13.65                    2.9525116792099          2.9403287616147          2.9525116792099          2.9550797037978
13.7                     2.9525116792099          2.9396753359851          2.9525116792099          2.9552174387098
13.75                    2.9525116792099          2.9390257482397          2.9525116792099          2.9553543646382
13.8                     2.9525116792099          2.9383801914129          2.9525116792099          2.9554904408934
13.85                    2.9525116792099          2.9377388569969          2.9525116792099          2.9556256271111
13.9                     2.9525116792099          2.9371019348124          2.9525116792099          2.955759883279
13.95                    2.9525116792099          2.9364696128649          2.9525116792099          2.9558931697677
14                       2.9525116792099          2.9358420771826          2.9525116792099          2.9560254473645
14.05                    2.9525116792099          2.9352195116346          2.9525116792099          2.9561566773119
14.1                     2.9525116792099          2.9346020977239          2.9525116792099          2.956286821351
14.15                    2.9525116792099          2.9339900143505          2.9525116792099          2.9564158417716
14.2                     2.9525116792099          2.933383437542           2.9525116792099          2.9565437014692
14.25                    2.9525116792099          2.932782540144           2.9525116792099          2.9566703640096
14.3                     2.9525116792099          2.9321874914674          2.9525116792099          2.9567957937042
14.35                    2.9525116792099          2.9315984568873          2.9525116792099          2.9569199556935
14.4                     2.9525116792099          2.9310155973913          2.9525116792099          2.9570428160433
14.45                    2.9525116792099          2.9304390690784          2.9525116792099          2.9571643418495
14.5                     2.9525116792099          2.9298690226152          2.9525116792099          2.9572845013534
14.55                    2.9525116792099          2.9293056026657          2.9525116792099          2.9574032640613
14.6                     2.9525116792099          2.9287489473303          2.9525116792099          2.9575206008632
14.65                    2.9525116792099          2.9281991876513          2.9525116792099          2.9576364841368
14.7                     2.9525116792099          2.9276564472877          2.9525116792099          2.9577508878162
14.75                    2.9525116792099          2.9271208425232          2.9525116792099          2.95786378739
14.8                     2.9525116792099          2.9265924828699          2.9525116792099          2.9579751597744
14.85                    2.9525116792099          2.9260714726779          2.9525116792099          2.9580849829734
14.9                     2.9525116792099          2.9255579143872          2.9525116792099          2.9581932353939
14.95                    2.9525116792099          2.9250519143962          2.9525116792099          2.9582998946081
15                       2.9525116792099          2.9245535930308          2.9525116792099          2.9584049352529
15.05                    2.9525116792099          2.9240631008627          2.9525116792099          2.9585083255892
15.1                     2.9525116792099          2.9235806447645          2.9525116792099          2.9586100220107
15.15                    2.9525116792099          2.9231065287979          2.9525116792099          2.9587099604245
15.2                     2.9525116792099          2.922641217564           2.9525116792099          2.9588080428978
15.25                    2.9525116792099          2.9221854334334          2.9525116792099          2.9589041171628
15.3                     2.9525116792099          2.9217403046909          2.9525116792099          2.9589979453897
15.35                    2.9525116792099          2.9213075899905          2.9525116792099          2.9590891568734
15.4                     2.9525116792099          2.9208900169297          2.9525116792099          2.9591771766666
15.45                    2.9525116792099          2.9204917909757          2.9525116792099          2.9592611183032
15.5                     2.9525116792099          2.9201193583228          2.9525116792099          2.9593396229966
15.55                    2.9525116792099          2.9197825468142          2.9525116792099          2.9594106191458
15.6                     2.9525116792099          2.919496269209           2.9525116792099          2.9594709633058
15.65                    2.9525116792099          2.9192830622374          2.9525116792099          2.9595159049827
15.7                     2.9525116792099          2.9191768670595          2.9525116792099          2.9595382897543
15.75                    2.9525116792099          2.9191477946455          2.9525116792099          2.9595444178983
15.8                     2.9525116792099          2.9191645809652          2.9525116792099          2.9595408795274
15.85                    2.9525116792099          2.919254638876           2.9525116792099          2.9595218963136
15.9                     2.9525116792099          2.9194333638891          2.9525116792099          2.9594842230531
15.95                    2.9525116792099          2.9197076954324          2.9525116792099          2.9594263969911
16                       2.9525116792099          2.9200787686527          2.9525116792099          2.9593481788511
16.05                    2.9525116792099          2.9205438765329          2.9525116792099          2.9592501392425
16.1                     2.9525116792099          2.9210979098859          2.9525116792099          2.9591333551256
16.15                    2.9525116792099          2.9217344028464          2.9525116792099          2.9589991894334
16.2                     2.9525116792099          2.9224462807741          2.9525116792099          2.9588491334219
16.25                    2.9525116792099          2.9232263835413          2.9525116792099          2.9586846963672
16.3                     2.9525116792099          2.9240678177206          2.9525116792099          2.9585073313276
16.35                    2.9525116792099          2.9249641735296          2.9525116792099          2.9583183894146
16.4                     2.9525116792099          2.9259096220007          2.9525116792099          2.9581190993101
16.45                    2.9525116792099          2.9268988747177          2.9525116792099          2.957910575754
16.5                     2.9525116792099          2.9279269165413          2.9525116792099          2.9576938758822
16.55                    2.9525116792099          2.9289882368298          2.9525116792099          2.9574701612773
16.6                     2.9525116792099          2.9300747601765          2.9525116792099          2.9572411341458
16.65                    2.9525116792099          2.9311700727601          2.9525116792099          2.9570102543402
16.7                     2.9525116792099          2.9322322431255          2.9525116792099          2.9567863605485
16.75                    2.9525116792099          2.9332594338733          2.9525116792099          2.9565698400741
16.8                     2.9525116792099          2.9342711688442          2.9525116792099          2.956356577507
16.85                    2.9525116792099          2.9352546729837          2.9525116792099          2.9561492656875
16.9                     2.9525116792099          2.9362060637487          2.9525116792099          2.9559487230131
16.95                    2.9525116792099          2.9371249805844          2.9525116792099          2.9557550254845
17                       2.9525116792099          2.938012439717           2.9525116792099          2.9555679588927
17.05                    2.9525116792099          2.9388699781767          2.9525116792099          2.9553871992485
17.1                     2.9525116792099          2.9396993111155          2.9525116792099          2.9552123850169
17.15                    2.9525116792099          2.9405021878693          2.9525116792099          2.9550431474571
17.2                     2.9525116792099          2.9412803102571          2.9525116792099          2.9548791278445
17.25                    2.9525116792099          2.942035231534           2.9525116792099          2.9547199987701
17.3                     2.9525116792099          2.9427681356335          2.9525116792099          2.9545655106736
17.35                    2.9525116792099          2.9434792868451          2.9525116792099          2.9544156078459
17.4                     2.9525116792099          2.9441666412038          2.9525116792099          2.9542707211322
17.45                    2.9525116792099          2.9448223533908          2.9525116792099          2.9541325042391
17.5                     2.9525116792099          2.9454240146794          2.9525116792099          2.954005680679
17.55                    2.9525116792099          2.9459775810893          2.9525116792099          2.9538889949885
17.6                     2.9525116792099          2.9464992482114          2.9525116792099          2.9537790333159
17.65                    2.9525116792099          2.9469828769901          2.9525116792099          2.9536770897063
17.7                     2.9525116792099          2.9474280231399          2.9525116792099          2.9535832578102
17.75                    2.9525116792099          2.947835890241           2.9525116792099          2.9534972839262
17.8                     2.9525116792099          2.9482080073532          2.9525116792099          2.9534188457453
17.85                    2.9525116792099          2.948545788315           2.9525116792099          2.953347645246
17.9                     2.9525116792099          2.9488503975445          2.9525116792099          2.9532834369819
17.95                    2.9525116792099          2.9491227311124          2.9525116792099          2.953226032071
18                       2.9525116792099          2.9493634472125          2.9525116792099          2.9531752917735
18.05                    2.9525116792099          2.9495730242151          2.9525116792099          2.9531311152541
18.1                     2.9525116792099          2.9497518414765          2.9525116792099          2.9530934225486
18.15                    2.9525116792099          2.9499002857426          2.9525116792099          2.9530621321355
18.2                     2.9525116792099          2.9500188905453          2.9525116792099          2.9530371315519
18.25                    2.9525116792099          2.9501085198276          2.9525116792099          2.9530182386883
18.3                     2.9525116792099          2.9501706112084          2.9525116792099          2.9530051505104
18.35                    2.9525116792099          2.9502074994149          2.9525116792099          2.9529973748835
18.4                     2.9525116792099          2.9502228469825          2.9525116792099          2.9529941397856
18.45                    2.9525116792099          2.9502222178753          2.9525116792099          2.9529942723945
18.5                     2.9525116792099          2.9502138408717          2.9525116792099          2.9529960381744
18.55                    2.9525116792099          2.95019165169            2.9525116792099          2.953000715409
18.6                     2.9525116792099          2.9501492462527          2.9525116792099          2.9530096540073
18.65                    2.9525116792099          2.9500937914854          2.9525116792099          2.9530213432603
18.7                     2.9525116792099          2.9500300691097          2.9525116792099          2.9530347752339
18.75                    2.9525116792099          2.949961261858           2.9525116792099          2.9530492790432
18.8                     2.9525116792099          2.94988948224            2.9525116792099          2.9530644093946
18.85                    2.9525116792099          2.949816127847           2.9525116792099          2.9530798716911
18.9                     2.9525116792099          2.9497421198368          2.9525116792099          2.953095471763
18.95                    2.9525116792099          2.9496680627908          2.9525116792099          2.9531110821711
19                       2.9525116792099          2.9495943516859          2.9525116792099          2.9531266196586
19.05                    2.9525116792099          2.9495212433246          2.9525116792099          2.9531420300944
19.1                     2.9525116792099          2.949448903905           2.9525116792099          2.9531572784457
19.15                    2.9525116792099          2.9493774405927          2.9525116792099          2.9531723421234
19.2                     2.9525116792099          2.9493069223833          2.9525116792099          2.9531872065837
19.25                    2.9525116792099          2.9492373938114          2.9525116792099          2.9532018624394
19.3                     2.9525116792099          2.9491688838954          2.9525116792099          2.9532163035737
19.35                    2.9525116792099          2.9491014119238          2.9525116792099          2.9532305259207
19.4                     2.9525116792099          2.9490349911658          2.9525116792099          2.9532445266835
19.45                    2.9525116792099          2.9489696312397          2.9525116792099          2.9532583038347
19.5                     2.9525116792099          2.9489053396459          2.9525116792099          2.9532718557932
19.55                    2.9525116792099          2.9488421228272          2.9525116792099          2.953285181201
19.6                     2.9525116792099          2.9487799870411          2.9525116792099          2.953298278739
19.65                    2.9525116792099          2.9487189392909          2.9525116792099          2.9533111469311
19.7                     2.9525116792099          2.9486589885787          2.9525116792099          2.9533237838796
19.75                    2.9525116792099          2.9486001477968          2.9525116792099          2.9533361868671
19.8                     2.9525116792099          2.948542436684           2.9525116792099          2.9533483517329
19.85                    2.9525116792099          2.9484858864582          2.9525116792099          2.9533602718964
19.9                     2.9525116792099          2.9484305470178          2.9525116792099          2.9533719368398
19.95                    2.9525116792099          2.948376498035           2.9525116792099          2.9533833297689
20                       2.9525116792099          2.9483238659094          2.9525116792099          2.9533944240402
20.05                    2.9525116792099          2.9482728495097          2.9525116792099          2.9534051777342
20.1                     2.9525116792099          2.9482237590606          2.9525116792099          2.9534155254592
20.15                    2.9525116792099          2.9481770746569          2.9525116792099          2.9534253660163
20.2                     2.9525116792099          2.9481335340362          2.9525116792099          2.9534345438987
20.25                    2.9525116792099          2.948094263918           2.9525116792099          2.9534428216062
20.3                     2.9525116792099          2.9480609761512          2.9525116792099          2.9534498383001
20.35                    2.9525116792099          2.948036260192           2.9525116792099          2.9534550481516
20.4                     2.9525116792099          2.9480240186723          2.9525116792099          2.9534576285289
20.45                    2.9525116792099          2.9480208203276          2.9525116792099          2.9534583027046
20.5                     2.9525116792099          2.9480230316395          2.9525116792099          2.9534578365845
20.55                    2.9525116792099          2.9480336335492          2.9525116792099          2.9534556018189
20.6                     2.9525116792099          2.9480542338697          2.9525116792099          2.9534512594987
20.65                    2.9525116792099          2.9480854759758          2.9525116792099          2.9534446740075
20.7                     2.9525116792099          2.9481273427197          2.9525116792099          2.9534358489599
20.75                    2.9525116792099          2.9481793807908          2.9525116792099          2.9534248799088
20.8                     2.9525116792099          2.9482408647262          2.9525116792099          2.9534119197736
20.85                    2.9525116792099          2.9483109151507          2.9525116792099          2.9533971539172
20.9                     2.9525116792099          2.9483885822062          2.9525116792099          2.953380782559
20.95                    2.9525116792099          2.9484729021915          2.9525116792099          2.9533630088365
21.002630398234          2.9525116792099          2.9485679067562          2.9525116792099          2.9533429829227
21.058029574601          2.9525116792099          2.9486737249912          2.9525116792099          2.9533206776065
21.116343188881          2.9525116792099          2.9487903608515          2.9525116792099          2.9532960920542
21.177724563722          2.9525116792099          2.9489176595863          2.9525116792099          2.9532692588857
21.242335087763          2.9525116792099          2.9490551587103          2.9525116792099          2.9532402755877
21.310344639971          2.9525116792099          2.9492013825469          2.9525116792099          2.9532094532166
21.3819320363            2.9525116792099          2.9493498686265          2.9525116792099          2.9531781539896
21.457285499847          2.9525116792099          2.949488407803           2.9525116792099          2.95314895146
21.536603155744          2.9525116792099          2.9496198119465          2.9525116792099          2.9531212529166
21.620093552081          2.9525116792099          2.9497420262043          2.9525116792099          2.9530954914997
21.707976208241          2.9525116792099          2.9498532660838          2.9525116792099          2.9530720433607
21.800482192072          2.9525116792099          2.9499516398051          2.9525116792099          2.9530513072658
21.897854727434          2.9525116792099          2.9500349891844          2.9525116792099          2.9530337381364
22.000349833698          2.9525116792099          2.9501007490849          2.9525116792099          2.9530198766751
22.108236998893          2.9525116792099          2.9501457420842          2.9525116792099          2.9530103926473
22.221799888265          2.9525116792099          2.9501658016562          2.9525116792099          2.9530061643109
22.34133709011           2.9525116792099          2.9501558145244          2.9525116792099          2.9530082694881
22.467162900849          2.9525116792099          2.9500980117134          2.9525116792099          2.9530204536828
22.599608151396          2.9525116792099          2.9500741819868          2.9525116792099          2.9530254767262
22.739021077007          2.9525116792099          2.9492927102267          2.9525116792099          2.9531902023495
22.885768232885          2.9525116792099          2.9527081638231          2.9525116792099          2.9524702624216
