x[nm]                   E_12_real[eV]           Psi_12_y2_real[nm^-1/2] E_12_imag[eV]           Psi_12_y2_imag[nm^-1/2]
7.1142317671146         2.9525116792099         2.9524985589985         2.9525116792099         2.9525056729163
7.260978922993          2.9525116792099         2.9522045773834         2.9525116792099         2.9523710912523
7.4003918486039         2.9525116792099         2.9520907798683         2.9525116792099         2.9523189959573
7.532837099151          2.9525116792099         2.9520314429257         2.9525116792099         2.9522918321346
7.6586629098899         2.9525116792099         2.9519991021298         2.9525116792099         2.9522770268613
7.7782001117354         2.9525116792099         2.9519773498963         2.9525116792099         2.9522670689197
7.891763001107          2.9525116792099         2.9519587408597         2.9525116792099         2.9522585499002
7.9996501663019         2.9525116792099         2.9519397516685         2.9525116792099         2.9522498568499
8.1021452725658         2.9525116792099         2.9519187733139         2.9525116792099         2.9522402531818
8.1995178079279         2.9525116792099         2.9518951263467         2.9525116792099         2.9522294278511
8.2920237917592         2.9525116792099         2.9518685781206         2.9525116792099         2.9522172743549
8.3799064479186         2.9525116792099         2.9518391004805         2.9525116792099         2.952203779804
8.4633968442558         2.9525116792099         2.9518067454659         2.9525116792099         2.9521889680216
8.5427145001525         2.9525116792099         2.9517715797659         2.9525116792099         2.9521728695373
8.6180679636999         2.9525116792099         2.9517336473218         2.9525116792099         2.9521555044669
8.6896553600291         2.9525116792099         2.9516938259778         2.9525116792099         2.9521372746781
8.7576649122373         2.9525116792099         2.9516534587771         2.9525116792099         2.952118795002
8.8222754362784         2.9525116792099         2.9516136194716         2.9525116792099         2.9521005569906
8.8836568111193         2.9525116792099         2.951575055067          2.9525116792099         2.9520829026154
8.9419704253995         2.9525116792099         2.951538274881          2.9525116792099         2.9520660650365
8.9973696017656         2.9525116792099         2.9515036170149         2.9525116792099         2.9520501990332
9.05                    2.9525116792099         2.9514712932248         2.9525116792099         2.952035401545
9.1                     2.9525116792099         2.9514414195933         2.9525116792099         2.9520217257135
9.15                    2.9525116792099         2.9514126396651         2.9525116792099         2.9520085505677
9.2                     2.9525116792099         2.951385214781          2.9525116792099         2.9519959957468
9.25                    2.9525116792099         2.9513594004142         2.9525116792099         2.9519841782036
9.3                     2.9525116792099         2.951335443491          2.9525116792099         2.9519732109783
9.35                    2.9525116792099         2.9513135796855         2.9525116792099         2.9519632019601
9.4                     2.9525116792099         2.9512940315023         2.9525116792099         2.9519542530093
9.45                    2.9525116792099         2.9512770083399         2.9525116792099         2.9519464599862
9.5                     2.9525116792099         2.951262710261          2.9525116792099         2.9519399144774
9.55                    2.9525116792099         2.9512513379212         2.9525116792099         2.9519347083409
9.6                     2.9525116792099         2.9512431120865         2.9525116792099         2.951930942641
9.65                    2.9525116792099         2.9512381308998         2.9525116792099         2.9519286623066
9.7                     2.9525116792099         2.9512362263568         2.9525116792099         2.951927790427
9.75                    2.9525116792099         2.9512370754578         2.9525116792099         2.9519281791364
9.8                     2.9525116792099         2.9512403601044         2.9525116792099         2.9519296828128
9.85                    2.9525116792099         2.9512457832284         2.9525116792099         2.9519321654614
9.9                     2.9525116792099         2.9512530764839         2.9525116792099         2.9519355042364
9.95                    2.9525116792099         2.9512620028208         2.9525116792099         2.9519395906187
10                      2.9525116792099         2.9512723560725         2.9525116792099         2.9519443302275
10.05                   2.9525116792099         2.9512839589153         2.9525116792099         2.9519496418858
10.1                    2.9525116792099         2.951296660046          2.9525116792099         2.9519554563287
10.15                   2.9525116792099         2.951310331091          2.9525116792099         2.951961714788
10.2                    2.9525116792099         2.9513248635486         2.9525116792099         2.9519683675929
10.25                   2.9525116792099         2.9513401659281         2.9525116792099         2.9519753728599
10.3                    2.9525116792099         2.9513561611651         2.9525116792099         2.9519826953097
10.35                   2.9525116792099         2.9513727843414         2.9525116792099         2.9519903052234
10.4                    2.9525116792099         2.9513899807065         2.9525116792099         2.9519981775369
10.45                   2.9525116792099         2.951407703983          2.9525116792099         2.9520062910648
10.5                    2.9525116792099         2.9514259149265         2.9525116792099         2.9520146278415
10.55                   2.9525116792099         2.9514445801126         2.9525116792099         2.9520231725657
10.6                    2.9525116792099         2.9514636709198         2.9525116792099         2.9520319121347
10.65                   2.9525116792099         2.9514831626803         2.9525116792099         2.9520408352558
10.7                    2.9525116792099         2.9515030339739         2.9525116792099         2.9520499321231
10.75                   2.9525116792099         2.9515232660427         2.9525116792099         2.9520591941496
10.8                    2.9525116792099         2.9515438423064         2.9525116792099         2.9520686137448
10.85                   2.9525116792099         2.9515647479626         2.9525116792099         2.9520781841324
10.9                    2.9525116792099         2.9515859696564         2.9525116792099         2.9520878991986
10.95                   2.9525116792099         2.9516074952095         2.9525116792099         2.9520977533684
11                      2.9525116792099         2.9516293133967         2.9525116792099         2.952107741503
11.05                   2.9525116792099         2.9516514137627         2.9525116792099         2.9521178588161
11.1                    2.9525116792099         2.9516737864716         2.9525116792099         2.9521281008048
11.15                   2.9525116792099         2.9516964221839         2.9525116792099         2.9521384631937
11.2                    2.9525116792099         2.9517193119555         2.9525116792099         2.9521489418883
11.25                   2.9525116792099         2.9517424471553         2.9525116792099         2.9521595329373
11.3                    2.9525116792099         2.9517658193977         2.9525116792099         2.9521702325019
11.35                   2.9525116792099         2.9517894204884         2.9525116792099         2.9521810368308
11.4                    2.9525116792099         2.9518132423789         2.9525116792099         2.9521919422395
11.45                   2.9525116792099         2.9518372771311         2.9525116792099         2.952202945094
11.5                    2.9525116792099         2.9518615168873         2.9525116792099         2.9522140417972
11.55                   2.9525116792099         2.9518859538471         2.9525116792099         2.9522252287781
11.6                    2.9525116792099         2.951910580248          2.9525116792099         2.9522365024831
11.65                   2.9525116792099         2.9519353883507         2.9525116792099         2.9522478593693
11.7                    2.9525116792099         2.9519603704266         2.9525116792099         2.9522592958986
11.75                   2.9525116792099         2.9519855187486         2.9525116792099         2.9522708085335
11.8                    2.9525116792099         2.9520108255836         2.9525116792099         2.9522823937341
11.85                   2.9525116792099         2.9520362831872         2.9525116792099         2.9522940479549
11.9                    2.9525116792099         2.9520618837993         2.9525116792099         2.9523057676435
11.95                   2.9525116792099         2.9520876196411         2.9525116792099         2.9523175492388
12                      2.9525116792099         2.9521134829131         2.9525116792099         2.9523293891703
12.05                   2.9525116792099         2.9521394657938         2.9525116792099         2.9523412838574
12.1                    2.9525116792099         2.9521655604393         2.9525116792099         2.9523532297092
12.15                   2.9525116792099         2.9521917589828         2.9525116792099         2.9523652231245
12.2                    2.9525116792099         2.9522180535356         2.9525116792099         2.9523772604917
12.25                   2.9525116792099         2.9522444361871         2.9525116792099         2.9523893381896
12.3                    2.9525116792099         2.9522708990063         2.9525116792099         2.9524014525875
12.35                   2.9525116792099         2.952297434043          2.9525116792099         2.9524136000457
12.4                    2.9525116792099         2.952324033329          2.9525116792099         2.9524257769166
12.45                   2.9525116792099         2.9523506888801         2.9525116792099         2.9524379795451
12.5                    2.9525116792099         2.9523773926971         2.9525116792099         2.9524502042692
12.55                   2.9525116792099         2.9524041367686         2.9525116792099         2.9524624474213
12.6                    2.9525116792099         2.9524309130721         2.9525116792099         2.952474705329
12.65                   2.9525116792099         2.9524577135762         2.9525116792099         2.9524869743154
12.7                    2.9525116792099         2.9524845302427         2.9525116792099         2.9524992507008
12.75                   2.9525116792099         2.9525113550284         2.9525116792099         2.952511530803
12.8                    2.9525116792099         2.9525381798871         2.9525116792099         2.9525238109387
12.85                   2.9525116792099         2.9525649967718         2.9525116792099         2.952536087424
12.9                    2.9525116792099         2.9525917976364         2.9525116792099         2.9525483565754
12.95                   2.9525116792099         2.9526185744374         2.9525116792099         2.9525606147108
13                      2.9525116792099         2.9526453191363         2.9525116792099         2.9525728581502
13.05                   2.9525116792099         2.9526720237007         2.9525116792099         2.9525850832164
13.1                    2.9525116792099         2.952698680106          2.9525116792099         2.9525972862359
13.15                   2.9525116792099         2.9527252803371         2.9525116792099         2.9526094635395
13.2                    2.9525116792099         2.9527518163892         2.9525116792099         2.9526216114626
13.25                   2.9525116792099         2.9527782802688         2.9525116792099         2.9526337263459
13.3                    2.9525116792099         2.9528046639946         2.9525116792099         2.9526458045356
13.35                   2.9525116792099         2.9528309595975         2.9525116792099         2.9526578423835
13.4                    2.9525116792099         2.9528571591201         2.9525116792099         2.952669836247
13.45                   2.9525116792099         2.9528832546166         2.9525116792099         2.9526817824884
13.5                    2.9525116792099         2.9529092381507         2.9525116792099         2.9526936774746
13.55                   2.9525116792099         2.9529351017933         2.9525116792099         2.9527055175758
13.6                    2.9525116792099         2.9529608376193         2.9525116792099         2.9527172991639
13.65                   2.9525116792099         2.9529864377029         2.9525116792099         2.9527290186105
13.7                    2.9525116792099         2.9530118941113         2.9525116792099         2.9527406722842
13.75                   2.9525116792099         2.9530371988967         2.9525116792099         2.9527522565464
13.8                    2.9525116792099         2.9530623440857         2.9525116792099         2.9527637677472
13.85                   2.9525116792099         2.9530873216666         2.9525116792099         2.9527752022186
13.9                    2.9525116792099         2.9531121235722         2.9525116792099         2.9527865562679
13.95                   2.9525116792099         2.9531367416598         2.9525116792099         2.9527978261672
14                      2.9525116792099         2.9531611676848         2.9525116792099         2.9528090081422
14.05                   2.9525116792099         2.9531853932691         2.9525116792099         2.9528200983577
14.1                    2.9525116792099         2.9532094098621         2.9525116792099         2.9528310928991
14.15                   2.9525116792099         2.9532332086915         2.9525116792099         2.9528419877507
14.2                    2.9525116792099         2.9532567807041         2.9525116792099         2.952852778768
14.25                   2.9525116792099         2.953280116493          2.9525116792099         2.9528634616445
14.3                    2.9525116792099         2.9533032062076         2.9525116792099         2.9528740318709
14.35                   2.9525116792099         2.9533260394448         2.9525116792099         2.9528844846845
14.4                    2.9525116792099         2.9533486051147         2.9525116792099         2.9528948150088
14.45                   2.9525116792099         2.9533708912781         2.9525116792099         2.952905017378
14.5                    2.9525116792099         2.9533928849476         2.9525116792099         2.9529150858465
14.55                   2.9525116792099         2.9534145718454         2.9525116792099         2.9529250138782
14.6                    2.9525116792099         2.9534359361094         2.9525116792099         2.9529347942116
14.65                   2.9525116792099         2.9534569599358         2.9525116792099         2.9529444186962
14.7                    2.9525116792099         2.9534776231456         2.9525116792099         2.9529538780944
14.75                   2.9525116792099         2.95349790266           2.9525116792099         2.9529631618409
14.8                    2.9525116792099         2.9535177718668         2.9525116792099         2.952972257753
14.85                   2.9525116792099         2.953537199856          2.9525116792099         2.9529811516803
14.9                    2.9525116792099         2.9535561505018         2.9525116792099         2.9529898270849
14.95                   2.9525116792099         2.9535745813634         2.9525116792099         2.9529982645377
15                      2.9525116792099         2.9535924423742         2.9525116792099         2.9530064411189
15.05                   2.9525116792099         2.9536096742893         2.9525116792099         2.9530143297069
15.1                    2.9525116792099         2.9536262068594         2.9525116792099         2.953021898142
15.15                   2.9525116792099         2.9536419567025         2.9525116792099         2.9530291082531
15.2                    2.9525116792099         2.9536568248582         2.9525116792099         2.953035914737
15.25                   2.9525116792099         2.9536706940235         2.9525116792099         2.9530422638937
15.3                    2.9525116792099         2.9536834255077         2.9525116792099         2.9530480922321
15.35                   2.9525116792099         2.9536948560017         2.9525116792099         2.9530533249909
15.4                    2.9525116792099         2.9537047943525         2.9525116792099         2.9530578746625
15.45                   2.9525116792099         2.953713018689          2.9525116792099         2.9530616396765
15.5                    2.9525116792099         2.9537192744851         2.9525116792099         2.9530645035136
15.55                   2.9525116792099         2.9537232745224         2.9525116792099         2.9530663346882
15.6                    2.9525116792099         2.9537247022856         2.9525116792099         2.9530669883031
15.65                   2.9525116792099         2.9537232212024         2.9525116792099         2.9530663102789
15.7                    2.9525116792099         2.953718493461          2.9525116792099         2.953064145969
15.75                   2.9525116792099         2.9537103372809         2.9525116792099         2.9530604121563
15.8                    2.9525116792099         2.9536988233482         2.9525116792099         2.9530551412001
15.85                   2.9525116792099         2.9536841339409         2.9525116792099         2.9530484165453
15.9                    2.9525116792099         2.9536664325186         2.9525116792099         2.953040313022
15.95                   2.9525116792099         2.9536458854975         2.9525116792099         2.9530309068137
16                      2.9525116792099         2.9536226731778         2.9525116792099         2.9530202804601
16.05                   2.9525116792099         2.9535969936842         2.9525116792099         2.9530085246604
16.1                    2.9525116792099         2.9535690626781         2.9525116792099         2.9529957381421
16.15                   2.9525116792099         2.9535391107861         2.9525116792099         2.9529820264838
16.2                    2.9525116792099         2.9535073800965         2.9525116792099         2.9529675005108
16.25                   2.9525116792099         2.9534741206487         2.9525116792099         2.9529522746885
16.3                    2.9525116792099         2.9534395875379         2.9525116792099         2.9529364657968
16.35                   2.9525116792099         2.9534040390505         2.9525116792099         2.9529201920764
16.4                    2.9525116792099         2.9533677361004         2.9525116792099         2.9529035729711
16.45                   2.9525116792099         2.9533309431288         2.9525116792099         2.9528867295391
16.5                    2.9525116792099         2.9532939305025         2.9525116792099         2.9528697855515
16.55                   2.9525116792099         2.9532569782013         2.9525116792099         2.9528528691801
16.6                    2.9525116792099         2.9532203799424         2.9525116792099         2.9528361148855
16.65                   2.9525116792099         2.9531844450641         2.9525116792099         2.9528196642795
16.7                    2.9525116792099         2.9531494900886         2.9525116792099         2.9528036622626
16.75                   2.9525116792099         2.9531158358497         2.9525116792099         2.9527882557091
16.8                    2.9525116792099         2.9530835840704         2.9525116792099         2.9527734911868
16.85                   2.9525116792099         2.9530526372212         2.9525116792099         2.9527593240476
16.9                    2.9525116792099         2.9530229197013         2.9525116792099         2.9527457196823
16.95                   2.9525116792099         2.9529943687582         2.9525116792099         2.9527326493635
17                      2.9525116792099         2.9529669310008         2.9525116792099         2.9527200886493
17.05                   2.9525116792099         2.9529405613055         2.9525116792099         2.9527080168826
17.1                    2.9525116792099         2.9529152228524         2.9525116792099         2.9526964172076
17.15                   2.9525116792099         2.952890887806          2.9525116792099         2.9526852768816
17.2                    2.9525116792099         2.9528675384717         2.9525116792099         2.9526745878041
17.25                   2.9525116792099         2.9528451688653         2.9525116792099         2.9526643472356
17.3                    2.9525116792099         2.9528237866274         2.9525116792099         2.952654558674
17.35                   2.9525116792099         2.9528034150624         2.9525116792099         2.9526452327877
17.4                    2.9525116792099         2.952784094617          2.9525116792099         2.9526363880928
17.45                   2.9525116792099         2.9527658819058         2.9525116792099         2.9526280505068
17.5                    2.9525116792099         2.9527488412913         2.9525116792099         2.9526202494943
17.55                   2.9525116792099         2.9527330458383         2.9525116792099         2.9526130185035
17.6                    2.9525116792099         2.9527184826503         2.9525116792099         2.9526063516306
17.65                   2.9525116792099         2.9527050663329         2.9525116792099         2.9526002097828
17.7                    2.9525116792099         2.952692730418          2.9525116792099         2.9525945625319
17.75                   2.9525116792099         2.9526814211043         2.9525116792099         2.9525893852481
17.8                    2.9525116792099         2.9526710941705         2.9525116792099         2.9525846576874
17.85                   2.9525116792099         2.9526617129849         2.9525116792099         2.9525803630801
17.9                    2.9525116792099         2.9526532468593         2.9525116792099         2.9525764873777
17.95                   2.9525116792099         2.9526456694623         2.9525116792099         2.9525730185257
18                      2.9525116792099         2.9526389571773         2.9525116792099         2.9525699457128
18.05                   2.9525116792099         2.9526330873677         2.9525116792099         2.9525672585763
18.1                    2.9525116792099         2.9526280365514         2.9525116792099         2.9525649463662
18.15                   2.9525116792099         2.9526237785192         2.9525116792099         2.9525629970842
18.2                    2.9525116792099         2.9526202824716         2.9525116792099         2.9525613966307
18.25                   2.9525116792099         2.9526175112975         2.9525116792099         2.9525601280166
18.3                    2.9525116792099         2.9526154201853         2.9525116792099         2.9525591707277
18.35                   2.9525116792099         2.952613955854          2.9525116792099         2.9525585003723
18.4                    2.9525116792099         2.9526130568169         2.9525116792099         2.9525580888027
18.45                   2.9525116792099         2.9526126552678         2.9525116792099         2.9525579049778
18.5                    2.9525116792099         2.9526126814143         2.9525116792099         2.9525579169473
18.55                   2.9525116792099         2.9526130847055         2.9525116792099         2.9525581015698
18.6                    2.9525116792099         2.9526138372501         2.9525116792099         2.9525584460767
18.65                   2.9525116792099         2.9526149077237         2.9525116792099         2.9525589361282
18.7                    2.9525116792099         2.9526162581206         2.9525116792099         2.9525595543256
18.75                   2.9525116792099         2.95261784889           2.9525116792099         2.9525602825629
18.8                    2.9525116792099         2.952619641867          2.9525116792099         2.9525611033688
18.85                   2.9525116792099         2.9526216018104         2.9525116792099         2.95256200061
18.9                    2.9525116792099         2.952623697077          2.9525116792099         2.9525629598009
18.95                   2.9525116792099         2.9526258997785         2.9525116792099         2.9525639681742
19                      2.9525116792099         2.9526281856402         2.9525116792099         2.9525650146175
19.05                   2.9525116792099         2.9526305337015         2.9525116792099         2.952566089535
19.1                    2.9525116792099         2.9526329259437         2.9525116792099         2.9525671846781
19.15                   2.9525116792099         2.9526353468968         2.9525116792099         2.9525682929648
19.2                    2.9525116792099         2.9526377832539         2.9525116792099         2.9525694083032
19.25                   2.9525116792099         2.9526402235079         2.9525116792099         2.9525705254256
19.3                    2.9525116792099         2.9526426576183         2.9525116792099         2.9525716397355
19.35                   2.9525116792099         2.9526450767053         2.9525116792099         2.9525727471679
19.4                    2.9525116792099         2.9526474727725         2.9525116792099         2.952573844062
19.45                   2.9525116792099         2.9526498384501         2.9525116792099         2.9525749270441
19.5                    2.9525116792099         2.9526521667564         2.9525116792099         2.952575992918
19.55                   2.9525116792099         2.9526544508678         2.9525116792099         2.95257703856
19.6                    2.9525116792099         2.9526566838944         2.9525116792099         2.9525780608159
19.65                   2.9525116792099         2.9526588586522         2.9525116792099         2.9525790563969
19.7                    2.9525116792099         2.9526609674264         2.9525116792099         2.9525800217713
19.75                   2.9525116792099         2.9526630017196         2.9525116792099         2.9525809530492
19.8                    2.9525116792099         2.9526649519778         2.9525116792099         2.9525818458567
19.85                   2.9525116792099         2.9526668072899         2.9525116792099         2.9525826951989
19.9                    2.9525116792099         2.952668555056          2.9525116792099         2.9525834953077
19.95                   2.9525116792099         2.952670180623          2.9525116792099         2.952584239475
20                      2.9525116792099         2.95267166689           2.9525116792099         2.9525849198723
20.05                   2.9525116792099         2.952672993893          2.9525116792099         2.9525855273602
20.1                    2.9525116792099         2.9526741383886         2.9525116792099         2.9525860512981
20.15                   2.9525116792099         2.9526750734757         2.9525116792099         2.952586479371
20.2                    2.9525116792099         2.9526757683206         2.9525116792099         2.9525867974637
20.25                   2.9525116792099         2.9526761880946         2.9525116792099         2.9525869896318
20.3                    2.9525116792099         2.9526762942976         2.9525116792099         2.9525870382504
20.35                   2.9525116792099         2.9526760457451         2.9525116792099         2.9525869244657
20.4                    2.9525116792099         2.9526754006438         2.9525116792099         2.9525866291451
20.45                   2.9525116792099         2.9526743372169         2.9525116792099         2.9525861423196
20.5                    2.9525116792099         2.9526728680547         2.9525116792099         2.9525854697527
20.55                   2.9525116792099         2.9526710215919         2.9525116792099         2.9525846244616
20.6                    2.9525116792099         2.9526688236769         2.9525116792099         2.9525836182795
20.65                   2.9525116792099         2.9526663000895         2.9525116792099         2.9525824630079
20.7                    2.9525116792099         2.9526634778206         2.9525116792099         2.9525811710032
20.75                   2.9525116792099         2.9526603855579         2.9525116792099         2.9525797553981
20.8                    2.9525116792099         2.9526570536932         2.9525116792099         2.9525782301058
20.85                   2.9525116792099         2.9526535140743         2.9525116792099         2.9525766097058
20.9                    2.9525116792099         2.9526497996551         2.9525116792099         2.9525749092842
20.95                   2.9525116792099         2.9526459441494         2.9525116792099         2.9525731442746
21.002630398234         2.9525116792099         2.952641772484          2.9525116792099         2.9525712345304
21.058029574601         2.9525116792099         2.9526372996361         2.9525116792099         2.9525691869081
21.116343188881         2.9525116792099         2.9526325529299         2.9525116792099         2.9525670139163
21.177724563722         2.9525116792099         2.9526275759944         2.9525116792099         2.9525647355281
21.242335087763         2.9525116792099         2.9526224345545         2.9525116792099         2.9525623818315
21.310344639971         2.9525116792099         2.9526172250094         2.9525116792099         2.952559996957
21.3819320363           2.9525116792099         2.9526120859257         2.9525116792099         2.952557644339
21.457285499847         2.9525116792099         2.9526071906228         2.9525116792099         2.9525554033213
21.536603155744         2.9525116792099         2.9526026523856         2.9525116792099         2.9525533257644
21.620093552081         2.9525116792099         2.9525984768823         2.9525116792099         2.9525514142633
21.707976208241         2.9525116792099         2.952594672717          2.9525116792099         2.9525496727568
21.800482192072         2.9525116792099         2.9525912466036         2.9525116792099         2.9525481043184
21.897854727434         2.9525116792099         2.9525881949073         2.9525116792099         2.9525467072843
22.000349833698         2.9525116792099         2.9525854876035         2.9525116792099         2.9525454679093
22.108236998893         2.9525116792099         2.9525830370071         2.9525116792099         2.9525443460523
22.221799888265         2.9525116792099         2.9525806354717         2.9525116792099         2.9525432466549
22.34133709011          2.9525116792099         2.9525778283014         2.9525116792099         2.9525419615621
22.467162900849         2.9525116792099         2.9525736546566         2.9525116792099         2.9525400509118
22.599608151396         2.9525116792099         2.9525659971059         2.9525116792099         2.9525365453663
22.739021077007         2.9525116792099         2.9525513113104         2.9525116792099         2.9525298223649
22.885768232885         2.9525116792099         2.9525133723992         2.9525116792099         2.952512454334
