x[nm]                   E_3_real[eV]            Psi_3_so1_real[nm^-1/2] E_3_imag[eV]            Psi_3_so1_imag[nm^-1/2]
7.1142317671146         1.4167478423565         1.4172410731313         1.4167478423565         1.4164352104811
7.260978922993          1.4167478423565         1.4100820164504         1.4167478423565         1.4209729429786
7.4003918486039         1.4167478423565         1.4134060177936         1.4167478423565         1.4188660412471
7.532837099151          1.4167478423565         1.4146352364687         1.4167478423565         1.418086907099
7.6586629098899         1.4167478423565         1.4158715582594         1.4167478423565         1.4173032706763
7.7782001117354         1.4167478423565         1.4169096654008         1.4167478423565         1.4166452716241
7.891763001107          1.4167478423565         1.4178112514611         1.4167478423565         1.4160738057805
7.9996501663019         1.4167478423565         1.4185978548274         1.4167478423565         1.4155752211461
8.1021452725658         1.4167478423565         1.4192843485775         1.4167478423565         1.4151400904945
8.1995178079279         1.4167478423565         1.4198796603428         1.4167478423565         1.4147627550907
8.2920237917592         1.4167478423565         1.4203886974758         1.4167478423565         1.4144401044338
8.3799064479186         1.4167478423565         1.420813705982          1.4167478423565         1.4141707149043
8.4633968442558         1.4167478423565         1.421155576012          1.4167478423565         1.4139540222849
8.5427145001525         1.4167478423565         1.4214162528341         1.4167478423565         1.4137887935768
8.6180679636999         1.4167478423565         1.4216061339985         1.4167478423565         1.4136684383444
8.6896553600291         1.4167478423565         1.4216935730812         1.4167478423565         1.4136130155164
8.7576649122373         1.4167478423565         1.4216854142373         1.4167478423565         1.413618186959
8.8222754362784         1.4167478423565         1.4215974392295         1.4167478423565         1.4136739494805
8.8836568111193         1.4167478423565         1.4214414585434         1.4167478423565         1.4137728170632
8.9419704253995         1.4167478423565         1.421227816457          1.4167478423565         1.4139082330379
8.9973696017656         1.4167478423565         1.4209659341001         1.4167478423565         1.4140742258682
9.05                    1.4167478423565         1.4206644729903         1.4167478423565         1.4142653054945
9.1                     1.4167478423565         1.4203313977819         1.4167478423565         1.41447642356
9.15                    1.4167478423565         1.4199543376964         1.4167478423565         1.4147154212212
9.2                     1.4167478423565         1.4195351724255         1.4167478423565         1.414981107045
9.25                    1.4167478423565         1.419076463856          1.4167478423565         1.415271857192
9.3                     1.4167478423565         1.4185816256653         1.4167478423565         1.4155855079199
9.35                    1.4167478423565         1.4180551230956         1.4167478423565         1.415919228957
9.4                     1.4167478423565         1.4175027164937         1.4167478423565         1.4162693691362
9.45                    1.4167478423565         1.4169317641024         1.4167478423565         1.4166312644719
9.5                     1.4167478423565         1.4163516032765         1.4167478423565         1.4169989965281
9.55                    1.4167478423565         1.415774034648          1.4167478423565         1.4173650855328
9.6                     1.4167478423565         1.4152139409474         1.4167478423565         1.4177200981413
9.65                    1.4167478423565         1.4146825104516         1.4167478423565         1.4180569427199
9.7                     1.4167478423565         1.4141810260997         1.4167478423565         1.418374806084
9.75                    1.4167478423565         1.4137064311551         1.4167478423565         1.418675625731
9.8                     1.4167478423565         1.4132562572364         1.4167478423565         1.418960966232
9.85                    1.4167478423565         1.4128284642085         1.4167478423565         1.4192321207167
9.9                     1.4167478423565         1.412421329035          1.4167478423565         1.419490181323
9.95                    1.4167478423565         1.412033368196          1.4167478423565         1.4197360883726
10                      1.4167478423565         1.41166328314           1.4167478423565         1.4199706649461
10.05                   1.4167478423565         1.4113099215759         1.4167478423565         1.4201946414174
10.1                    1.4167478423565         1.4109722496801         1.4167478423565         1.4204086730703
10.15                   1.4167478423565         1.410649331851          1.4167478423565         1.4206133529314
10.2                    1.4167478423565         1.410340315703          1.4167478423565         1.420809221281
10.25                   1.4167478423565         1.4100444207185         1.4167478423565         1.4209967728464
10.3                    1.4167478423565         1.409760929473          1.4167478423565         1.4211764623635
10.35                   1.4167478423565         1.4094891806862         1.4167478423565         1.4213487089814
10.4                    1.4167478423565         1.4092285635853         1.4167478423565         1.4215138998356
10.45                   1.4167478423565         1.408978513224          1.4167478423565         1.4216723930144
10.5                    1.4167478423565         1.4087385065112         1.4167478423565         1.4218245200764
10.55                   1.4167478423565         1.4085080587764         1.4167478423565         1.4219705882278
10.6                    1.4167478423565         1.4082867207505         1.4167478423565         1.4221108822356
10.65                   1.4167478423565         1.4080740758758         1.4167478423565         1.4222456661326
10.7                    1.4167478423565         1.4078697378843         1.4167478423565         1.4223751847529
10.75                   1.4167478423565         1.4076733485978         1.4167478423565         1.4224996651261
10.8                    1.4167478423565         1.4074845759173         1.4167478423565         1.4226193177515
10.85                   1.4167478423565         1.4073031119763         1.4167478423565         1.4227343377687
10.9                    1.4167478423565         1.4071286714377         1.4167478423565         1.4228449060371
10.95                   1.4167478423565         1.4069609899204         1.4167478423565         1.4229511901335
11                      1.4167478423565         1.406799822541          1.4167478423565         1.4230533452759
11.05                   1.4167478423565         1.4066449425618         1.4167478423565         1.423151515181
11.1                    1.4167478423565         1.4064961401351         1.4167478423565         1.4232458328596
11.15                   1.4167478423565         1.4063532211371         1.4167478423565         1.4233364213562
11.2                    1.4167478423565         1.4062160060836         1.4167478423565         1.4234233944359
11.25                   1.4167478423565         1.4060843291231         1.4167478423565         1.4235068572229
11.3                    1.4167478423565         1.4059580370996         1.4167478423565         1.4235869067943
11.35                   1.4167478423565         1.405836988683          1.4167478423565         1.4236636327316
11.4                    1.4167478423565         1.40572105356           1.4167478423565         1.4237371176332
11.45                   1.4167478423565         1.4056101116833         1.4167478423565         1.4238074375903
11.5                    1.4167478423565         1.405504052575          1.4167478423565         1.423874662629
11.55                   1.4167478423565         1.4054027746796         1.4167478423565         1.4239388571197
11.6                    1.4167478423565         1.4053061847648         1.4167478423565         1.4240000801571
11.65                   1.4167478423565         1.4052141973671         1.4167478423565         1.424058385912
11.7                    1.4167478423565         1.4051267342783         1.4167478423565         1.4241138239562
11.75                   1.4167478423565         1.4050437240715         1.4167478423565         1.4241664395632
11.8                    1.4167478423565         1.4049651016643         1.4167478423565         1.4242162739853
11.85                   1.4167478423565         1.4048908079162         1.4167478423565         1.4242633647082
11.9                    1.4167478423565         1.4048207892593         1.4167478423565         1.4243077456859
11.95                   1.4167478423565         1.40475499736           1.4167478423565         1.4243494475544
12                      1.4167478423565         1.4046933888094         1.4167478423565         1.4243884978279
12.05                   1.4167478423565         1.4046359248431         1.4167478423565         1.4244249210774
12.1                    1.4167478423565         1.4045825710861         1.4167478423565         1.4244587390911
12.15                   1.4167478423565         1.4045332973238         1.4167478423565         1.4244899710205
12.2                    1.4167478423565         1.4044880772971         1.4167478423565         1.4245186335097
12.25                   1.4167478423565         1.4044468885207         1.4167478423565         1.4245447408108
12.3                    1.4167478423565         1.4044097121243         1.4167478423565         1.424568304885
12.35                   1.4167478423565         1.4043765327143         1.4167478423565         1.4245893354891
12.4                    1.4167478423565         1.4043473382578         1.4167478423565         1.4246078402502
12.45                   1.4167478423565         1.404322119986          1.4167478423565         1.4246238247265
12.5                    1.4167478423565         1.4043008723182         1.4167478423565         1.4246372924551
12.55                   1.4167478423565         1.4042835928049         1.4167478423565         1.4246482449888
12.6                    1.4167478423565         1.4042702820908         1.4167478423565         1.4246566819187
12.65                   1.4167478423565         1.4042609438964         1.4167478423565         1.4246626008868
12.7                    1.4167478423565         1.4042555850189         1.4167478423565         1.4246659975847
12.75                   1.4167478423565         1.4042542153521         1.4167478423565         1.4246668657412
12.8                    1.4167478423565         1.404256847926          1.4167478423565         1.4246651970973
12.85                   1.4167478423565         1.4042634989645         1.4167478423565         1.4246609813696
12.9                    1.4167478423565         1.4042741879645         1.4167478423565         1.4246542062001
12.95                   1.4167478423565         1.4042889377933         1.4167478423565         1.4246448570944
13                      1.4167478423565         1.4043077748078         1.4167478423565         1.4246329173464
13.05                   1.4167478423565         1.4043307289943         1.4167478423565         1.4246183679494
13.1                    1.4167478423565         1.4043578341297         1.4167478423565         1.424601187494
13.15                   1.4167478423565         1.4043891279662         1.4167478423565         1.4245813520513
13.2                    1.4167478423565         1.4044246524383         1.4167478423565         1.4245588350412
13.25                   1.4167478423565         1.4044644538953         1.4167478423565         1.4245336070855
13.3                    1.4167478423565         1.4045085833586         1.4167478423565         1.4245056358445
13.35                   1.4167478423565         1.4045570968063         1.4167478423565         1.4244748858367
13.4                    1.4167478423565         1.4046100554858         1.4167478423565         1.4244413182409
13.45                   1.4167478423565         1.4046675262559         1.4167478423565         1.4244048906789
13.5                    1.4167478423565         1.4047295819609         1.4167478423565         1.4243655569788
13.55                   1.4167478423565         1.4047963018369         1.4167478423565         1.4243232669169
13.6                    1.4167478423565         1.4048677719547         1.4167478423565         1.424277965938
13.65                   1.4167478423565         1.4049440856981         1.4167478423565         1.424229594851
13.7                    1.4167478423565         1.4050253442836         1.4167478423565         1.4241780895004
13.75                   1.4167478423565         1.4051116573211         1.4167478423565         1.4241233804105
13.8                    1.4167478423565         1.4052031434199         1.4167478423565         1.4240653924015
13.85                   1.4167478423565         1.4052999308424         1.4167478423565         1.4240040441747
13.9                    1.4167478423565         1.4054021582091         1.4167478423565         1.4239392478665
13.95                   1.4167478423565         1.4055099752572         1.4167478423565         1.4238709085664
14                      1.4167478423565         1.4056235436585         1.4167478423565         1.4237989237996
14.05                   1.4167478423565         1.4057430378987         1.4167478423565         1.4237231829693
14.1                    1.4167478423565         1.4058686462235         1.4167478423565         1.4236435667569
14.15                   1.4167478423565         1.4060005716561         1.4167478423565         1.4235599464771
14.2                    1.4167478423565         1.4061390330906         1.4167478423565         1.423472183385
14.25                   1.4167478423565         1.4062842664688         1.4167478423565         1.42338012793
14.3                    1.4167478423565         1.4064365260435         1.4167478423565         1.4232836189553
14.35                   1.4167478423565         1.4065960857381         1.4167478423565         1.4231824828359
14.4                    1.4167478423565         1.4067632406086         1.4167478423565         1.423076532552
14.45                   1.4167478423565         1.4069383084166         1.4167478423565         1.4229655666919
14.5                    1.4167478423565         1.4071216313237         1.4167478423565         1.4228493683783
14.55                   1.4167478423565         1.4073135777182         1.4167478423565         1.4227277041101
14.6                    1.4167478423565         1.4075145441879         1.4167478423565         1.4226003225121
14.65                   1.4167478423565         1.4077249576552         1.4167478423565         1.4224669529816
14.7                    1.4167478423565         1.4079452776952         1.4167478423565         1.4223273042192
14.75                   1.4167478423565         1.4081759990626         1.4167478423565         1.4221810626272
14.8                    1.4167478423565         1.4084176544607         1.4167478423565         1.4220278905541
14.85                   1.4167478423565         1.4086708175982         1.4167478423565         1.4218674243575
14.9                    1.4167478423565         1.4089361065942         1.4167478423565         1.4216992722459
14.95                   1.4167478423565         1.4092141878147         1.4167478423565         1.4215230118463
15                      1.4167478423565         1.4095057802596         1.4167478423565         1.4213381874243
15.05                   1.4167478423565         1.4098116606641         1.4167478423565         1.4211443066501
15.1                    1.4167478423565         1.4101326695521         1.4167478423565         1.4209408367618
15.15                   1.4167478423565         1.4104697185801         1.4167478423565         1.4207271999106
15.2                    1.4167478423565         1.41082379966           1.4167478423565         1.4205027673778
15.25                   1.4167478423565         1.4111959965712         1.4167478423565         1.4202668522154
15.3                    1.4167478423565         1.4115875000871         1.4167478423565         1.4200186996576
15.35                   1.4167478423565         1.4119996281153         1.4167478423565         1.4197574743551
15.4                    1.4167478423565         1.4124338530308         1.4167478423565         1.4194822430505
15.45                   1.4167478423565         1.4128918393857         1.4167478423565         1.4191919506756
15.5                    1.4167478423565         1.4133754966461         1.4167478423565         1.4188853869248
15.55                   1.4167478423565         1.4138870537478         1.4167478423565         1.4185611389983
15.6                    1.4167478423565         1.4144291654103         1.4167478423565         1.4182175242152
15.65                   1.4167478423565         1.4150050647386         1.4167478423565         1.4178524932882
15.7                    1.4167478423565         1.4156187833789         1.4167478423565         1.4174634907781
15.75                   1.4167478423565         1.4162700019103         1.4167478423565         1.4170507191485
15.8                    1.4167478423565         1.4169473754954         1.4167478423565         1.416621369268
15.85                   1.4167478423565         1.4176348231889         1.4167478423565         1.4161856339641
15.9                    1.4167478423565         1.4183194910288         1.4167478423565         1.4157516606564
15.95                   1.4167478423565         1.4189911150574         1.4167478423565         1.4153259551038
16                      1.4167478423565         1.4196415226674         1.4167478423565         1.4149136974726
16.05                   1.4167478423565         1.4202642397461         1.4167478423565         1.4145189913472
16.1                    1.4167478423565         1.4208541786687         1.4167478423565         1.4141450614931
16.15                   1.4167478423565         1.4214073880382         1.4167478423565         1.4137944124836
16.2                    1.4167478423565         1.4219208495488         1.4167478423565         1.4134689574569
16.25                   1.4167478423565         1.4223923107611         1.4167478423565         1.4131701241106
16.3                    1.4167478423565         1.4228201451226         1.4167478423565         1.4128989434269
16.35                   1.4167478423565         1.4232032323725         1.4167478423565         1.4126561254774
16.4                    1.4167478423565         1.4235408535312         1.4167478423565         1.4124421259839
16.45                   1.4167478423565         1.4238325947302         1.4167478423565         1.4122572072749
16.5                    1.4167478423565         1.4240782522563         1.4167478423565         1.4121014984728
16.55                   1.4167478423565         1.4242777244832         1.4167478423565         1.4119750639932
16.6                    1.4167478423565         1.4244308559733         1.4167478423565         1.4118780023592
16.65                   1.4167478423565         1.4245371359236         1.4167478423565         1.4118106373409
16.7                    1.4167478423565         1.4245949455742         1.4167478423565         1.4117739949812
16.75                   1.4167478423565         1.424614232252          1.4167478423565         1.4117617702163
16.8                    1.4167478423565         1.4246062384714         1.4167478423565         1.4117668370344
16.85                   1.4167478423565         1.4245716936147         1.4167478423565         1.4117887331202
16.9                    1.4167478423565         1.4245128557652         1.4167478423565         1.4118260271987
16.95                   1.4167478423565         1.4244323158917         1.4167478423565         1.4118770769972
17                      1.4167478423565         1.4243325396156         1.4167478423565         1.4119403196939
17.05                   1.4167478423565         1.4242157031511         1.4167478423565         1.4120143759062
17.1                    1.4167478423565         1.4240836447282         1.4167478423565         1.4120980804813
17.15                   1.4167478423565         1.4239378594811         1.4167478423565         1.4121904857356
17.2                    1.4167478423565         1.4237795085688         1.4167478423565         1.4122908556745
17.25                   1.4167478423565         1.4236094299731         1.4167478423565         1.412398659147
17.3                    1.4167478423565         1.4234281437778         1.4167478423565         1.4125135665009
17.35                   1.4167478423565         1.4232358435175         1.4167478423565         1.4126354550653
17.4                    1.4167478423565         1.4230323563932         1.4167478423565         1.4127644343677
17.45                   1.4167478423565         1.4228170310607         1.4167478423565         1.4129009172595
17.5                    1.4167478423565         1.4225884510927         1.4167478423565         1.4130458015362
17.55                   1.4167478423565         1.4223504323115         1.4167478423565         1.4131966685577
17.6                    1.4167478423565         1.4221062611653         1.4167478423565         1.4133514352253
17.65                   1.4167478423565         1.4218552313989         1.4167478423565         1.4135105491951
17.7                    1.4167478423565         1.421597842633          1.4167478423565         1.4136736937852
17.75                   1.4167478423565         1.4213349439527         1.4167478423565         1.4138403308071
17.8                    1.4167478423565         1.4210674713542         1.4167478423565         1.4140098669844
17.85                   1.4167478423565         1.4207963761653         1.4167478423565         1.4141816993226
17.9                    1.4167478423565         1.420522617964          1.4167478423565         1.4143552195979
17.95                   1.4167478423565         1.4202471797139         1.4167478423565         1.4145298047638
18                      1.4167478423565         1.4199710903683         1.4167478423565         1.4147048026234
18.05                   1.4167478423565         1.4196954497779         1.4167478423565         1.4148795160417
18.1                    1.4167478423565         1.4194214542741         1.4167478423565         1.41505318673
18.15                   1.4167478423565         1.4191504226994         1.4167478423565         1.4152249787467
18.2                    1.4167478423565         1.4188838232938         1.4167478423565         1.4153939614549
18.25                   1.4167478423565         1.4186233022208         1.4167478423565         1.4155590914423
18.3                    1.4167478423565         1.4183707148324         1.4167478423565         1.4157191927031
18.35                   1.4167478423565         1.4181281611289         1.4167478423565         1.4158729341626
18.4                    1.4167478423565         1.4178980273107         1.4167478423565         1.4160188033396
18.45                   1.4167478423565         1.4176830358984         1.4167478423565         1.4161550745778
18.5                    1.4167478423565         1.4174863076444         1.4167478423565         1.4162797698038
18.55                   1.4167478423565         1.4173086965305         1.4167478423565         1.4163923477257
18.6                    1.4167478423565         1.4171483558966         1.4167478423565         1.4164939788395
18.65                   1.4167478423565         1.4170032077192         1.4167478423565         1.4165859802905
18.7                    1.4167478423565         1.4168716318556         1.4167478423565         1.4166693789977
18.75                   1.4167478423565         1.4167523356391         1.4167478423565         1.4167449943116
18.8                    1.4167478423565         1.4166442639121         1.4167478423565         1.4168134950386
18.85                   1.4167478423565         1.4165465367465         1.4167478423565         1.4168754389169
18.9                    1.4167478423565         1.4164584061384         1.4167478423565         1.4169313000648
18.95                   1.4167478423565         1.4163792257231         1.4167478423565         1.4169814881775
19                      1.4167478423565         1.4163084294374         1.4167478423565         1.4170263620514
19.05                   1.4167478423565         1.4162455163482         1.4167478423565         1.4170662392003
19.1                    1.4167478423565         1.4161900397427         1.4167478423565         1.417101402771
19.15                   1.4167478423565         1.4161415991765         1.4167478423565         1.4171321065831
19.2                    1.4167478423565         1.4160998345888         1.4167478423565         1.4171585788595
19.25                   1.4167478423565         1.4160644218723         1.4167478423565         1.4171810250338
19.3                    1.4167478423565         1.4160350694784         1.4167478423565         1.4171996299028
19.35                   1.4167478423565         1.4160115157715         1.4167478423565         1.4172145593029
19.4                    1.4167478423565         1.4159935269329         1.4167478423565         1.4172259614389
19.45                   1.4167478423565         1.415980895281          1.4167478423565         1.4172339679486
19.5                    1.4167478423565         1.4159734379145         1.4167478423565         1.4172386947633
19.55                   1.4167478423565         1.4159709956177         1.4167478423565         1.417240242801
19.6                    1.4167478423565         1.4159734319868         1.4167478423565         1.4172386985205
19.65                   1.4167478423565         1.4159806327562         1.4167478423565         1.4172341343487
19.7                    1.4167478423565         1.4159925053131         1.4167478423565         1.4172266089875
19.75                   1.4167478423565         1.4160089784056         1.4167478423565         1.4172161675997
19.8                    1.4167478423565         1.4160300020609         1.4167478423565         1.4172028418602
19.85                   1.4167478423565         1.4160555477474         1.4167478423565         1.4171866498538
19.9                    1.4167478423565         1.4160856088355         1.4167478423565         1.4171675957825
19.95                   1.4167478423565         1.4161202014446         1.4167478423565         1.4171456694291
20                      1.4167478423565         1.4161593658027         1.4167478423565         1.4171208452954
20.05                   1.4167478423565         1.4162031683091         1.4167478423565         1.4170930812944
20.1                    1.4167478423565         1.4162517045806         1.4167478423565         1.41706231682
20.15                   1.4167478423565         1.4163051038898         1.4167478423565         1.4170284699332
20.2                    1.4167478423565         1.4163635355983         1.4167478423565         1.4169914332852
20.25                   1.4167478423565         1.4164272184618         1.4167478423565         1.4169510682187
20.3                    1.4167478423565         1.4164964340969         1.4167478423565         1.4169071962323
20.35                   1.4167478423565         1.416571546494          1.4167478423565         1.4168595866127
20.4                    1.4167478423565         1.4166530303325         1.4167478423565         1.4168079384867
20.45                   1.4167478423565         1.416740539914          1.4167478423565         1.4167524709733
20.5                    1.4167478423565         1.4168319736827         1.4167478423565         1.4166945161335
20.55                   1.4167478423565         1.4169246279263         1.4167478423565         1.4166357877017
20.6                    1.4167478423565         1.4170163531493         1.4167478423565         1.4165776481249
20.65                   1.4167478423565         1.4171054424487         1.4167478423565         1.4165211793152
20.7                    1.4167478423565         1.4171905442824         1.4167478423565         1.4164672379409
20.75                   1.4167478423565         1.4172705938786         1.4167478423565         1.4164164989022
20.8                    1.4167478423565         1.4173447588371         1.4167478423565         1.4163694898118
20.85                   1.4167478423565         1.4174123954418         1.4167478423565         1.4163266186861
20.9                    1.4167478423565         1.4174730128762         1.4167478423565         1.4162881966266
20.95                   1.4167478423565         1.4175262428763         1.4167478423565         1.4162544570556
21.002630398234         1.4167478423565         1.4175739686474         1.4167478423565         1.4162242063128
21.058029574601         1.4167478423565         1.4176147875859         1.4167478423565         1.4161983334314
21.116343188881         1.4167478423565         1.417647169858          1.4167478423565         1.4161778080892
21.177724563722         1.4167478423565         1.4176694461843         1.4167478423565         1.4161636883505
21.242335087763         1.4167478423565         1.4176797773665         1.4167478423565         1.416157139982
21.310344639971         1.4167478423565         1.4176760552014         1.4167478423565         1.4161594992578
21.3819320363           1.4167478423565         1.4176554487291         1.4167478423565         1.4161725605679
21.457285499847         1.4167478423565         1.4176167536082         1.4167478423565         1.416197087278
21.536603155744         1.4167478423565         1.4175657337749         1.4167478423565         1.4162294259457
21.620093552081         1.4167478423565         1.4175004717337         1.4167478423565         1.4162707919662
21.707976208241         1.4167478423565         1.4174205844808         1.4167478423565         1.4163214281044
21.800482192072         1.4167478423565         1.4173258788564         1.4167478423565         1.4163814567937
21.897854727434         1.4167478423565         1.4172159141138         1.4167478423565         1.4164511573994
22.000349833698         1.4167478423565         1.4170897657771         1.4167478423565         1.4165311158956
22.108236998893         1.4167478423565         1.4169457800086         1.4167478423565         1.4166223805594
22.221799888265         1.4167478423565         1.4167812253452         1.4167478423565         1.416726682715
22.34133709011          1.4167478423565         1.4165921624768         1.4167478423565         1.4168465192745
22.467162900849         1.4167478423565         1.4163673792935         1.4167478423565         1.416988996978
22.599608151396         1.4167478423565         1.4161440151718         1.4167478423565         1.4171305752165
22.739021077007         1.4167478423565         1.4155413918929         1.4167478423565         1.4175125449869
22.885768232885         1.4167478423565         1.4168371917148         1.4167478423565         1.4166912087098
