x[nm]                   E_14_real[eV]           Psi_14_x2_real[nm^-1/2] E_14_imag[eV]           Psi_14_x2_imag[nm^-1/2]
7.1142317671146         3.0911484520155         3.0917416095673         3.0911484520155         3.0887127580576
7.260978922993          3.0911484520155         3.0803221498844         3.0911484520155         3.1356046991039
7.4003918486039         3.0911484520155         3.0824423188572         3.0911484520155         3.1268986095654
7.532837099151          3.0911484520155         3.0823165898515         3.0911484520155         3.1274148929352
7.6586629098899         3.0911484520155         3.082376851155          3.0911484520155         3.1271674408165
7.7782001117354         3.0911484520155         3.0823355639017         3.0911484520155         3.1273369794375
7.891763001107          3.0911484520155         3.0822320718555         3.0911484520155         3.127761950764
7.9996501663019         3.0911484520155         3.0820733497662         3.0911484520155         3.1284137142505
8.1021452725658         3.0911484520155         3.081867131583          3.0911484520155         3.1292605118359
8.1995178079279         3.0911484520155         3.0816200435467         3.0911484520155         3.1302751340645
8.2920237917592         3.0911484520155         3.0813378863044         3.0911484520155         3.1314337616299
8.3799064479186         3.0911484520155         3.0810258417741         3.0911484520155         3.1327151159255
8.4633968442558         3.0911484520155         3.0806889211795         3.0911484520155         3.1340986192696
8.5427145001525         3.0911484520155         3.0803336073707         3.0911484520155         3.1355576510134
8.6180679636999         3.0911484520155         3.0799742021226         3.0911484520155         3.1370334835113
8.6896553600291         3.0911484520155         3.0795897566683         3.0911484520155         3.1386121390764
8.7576649122373         3.0911484520155         3.0792228213726         3.0911484520155         3.1401188923493
8.8222754362784         3.0911484520155         3.078897175434          3.0911484520155         3.1414560983625
8.8836568111193         3.0911484520155         3.0786170162073         3.0911484520155         3.1426065214392
8.9419704253995         3.0911484520155         3.0783824639414         3.0911484520155         3.1435696677989
8.9973696017656         3.0911484520155         3.0781924043306         3.0911484520155         3.1443501131363
9.05                    3.0911484520155         3.0780451446855         3.0911484520155         3.1449548081732
9.1                     3.0911484520155         3.0779385972638         3.0911484520155         3.1453923258456
9.15                    3.0911484520155         3.0778677318799         3.0911484520155         3.1456833216977
9.2                     3.0911484520155         3.0778356957637         3.0911484520155         3.1458148722013
9.25                    3.0911484520155         3.0778454587563         3.0911484520155         3.145774782242
9.3                     3.0911484520155         3.0778996052932         3.0911484520155         3.1455524393043
9.35                    3.0911484520155         3.0780000388636         3.0911484520155         3.1451400270541
9.4                     3.0911484520155         3.0781475733007         3.0911484520155         3.1445342036336
9.45                    3.0911484520155         3.0783413763348         3.0911484520155         3.1437383866072
9.5                     3.0911484520155         3.0785782196917         3.0911484520155         3.1427658322973
9.55                    3.0911484520155         3.0788514756384         3.0911484520155         3.1416437562885
9.6                     3.0911484520155         3.0791497811468         3.0911484520155         3.1404188187956
9.65                    3.0911484520155         3.0794876502113         3.0911484520155         3.1390314207318
9.7                     3.0911484520155         3.0798788872034         3.0911484520155         3.137424876948
9.75                    3.0911484520155         3.080309354947          3.0911484520155         3.1356572391949
9.8                     3.0911484520155         3.0807693667249         3.0911484520155         3.1337682842209
9.85                    3.0911484520155         3.0812522322212         3.0911484520155         3.131785484595
9.9                     3.0911484520155         3.0817532776551         3.0911484520155         3.1297280323514
9.95                    3.0911484520155         3.0822691855283         3.0911484520155         3.1276095501948
10                      3.0911484520155         3.0827975497996         3.0911484520155         3.1254399180975
10.05                   3.0911484520155         3.0833365762584         3.0911484520155         3.1232265036601
10.1                    3.0911484520155         3.0838848807642         3.0911484520155         3.120974990605
10.15                   3.0911484520155         3.0844413534474         3.0911484520155         3.1186899364096
10.2                    3.0911484520155         3.0850050673687         3.0911484520155         3.116375147383
10.25                   3.0911484520155         3.0855752171415         3.0911484520155         3.114033930699
10.3                    3.0911484520155         3.0861510777501         3.0911484520155         3.1116692635029
10.35                   3.0911484520155         3.0867319769791         3.0911484520155         3.1092839061255
10.4                    3.0911484520155         3.0873172770158         3.0911484520155         3.1068804776289
10.45                   3.0911484520155         3.0879063622355         3.0911484520155         3.1044615059649
10.5                    3.0911484520155         3.0884986311527         3.0911484520155         3.1020294610239
10.55                   3.0911484520155         3.0890934911816         3.0911484520155         3.0995867761528
10.6                    3.0911484520155         3.0896903552872         3.0911484520155         3.0971358619036
10.65                   3.0911484520155         3.0902886399132         3.0911484520155         3.0946791145453
10.7                    3.0911484520155         3.0908877637673         3.0911484520155         3.0922189210487
10.75                   3.0911484520155         3.0914871471861         3.0911484520155         3.0897576616967
10.8                    3.0911484520155         3.092086211889          3.0911484520155         3.0872977110938
10.85                   3.0911484520155         3.0926843809937         3.0911484520155         3.0848414381026
10.9                    3.0911484520155         3.0932810792078         3.0911484520155         3.0823912050571
10.95                   3.0911484520155         3.0938757331377         3.0911484520155         3.0799493664941
11                      3.0911484520155         3.0944677716758         3.0911484520155         3.0775182675631
11.05                   3.0911484520155         3.0950566264396         3.0911484520155         3.0751002422242
11.1                    3.0911484520155         3.0956417322438         3.0911484520155         3.0726976113086
11.15                   3.0911484520155         3.0962225275938         3.0911484520155         3.0703126804914
11.2                    3.0911484520155         3.0967984551923         3.0911484520155         3.0679477382135
11.25                   3.0911484520155         3.0973689624521         3.0911484520155         3.0656050535738
11.3                    3.0911484520155         3.0979335020121         3.0911484520155         3.0632868742115
11.35                   3.0911484520155         3.098491532253          3.0911484520155         3.0609954241879
11.4                    3.0911484520155         3.0990425178108         3.0911484520155         3.0587329018784
11.45                   3.0911484520155         3.0995859300864         3.0911484520155         3.0565014778797
11.5                    3.0911484520155         3.1001212477498         3.0911484520155         3.0543032929382
11.55                   3.0911484520155         3.1006479572391         3.0911484520155         3.0521404559032
11.6                    3.0911484520155         3.1011655532519         3.0911484520155         3.0500150417077
11.65                   3.0911484520155         3.1016735392292         3.0911484520155         3.0479290893806
11.7                    3.0911484520155         3.1021714278318         3.0911484520155         3.0458846000921
11.75                   3.0911484520155         3.1026587414074         3.0911484520155         3.0438835352348
11.8                    3.0911484520155         3.1031350124489         3.0911484520155         3.0419278145424
11.85                   3.0911484520155         3.1035997840424         3.0911484520155         3.0400193142483
11.9                    3.0911484520155         3.1040526103062         3.0911484520155         3.0381598652854
11.95                   3.0911484520155         3.1044930568179         3.0911484520155         3.03635125153
12                      3.0911484520155         3.1049207010318         3.0911484520155         3.0345952080898
12.05                   3.0911484520155         3.1053351326839         3.0911484520155         3.0328934196396
12.1                    3.0911484520155         3.1057359541855         3.0911484520155         3.0312475188048
12.15                   3.0911484520155         3.106122781005          3.0911484520155         3.0296590845951
12.2                    3.0911484520155         3.1064952420366         3.0911484520155         3.0281296408895
12.25                   3.0911484520155         3.1068529799561         3.0911484520155         3.0266606549743
12.3                    3.0911484520155         3.1071956515643         3.0911484520155         3.0252535361352
12.35                   3.0911484520155         3.1075229281159         3.0911484520155         3.0239096343058
12.4                    3.0911484520155         3.1078344956346         3.0911484520155         3.0226302387715
12.45                   3.0911484520155         3.1081300552152         3.0911484520155         3.0214165769336
12.5                    3.0911484520155         3.1084093233094         3.0911484520155         3.0202698131309
12.55                   3.0911484520155         3.1086720319985         3.0911484520155         3.0191910475234
12.6                    3.0911484520155         3.1089179292502         3.0911484520155         3.0181813150361
12.65                   3.0911484520155         3.1091467791603         3.0911484520155         3.0172415843668
12.7                    3.0911484520155         3.1093583621791         3.0911484520155         3.016372757056
12.75                   3.0911484520155         3.1095524753223         3.0911484520155         3.0155756666229
12.8                    3.0911484520155         3.1097289323651         3.0911484520155         3.014851077765
12.85                   3.0911484520155         3.1098875640216         3.0911484520155         3.0141996856248
12.9                    3.0911484520155         3.1100282181065         3.0911484520155         3.013622115123
12.95                   3.0911484520155         3.1101507596817         3.0911484520155         3.0131189203589
13                      3.0911484520155         3.1102550711855         3.0911484520155         3.0126905840786
13.05                   3.0911484520155         3.110341052545          3.0911484520155         3.0123375172124
13.1                    3.0911484520155         3.1104086212729         3.0911484520155         3.0120600584804
13.15                   3.0911484520155         3.1104577125459         3.0911484520155         3.0118584740672
13.2                    3.0911484520155         3.1104882792672         3.0911484520155         3.0117329573674
13.25                   3.0911484520155         3.1105002921117         3.0911484520155         3.0116836287993
13.3                    3.0911484520155         3.1104937395539         3.0911484520155         3.01171053569
13.35                   3.0911484520155         3.1104686278791         3.0911484520155         3.0118136522301
13.4                    3.0911484520155         3.1104249811775         3.0911484520155         3.0119928794981
13.45                   3.0911484520155         3.1103628413205         3.0911484520155         3.0122480455557
13.5                    3.0911484520155         3.1102822679213         3.0911484520155         3.012578905613
13.55                   3.0911484520155         3.1101833382771         3.0911484520155         3.0129851422631
13.6                    3.0911484520155         3.110066147295          3.0911484520155         3.0134663657865
13.65                   3.0911484520155         3.1099308074013         3.0911484520155         3.0140221145251
13.7                    3.0911484520155         3.1097774484336         3.0911484520155         3.0146518553246
13.75                   3.0911484520155         3.1096062175164         3.0911484520155         3.0153549840453
13.8                    3.0911484520155         3.10941727892           3.0911484520155         3.0161308261402
13.85                   3.0911484520155         3.109210813904          3.0911484520155         3.0169786373001
13.9                    3.0911484520155         3.1089870205437         3.0911484520155         3.0178976041644
13.95                   3.0911484520155         3.1087461135418         3.0911484520155         3.0188868450954
14                      3.0911484520155         3.1084883240246         3.0911484520155         3.0199454110154
14.05                   3.0911484520155         3.1082138993231         3.0911484520155         3.0210722863038
14.1                    3.0911484520155         3.1079231027415         3.0911484520155         3.0222663897502
14.15                   3.0911484520155         3.1076162133117         3.0911484520155         3.02352657556
14.2                    3.0911484520155         3.1072935255381         3.0911484520155         3.024851634405
14.25                   3.0911484520155         3.1069553491322         3.0911484520155         3.0262402945106
14.3                    3.0911484520155         3.1066020087428         3.0911484520155         3.0276912227651
14.35                   3.0911484520155         3.1062338436849         3.0911484520155         3.0292030258338
14.4                    3.0911484520155         3.1058512076741         3.0911484520155         3.0307742512471
14.45                   3.0911484520155         3.1054544685782         3.0911484520155         3.0324033884228
14.5                    3.0911484520155         3.1050440081989         3.0911484520155         3.0340888695615
14.55                   3.0911484520155         3.104620222107          3.0911484520155         3.0358290703232
14.6                    3.0911484520155         3.104183519563          3.0911484520155         3.0376223101537
14.65                   3.0911484520155         3.1037343235716         3.0911484520155         3.0394668520614
14.7                    3.0911484520155         3.1032730711406         3.0911484520155         3.0413609015525
14.75                   3.0911484520155         3.1028002138513         3.0911484520155         3.0433026042906
14.8                    3.0911484520155         3.1023162188959         3.0911484520155         3.0452900418353
14.85                   3.0911484520155         3.1018215708153         3.0911484520155         3.0473212245074
14.9                    3.0911484520155         3.1013167742819         3.0911484520155         3.0493940799613
14.95                   3.0911484520155         3.1008023584393         3.0911484520155         3.0515064353649
15                      3.0911484520155         3.1002788835585         3.0911484520155         3.0536559900663
15.05                   3.0911484520155         3.0997469511374         3.0911484520155         3.0558402741238
15.1                    3.0911484520155         3.099207219115          3.0911484520155         3.0580565858303
15.15                   3.0911484520155         3.0986604246808         3.0911484520155         3.0603018980503
15.2                    3.0911484520155         3.0981074183604         3.0911484520155         3.0625727182548
15.25                   3.0911484520155         3.0975492148366         3.0911484520155         3.0648648798332
15.3                    3.0911484520155         3.096987068608          3.0911484520155         3.0671732314139
15.35                   3.0911484520155         3.0964225865057         3.0911484520155         3.0694911748366
15.4                    3.0911484520155         3.0958578949004         3.0911484520155         3.0718099785455
15.45                   3.0911484520155         3.0952958880596         3.0911484520155         3.0741177577556
15.5                    3.0911484520155         3.0947405969099         3.0911484520155         3.0763979601976
15.55                   3.0911484520155         3.0941977364442         3.0911484520155         3.078627118289
15.6                    3.0911484520155         3.09367551818           3.0911484520155         3.0807715129224
15.65                   3.0911484520155         3.0931858558615         3.0911484520155         3.0827822224663
15.7                    3.0911484520155         3.0927461545944         3.0911484520155         3.08458777601
15.75                   3.0911484520155         3.0923389443987         3.0911484520155         3.0862599108587
15.8                    3.0911484520155         3.0919470867367         3.0911484520155         3.0878690033111
15.85                   3.0911484520155         3.0915892216998         3.0911484520155         3.0893385112103
15.9                    3.0911484520155         3.0912778606311         3.0911484520155         3.0906170589948
15.95                   3.0911484520155         3.0910210622859         3.0911484520155         3.0916715548467
16                      3.0911484520155         3.0908236999499         3.0911484520155         3.0924819875012
16.05                   3.0911484520155         3.0906884183226         3.0911484520155         3.0930374969796
16.1                    3.0911484520155         3.0906163553872         3.0911484520155         3.0933334103599
16.15                   3.0911484520155         3.0906076864312         3.0911484520155         3.0933690078565
16.2                    3.0911484520155         3.0906620334549         3.0911484520155         3.0931458416557
16.25                   3.0911484520155         3.0907787722466         3.0911484520155         3.0926664749704
16.3                    3.0911484520155         3.0909572602338         3.0911484520155         3.0919335464074
16.35                   3.0911484520155         3.0911969993199         3.0911484520155         3.0909491013106
16.4                    3.0911484520155         3.0914977364031         3.0911484520155         3.0897141789968
16.45                   3.0911484520155         3.09185948349           3.0911484520155         3.0882287301625
16.5                    3.0911484520155         3.0922823915292         3.0911484520155         3.0864921349651
16.55                   3.0911484520155         3.0927662865075         3.0911484520155         3.0845051079581
16.6                    3.0911484520155         3.0933093174167         3.0911484520155         3.0822752499712
16.65                   3.0911484520155         3.0939040638799         3.0911484520155         3.0798330314369
16.7                    3.0911484520155         3.0945258077161         3.0911484520155         3.0772799530844
16.75                   3.0911484520155         3.0951999768007         3.0911484520155         3.0745115999532
16.8                    3.0911484520155         3.0959452453317         3.0911484520155         3.0714512898343
16.85                   3.0911484520155         3.0967234131986         3.0911484520155         3.0682558845568
16.9                    3.0911484520155         3.0975199040283         3.0911484520155         3.064985239354
16.95                   3.0911484520155         3.0983295846683         3.0911484520155         3.0616604325863
17                      3.0911484520155         3.0991511004504         3.0911484520155         3.058287026953
17.05                   3.0911484520155         3.0999846106434         3.0911484520155         3.054864368446
17.1                    3.0911484520155         3.100830878098          3.0911484520155         3.0513893245563
17.15                   3.0911484520155         3.1016908896162         3.0911484520155         3.0478578431615
17.2                    3.0911484520155         3.1025656626918         3.0911484520155         3.0442657461071
17.25                   3.0911484520155         3.1034560625144         3.0911484520155         3.040609480649
17.3                    3.0911484520155         3.1043624623703         3.0911484520155         3.0368875139545
17.35                   3.0911484520155         3.1052839391755         3.0911484520155         3.033103636501
17.4                    3.0911484520155         3.1062162761713         3.0911484520155         3.0292751636436
17.45                   3.0911484520155         3.1071469679209         3.0911484520155         3.0254534466916
17.5                    3.0911484520155         3.1080427164694         3.0911484520155         3.0217752176601
17.55                   3.0911484520155         3.1089330132901         3.0911484520155         3.0181193751606
17.6                    3.0911484520155         3.1098321159029         3.0911484520155         3.0144273732722
17.65                   3.0911484520155         3.1106876653029         3.0911484520155         3.0109142147567
17.7                    3.0911484520155         3.1114794390627         3.0911484520155         3.0076629393465
17.75                   3.0911484520155         3.1121978965687         3.0911484520155         3.0047127238416
17.8                    3.0911484520155         3.1128369871772         3.0911484520155         3.0020884141134
17.85                   3.0911484520155         3.1133915897232         3.0911484520155         2.9998110392974
17.9                    3.0911484520155         3.1138565788151         3.0911484520155         2.9979016458856
17.95                   3.0911484520155         3.1142265178293         3.0911484520155         2.9963825583871
18                      3.0911484520155         3.1144956319989         3.0911484520155         2.9952774898352
18.05                   3.0911484520155         3.1146579441705         3.0911484520155         2.9946109843267
18.1                    3.0911484520155         3.1147075436431         3.0911484520155         2.9944073130842
18.15                   3.0911484520155         3.1146389974486         3.0911484520155         2.9946887856055
18.2                    3.0911484520155         3.1144479357802         3.0911484520155         2.9954733457109
18.25                   3.0911484520155         3.1141318612612         3.0911484520155         2.9967712484247
18.3                    3.0911484520155         3.113691250709          3.0911484520155         2.9985805357823
18.35                   3.0911484520155         3.1131310409434         3.0911484520155         3.0008809356291
18.4                    3.0911484520155         3.1124626193507         3.0911484520155         3.0036256877265
18.45                   3.0911484520155         3.1117064777674         3.0911484520155         3.0067306460638
18.5                    3.0911484520155         3.1108957376808         3.0911484520155         3.0100598032566
18.55                   3.0911484520155         3.109992866253          3.0911484520155         3.0137672811007
18.6                    3.0911484520155         3.1089613289417         3.0911484520155         3.0180031020704
18.65                   3.0911484520155         3.1078381934083         3.0911484520155         3.0226150545341
18.7                    3.0911484520155         3.1066488495392         3.0911484520155         3.0274988795262
18.75                   3.0911484520155         3.1054108212431         3.0911484520155         3.0325826182919
18.8                    3.0911484520155         3.1041363351911         3.0911484520155         3.0378160642232
18.85                   3.0911484520155         3.1028340517121         3.0911484520155         3.0431636552492
18.9                    3.0911484520155         3.1015102309732         3.0911484520155         3.0485996851288
18.95                   3.0911484520155         3.1001695185423         3.0911484520155         3.0541050776793
19                      3.0911484520155         3.0988154744239         3.0911484520155         3.0596652143878
19.05                   3.0911484520155         3.0974509292106         3.0911484520155         3.065268471939
19.1                    3.0911484520155         3.0960782237352         3.0911484520155         3.070905238127
19.15                   3.0911484520155         3.0946993702367         3.0911484520155         3.0765672500572
19.2                    3.0911484520155         3.093316160676          3.0911484520155         3.0822471493673
19.25                   3.0911484520155         3.0919302395024         3.0911484520155         3.0879381834244
19.3                    3.0911484520155         3.0905431525652         3.0911484520155         3.0936340044782
19.35                   3.0911484520155         3.0891563801007         3.0911484520155         3.0993285342071
19.4                    3.0911484520155         3.0877713592118         3.0911484520155         3.1050158714081
19.45                   3.0911484520155         3.0863894996018         3.0911484520155         3.1106902273903
19.5                    3.0911484520155         3.0850121952551         3.0911484520155         3.1163458780096
19.55                   3.0911484520155         3.083640834121          3.0911484520155         3.1219771239039
19.6                    3.0911484520155         3.0822768075389         3.0911484520155         3.1275782517899
19.65                   3.0911484520155         3.0809215211025         3.0911484520155         3.1331434898521
19.7                    3.0911484520155         3.0795764088864         3.0911484520155         3.1386669493228
19.75                   3.0911484520155         3.0782429534896         3.0911484520155         3.1441425421785
19.8                    3.0911484520155         3.0769227152646         3.0911484520155         3.149563861114
19.85                   3.0911484520155         3.0756173755535         3.0911484520155         3.1549240020031
19.9                    3.0911484520155         3.0743288009563         3.0911484520155         3.1602152999916
19.95                   3.0911484520155         3.0730591389772         3.0911484520155         3.165428936742
20                      3.0911484520155         3.0718109603414         3.0911484520155         3.1705543560374
20.05                   3.0911484520155         3.0705874706337         3.0911484520155         3.1755783947256
20.1                    3.0911484520155         3.0693928248412         3.0911484520155         3.1804839911049
20.15                   3.0911484520155         3.0682325946105         3.0911484520155         3.1852482662183
20.2                    3.0911484520155         3.067114462105          3.0911484520155         3.189839674655
20.25                   3.0911484520155         3.0660492500761         3.0911484520155         3.1942137747483
20.3                    3.0911484520155         3.0650524507705         3.0911484520155         3.1983069503947
20.35                   3.0911484520155         3.064146494938          3.0911484520155         3.2020270937878
20.4                    3.0911484520155         3.0633641188782         3.0911484520155         3.2052397792464
20.45                   3.0911484520155         3.0626733569409         3.0911484520155         3.2080762679194
20.5                    3.0911484520155         3.0620406002614         3.0911484520155         3.2106745685164
20.55                   3.0911484520155         3.0614921612699         3.0911484520155         3.2129266338129
20.6                    3.0911484520155         3.0610433872606         3.0911484520155         3.2147694429276
20.65                   3.0911484520155         3.0607017536786         3.0911484520155         3.2161722992998
20.7                    3.0911484520155         3.0604691877379         3.0911484520155         3.2171272891756
20.75                   3.0911484520155         3.0603438049073         3.0911484520155         3.2176421510396
20.8                    3.0911484520155         3.0603211974285         3.0911484520155         3.2177349845532
20.85                   3.0911484520155         3.0603953807324         3.0911484520155         3.2174303642637
20.9                    3.0911484520155         3.0605594777981         3.0911484520155         3.216756529411
20.95                   3.0911484520155         3.0608062008413         3.0911484520155         3.2157434059608
21.002630398234         3.0911484520155         3.0611471978429         3.0911484520155         3.2143431635901
21.058029574601         3.0911484520155         3.0615873032157         3.0911484520155         3.2125359506599
21.116343188881         3.0911484520155         3.06213043658           3.0911484520155         3.2103056719597
21.177724563722         3.0911484520155         3.0627791782409         3.0911484520155         3.2076417319346
21.242335087763         3.0911484520155         3.0635332497465         3.0911484520155         3.2045452739963
21.310344639971         3.0911484520155         3.0643829316262         3.0911484520155         3.2010562093892
21.3819320363           3.0911484520155         3.0652731603447         3.0911484520155         3.1974006465392
21.457285499847         3.0911484520155         3.0661054055199         3.0911484520155         3.193983182598
21.536603155744         3.0911484520155         3.0669281764878         3.0911484520155         3.1906046227719
21.620093552081         3.0911484520155         3.0677083558032         3.0911484520155         3.1874009578455
21.707976208241         3.0911484520155         3.0684309316627         3.0911484520155         3.1844338310683
21.800482192072         3.0911484520155         3.0690842999874         3.0911484520155         3.1817508924869
21.897854727434         3.0911484520155         3.0696564614358         3.0911484520155         3.1794014152215
22.000349833698         3.0911484520155         3.070133983926          3.0911484520155         3.1774405556819
22.108236998893         3.0911484520155         3.0705015236172         3.0911484520155         3.1759313205681
22.221799888265         3.0911484520155         3.0707411716389         3.0911484520155         3.174947249411
22.34133709011          3.0911484520155         3.0708367771364         3.0911484520155         3.174554662767
22.467162900849         3.0911484520155         3.0706972349907         3.0911484520155         3.175127667292
22.599608151396         3.0911484520155         3.0709883753114         3.0911484520155         3.1739321523435
22.739021077007         3.0911484520155         3.0660788743492         3.0911484520155         3.1940921280409
22.885768232885         3.0911484520155         3.0925219781867         3.0911484520155         3.0855083157889
