x[nm]                Probability[nm^-1]  
7.1142317671146      5.2200260195215e-09
7.260978922993       2.6486349747073e-06
7.4003918486039      1.0219100002182e-05
7.532837099151       2.352530311807e-05
7.6586629098899      4.4143071389251e-05
7.7782001117354      7.4366349083485e-05
7.891763001107       0.00011722250693401
7.9996501663019      0.00017651334617467
8.1021452725658      0.00025685930806862
8.1995178079279      0.0003637324426672
8.2920237917592      0.00050346820331342
8.3799064479186      0.00068324919494408
8.4633968442558      0.00091105653419772
8.5427145001525      0.0011955868393709
8.6180679636999      0.0015461351459513
8.6896553600291      0.0019670122253268
8.7576649122373      0.0024605980695219
8.8222754362784      0.0030281051451725
8.8836568111193      0.0036689148603695
8.9419704253995      0.0043806386434838
8.9973696017656      0.0051592704459077
9.05                 0.0059994084015734
9.1                  0.0068945217615461
9.15                 0.0078893130339805
9.2                  0.0089880763090132
9.25                 0.010193951120454
9.3                  0.011508635190872
9.35                 0.012932084280558
9.4                  0.014462206733223
9.45                 0.016094562046629
9.5                  0.017822074495
9.55                 0.01963477440628
9.6                  0.021519581053067
9.65                 0.02347080652875
9.7                  0.025488854122782
9.75                 0.027570780423993
9.8                  0.029713548851308
9.85                 0.031914034082738
9.9                  0.034169026613793
9.95                 0.036475237438693
10                   0.038829302847523
10.05                0.04122778933235
10.1                 0.04366719859515
10.15                0.046143972650229
10.2                 0.048654499013698
10.25                0.051195115972441
10.3                 0.053762117924889
10.35                0.056351760785795
10.4                 0.058960267447155
10.45                0.06158383328728
10.5                 0.064218631720006
10.55                0.066860819775941
10.6                 0.069506543707602
10.65                0.072151944610274
10.7                 0.074793164050396
10.75                0.077426349693253
10.8                 0.080047660921777
10.85                0.082653274438255
10.9                 0.085239389840778
10.95                0.087802235166294
11                   0.09033807239218
11.05                0.092843202888317
11.1                 0.095313972811698
11.15                0.097746778435727
11.2                 0.1001380714064
11.25                0.10248436391776
11.3                 0.10478223379898
11.35                0.10702832950579
11.4                 0.1092193750088
11.45                0.11135217457179
11.5                 0.1134236174128
11.55                0.11543068224133
11.6                 0.11737044166508
11.65                0.1192400664596
11.7                 0.1210368296949
11.75                0.12275811071279
11.8                 0.1244013989492
11.85                0.12596429759597
11.9                 0.12744452709667
11.95                0.12883992847149
12                   0.13014846646615
12.05                0.13136823252043
12.1                 0.1324974475519
12.15                0.13353446455077
12.2                 0.13447777098214
12.25                0.13532599099209
12.3                 0.13607788741444
12.35                0.13673236357518
12.4                 0.13728846489205
12.45                0.13774538026682
12.5                 0.13810244326832
12.55                0.13835913310446
12.6                 0.13851507538183
12.65                0.13857004265175
12.7                 0.13852395474204
12.75                0.13837687887395
12.8                 0.1381290295641
12.85                0.13778076831161
12.9                 0.13733260307083
12.95                0.13678518751047
13                   0.13613932006021
13.05                0.13539594274613
13.1                 0.13455613981673
13.15                0.13362113616153
13.2                 0.13259229552446
13.25                0.13147111851486
13.3                 0.1302592404187
13.35                0.12895842881348
13.4                 0.12757058099013
13.45                0.12609772118576
13.5                 0.12454199763115
13.55                0.12290567941753
13.6                 0.12119115318698
13.65                0.11940091965142
13.7                 0.1175375899452
13.75                0.11560388181663
13.8                 0.11360261566407
13.85                0.11153671042221
13.9                 0.10940917930472
13.95                0.1072231254093
14                   0.10498173719169
14.05                0.10268828381519
14.1                 0.10034611038242
14.15                0.097958633056327
14.2                 0.095529334077604
14.25                0.093061756685651
14.3                 0.090559499950616
14.35                0.088026213523999
14.4                 0.085465592315468
14.45                0.082881371103671
14.5                 0.080277319088901
14.55                0.077657234395548
14.6                 0.075024938532369
14.65                0.072384270818649
14.7                 0.069739082784387
14.75                0.067093232552667
14.8                 0.064450579212415
14.85                0.061814977189754
14.9                 0.059190270626148
14.95                0.056580287771554
15                   0.053988835400755
15.05                0.051419693261005
15.1                 0.048876608559107
15.15                0.046363290495944
15.2                 0.043883404856447
15.25                0.041440568662887
15.3                 0.039038344899289
15.35                0.036680237314663
15.4                 0.034369685312631
15.45                0.032110058934907
15.5                 0.02990465394594
15.55                0.027756687025902
15.6                 0.025669291079014
15.65                0.023645510664069
15.7                 0.021688297553807
15.75                0.019797261426135
15.8                 0.017978149293013
15.85                0.016244139474269
15.9                 0.014605288500194
15.95                0.013068747887359
16                   0.011639022868677
16.05                0.010318259068159
16.1                 0.009106544466077
16.15                0.0080022155778243
16.2                 0.0070021584716936
16.25                0.0061020969906058
16.3                 0.0052968622483632
16.35                0.0045806390839474
16.4                 0.0039471866343572
16.45                0.0033900314969938
16.5                 0.0029026330790689
16.55                0.0024785216668579
16.6                 0.0021114104940065
16.65                0.0017952836550016
16.7                 0.001524462112411
16.75                0.0012943054347889
16.8                 0.0010997743258898
16.85                0.0009353590356029
16.9                 0.00079640279119405
16.95                0.00067896990244192
17                   0.00057973429016316
17.05                0.00049588528089356
17.1                 0.00042504799952582
17.15                0.0003652161051663
17.2                 0.0003146949650725
17.25                0.00027205365717334
17.3                 0.00023608444172861
17.35                0.00020576855423375
17.4                 0.00018024735071436
17.45                0.00015879798815213
17.5                 0.00014081295123279
17.55                0.00012581835459997
17.6                 0.00011335380896655
17.65                0.00010296595572668
17.7                 9.4289872588307e-05
17.75                8.7030442956876e-05
17.8                 8.0947779828627e-05
17.85                7.5845778022114e-05
17.9                 7.1563089547642e-05
17.95                6.7965983837337e-05
18                   6.4942681091921e-05
18.05                6.2398843239114e-05
18.1                 6.025398042371e-05
18.15                5.8438587117704e-05
18.2                 5.6891864986838e-05
18.25                5.5559922662946e-05
18.3                 5.4394367855333e-05
18.35                5.3351226515859e-05
18.4                 5.239013834868e-05
18.45                5.147378880633e-05
18.5                 5.0567545584311e-05
18.55                4.9644036154132e-05
18.6                 4.86931721138e-05
18.65                4.7716340340349e-05
18.7                 4.671496558588e-05
18.75                4.5690508399506e-05
18.8                 4.4644462997092e-05
18.85                4.357835508186e-05
18.9                 4.2493739619092e-05
18.95                4.1392198568149e-05
19                   4.027533857509e-05
19.05                3.9144788629334e-05
19.1                 3.8002197687705e-05
19.15                3.6849232269345e-05
19.2                 3.5687574025021e-05
19.25                3.4518917284373e-05
19.3                 3.3344966584658e-05
19.35                3.2167434184594e-05
19.4                 3.0988037566974e-05
19.45                2.9808496933642e-05
19.5                 2.8630532696488e-05
19.55                2.7455862968157e-05
19.6                 2.6286201056113e-05
19.65                2.5123252963692e-05
19.7                 2.3968714901834e-05
19.75                2.2824270815082e-05
19.8                 2.169158992547e-05
19.85                2.0572324297887e-05
19.9                 1.9468106430477e-05
19.95                1.8380546873566e-05
20                   1.7311231880601e-05
20.05                1.6261721094524e-05
20.1                 1.5233545272979e-05
20.15                1.4228204055621e-05
20.2                 1.3247163776826e-05
20.25                1.2291855326989e-05
20.3                 1.1363672065498e-05
20.35                1.0463967788459e-05
20.4                 9.5940547541317e-06
20.45                8.7537531643579e-06
20.5                 7.9455988532365e-06
20.55                7.1754235892661e-06
20.6                 6.4476721420463e-06
20.65                5.7654990757989e-06
20.7                 5.1308840954954e-06
20.75                4.5447597223082e-06
20.8                 4.0071456795869e-06
20.85                3.5172850732634e-06
20.9                 3.0737782079065e-06
20.95                2.6747106533135e-06
21.002630398234      2.3001527319584e-06
21.058029574601      1.9530160415498e-06
21.116343188881      1.6357088909976e-06
21.177724563722      1.3500172932186e-06
21.242335087763      1.0970061428742e-06
21.310344639971      8.7695122621809e-07
21.3819320363        6.8931199037911e-07
21.457285499847      5.3302736573546e-07
21.536603155744      4.0617548510012e-07
21.620093552081      3.0461235146564e-07
21.707976208241      2.2446075960925e-07
21.800482192072      1.6216249574106e-07
21.897854727434      1.1451534580093e-07
22.000349833698      7.8694780531949e-08
22.108236998893      5.2261200961374e-08
22.221799888265      3.3154680068842e-08
22.34133709011       1.9680264356427e-08
22.467162900849      1.048826395306e-08
22.599608151396      4.5559718251048e-09
22.739021077007      1.1808384610433e-09
22.885768232885      2.3272393333382e-12
