x[nm]                E_2[eV]              Psi^2_2[nm^-1]      
7.1142317671146      1.3976942530798      1.3976942945828
7.260978922993       1.3976942530798      1.3977153017412
7.4003918486039      1.3976942530798      1.3977746521162
7.532837099151       1.3976942530798      1.3978765894084
7.6586629098899      1.3976942530798      1.3980300686295
7.7782001117354      1.3976942530798      1.3982480864012
7.891763001107       1.3976942530798      1.3985474099384
7.9996501663019      1.3976942530798      1.398948467332
8.1021452725658      1.3976942530798      1.3994752667526
8.1995178079279      1.3976942530798      1.4001552680296
8.2920237917592      1.3976942530798      1.4010191624399
8.3799064479186      1.3976942530798      1.4021005375469
8.4633968442558      1.3976942530798      1.4034354191609
8.5427145001525      1.3976942530798      1.4050616944224
8.6180679636999      1.3976942530798      1.4070184295903
8.6896553600291      1.3976942530798      1.4093148211384
8.7576649122373      1.3976942530798      1.4119485525024
8.8222754362784      1.3976942530798      1.4149110697762
8.8836568111193      1.3976942530798      1.4181848790119
8.9419704253995      1.3976942530798      1.4217445802017
8.9973696017656      1.3976942530798      1.4255582554239
9.05                 1.3976942530798      1.4295890617701
9.1                  1.3976942530798      1.4337968914287
9.15                 1.3976942530798      1.4383774302608
9.2                  1.3976942530798      1.4433284342936
9.25                 1.3976942530798      1.4486402247033
9.3                  1.3976942530798      1.4542946465586
9.35                 1.3976942530798      1.4602640944513
9.4                  1.3976942530798      1.4665106513534
9.45                 1.3976942530798      1.4729853915237
9.5                  1.3976942530798      1.4796279014515
9.55                 1.3976942530798      1.486366074262
9.6                  1.3976942530798      1.4931162323042
9.65                 1.3976942530798      1.4998236131589
9.7                  1.3976942530798      1.5064588780391
9.75                 1.3976942530798      1.5129843033301
9.8                  1.3976942530798      1.5193627898901
9.85                 1.3976942530798      1.5255580739715
9.9                  1.3976942530798      1.5315349333918
9.95                 1.3976942530798      1.5372593877827
10                   1.3976942530798      1.5426988917799
10.05                1.3976942530798      1.5478225200536
10.1                 1.3976942530798      1.5526011431291
10.15                1.3976942530798      1.5570075929973
10.2                 1.3976942530798      1.5610168175733
10.25                1.3976942530798      1.564606023126
10.3                 1.3976942530798      1.5677548038674
10.35                1.3976942530798      1.5704452579662
10.4                 1.3976942530798      1.5726620893255
10.45                1.3976942530798      1.5743926945461
10.5                 1.3976942530798      1.5756272345806
10.55                1.3976942530798      1.5763586906718
10.6                 1.3976942530798      1.5765829042567
10.65                1.3976942530798      1.5762986006088
10.7                 1.3976942530798      1.5755073960859
10.75                1.3976942530798      1.5742137889401
10.8                 1.3976942530798      1.5724251337442
10.85                1.3976942530798      1.5701515995781
10.9                 1.3976942530798      1.567406112215
10.95                1.3976942530798      1.5642042806335
11                   1.3976942530798      1.560564308276
11.05                1.3976942530798      1.556506889556
11.1                 1.3976942530798      1.5520550922041
11.15                1.3976942530798      1.5472342261199
11.2                 1.3976942530798      1.5420716994778
11.25                1.3976942530798      1.5365968629021
11.3                 1.3976942530798      1.5308408425997
11.35                1.3976942530798      1.5248363633974
11.4                 1.3976942530798      1.5186175626906
11.45                1.3976942530798      1.5122197963616
11.5                 1.3976942530798      1.5056794377697
11.55                1.3976942530798      1.4990336709571
11.6                 1.3976942530798      1.4923202792456
11.65                1.3976942530798      1.4855774304264
11.7                 1.3976942530798      1.4788434597637
11.75                1.3976942530798      1.4721566520467
11.8                 1.3976942530798      1.465555023928
11.85                1.3976942530798      1.4590761077866
11.9                 1.3976942530798      1.4527567383448
11.95                1.3976942530798      1.4466328432503
12                   1.3976942530798      1.4407392388164
12.05                1.3976942530798      1.4351094320799
12.1                 1.3976942530798      1.4297754303028
12.15                1.3976942530798      1.4247675590009
12.2                 1.3976942530798      1.4201142895332
12.25                1.3976942530798      1.4158420772332
12.3                 1.3976942530798      1.4119752110021
12.35                1.3976942530798      1.408535675218
12.4                 1.3976942530798      1.4055430247481
12.45                1.3976942530798      1.4030142737729
12.5                 1.3976942530798      1.4009637990551
12.55                1.3976942530798      1.3994032582029
12.6                 1.3976942530798      1.398341523393
12.65                1.3976942530798      1.3977846309293
12.7                 1.3976942530798      1.3977357469245
12.75                1.3976942530798      1.3981951493
12.8                 1.3976942530798      1.3991602262054
12.85                1.3976942530798      1.4006254908682
12.9                 1.3976942530798      1.4025826127874
12.95                1.3976942530798      1.4050204650955
13                   1.3976942530798      1.4079251878181
13.05                1.3976942530798      1.4112802666721
13.1                 1.3976942530798      1.4150666269552
13.15                1.3976942530798      1.4192627419913
13.2                 1.3976942530798      1.4238447555169
13.25                1.3976942530798      1.4287866173113
13.3                 1.3976942530798      1.4340602313007
13.35                1.3976942530798      1.4396356152934
13.4                 1.3976942530798      1.4454810714383
13.45                1.3976942530798      1.4515633664369
13.5                 1.3976942530798      1.457847920486
13.55                1.3976942530798      1.4642990038744
13.6                 1.3976942530798      1.4708799401183
13.65                1.3976942530798      1.4775533144783
13.7                 1.3976942530798      1.4842811866749
13.75                1.3976942530798      1.4910253065906
13.8                 1.3976942530798      1.4977473317347
13.85                1.3976942530798      1.5044090452322
13.9                 1.3976942530798      1.5109725730991
13.95                1.3976942530798      1.5174005995686
14                   1.3976942530798      1.5236565792425
14.05                1.3976942530798      1.5297049448644
14.1                 1.3976942530798      1.5355113095303
14.15                1.3976942530798      1.5410426621896
14.2                 1.3976942530798      1.5462675553233
14.25                1.3976942530798      1.5511562837334
14.3                 1.3976942530798      1.5556810534266
14.35                1.3976942530798      1.5598161396318
14.4                 1.3976942530798      1.5635380330539
14.45                1.3976942530798      1.5668255735318
14.5                 1.3976942530798      1.5696600703404
14.55                1.3976942530798      1.5720254084538
14.6                 1.3976942530798      1.5739081401639
14.65                1.3976942530798      1.5752975615354
14.7                 1.3976942530798      1.576185773261
14.75                1.3976942530798      1.5765677255713
14.8                 1.3976942530798      1.5764412469446
14.85                1.3976942530798      1.5758070564526
14.9                 1.3976942530798      1.5746687596721
14.95                1.3976942530798      1.5730328281865
15                   1.3976942530798      1.5709085627925
15.05                1.3976942530798      1.568308040622
15.1                 1.3976942530798      1.5652460464801
15.15                1.3976942530798      1.5617399887882
15.2                 1.3976942530798      1.5578098006121
15.25                1.3976942530798      1.5534778263355
15.3                 1.3976942530798      1.5487686946256
15.35                1.3976942530798      1.5437091784107
15.4                 1.3976942530798      1.5383280426679
15.45                1.3976942530798      1.5326558808846
15.5                 1.3976942530798      1.5267249411249
15.55                1.3976942530798      1.520568942689
15.6                 1.3976942530798      1.5142228844079
15.65                1.3976942530798      1.5077228456641
15.7                 1.3976942530798      1.5011057812685
15.75                1.3976942530798      1.4944019289025
15.8                 1.3976942530798      1.4876692865223
15.85                1.3976942530798      1.4809960022783
15.9                 1.3976942530798      1.4744588415879
15.95                1.3976942530798      1.4681229455835
16                   1.3976942530798      1.4620419347848
16.05                1.3976942530798      1.4562583043436
16.1                 1.3976942530798      1.4508040558581
16.15                1.3976942530798      1.4457015116664
16.2                 1.3976942530798      1.4409642603027
16.25                1.3976942530798      1.4365981860289
16.3                 1.3976942530798      1.4326025406414
16.35                1.3976942530798      1.4289710217371
16.4                 1.3976942530798      1.4256928279775
16.45                1.3976942530798      1.4227536683415
16.5                 1.3976942530798      1.4201367086934
16.55                1.3976942530798      1.4178234450527
16.6                 1.3976942530798      1.4157944986428
16.65                1.3976942530798      1.4140303330803
16.7                 1.3976942530798      1.4125118989745
16.75                1.3976942530798      1.4112237954704
16.8                 1.3976942530798      1.4101452785381
16.85                1.3976942530798      1.4092511356386
16.9                 1.3976942530798      1.4085204643529
16.95                1.3976942530798      1.4079361837453
17                   1.3976942530798      1.4074846350616
17.05                1.3976942530798      1.4071552624278
17.1                 1.3976942530798      1.4069403660849
17.15                1.3976942530798      1.4068349223915
17.2                 1.3976942530798      1.4068364663854
17.25                1.3976942530798      1.4069450341609
17.3                 1.3976942530798      1.4071631637115
17.35                1.3976942530798      1.4074959542618
17.4                 1.3976942530798      1.4079511854714
17.45                1.3976942530798      1.408539499301
17.5                 1.3976942530798      1.4092746487895
17.55                1.3976942530798      1.4101677937325
17.6                 1.3976942530798      1.4112261814298
17.65                1.3976942530798      1.4124590702583
17.7                 1.3976942530798      1.4138763547434
17.75                1.3976942530798      1.4154880788828
17.8                 1.3976942530798      1.4173039232129
17.85                1.3976942530798      1.4193326588539
17.9                 1.3976942530798      1.4215815657435
17.95                1.3976942530798      1.4240558162353
18                   1.3976942530798      1.4267578292903
18.05                1.3976942530798      1.4296866046206
18.1                 1.3976942530798      1.4328370503383
18.15                1.3976942530798      1.4361993218244
18.2                 1.3976942530798      1.439758193567
18.25                1.3976942530798      1.4434924894356
18.3                 1.3976942530798      1.4473746001035
18.35                1.3976942530798      1.4513701188501
18.4                 1.3976942530798      1.4554376285648
18.45                1.3976942530798      1.4595286731637
18.5                 1.3976942530798      1.4635879456049
18.55                1.3976942530798      1.4675789410298
18.6                 1.3976942530798      1.47148292516
18.65                1.3976942530798      1.4752777025902
18.7                 1.3976942530798      1.4789416987899
18.75                1.3976942530798      1.4824540827624
18.8                 1.3976942530798      1.4857948854751
18.85                1.3976942530798      1.48894511339
18.9                 1.3976942530798      1.4918868564483
18.95                1.3976942530798      1.4946033898944
19                   1.3976942530798      1.497079269362
19.05                1.3976942530798      1.49930041868
19.1                 1.3976942530798      1.5012542099001
19.15                1.3976942530798      1.5029295350908
19.2                 1.3976942530798      1.5043168694896
19.25                1.3976942530798      1.5054083256542
19.3                 1.3976942530798      1.5061976983052
19.35                1.3976942530798      1.5066804996053
19.4                 1.3976942530798      1.5068539846737
19.45                1.3976942530798      1.5067171671921
19.5                 1.3976942530798      1.5062708250118
19.55                1.3976942530798      1.5055174957318
19.6                 1.3976942530798      1.5044614622711
19.65                1.3976942530798      1.5031087285198
19.7                 1.3976942530798      1.5014669852043
19.75                1.3976942530798      1.4995455661633
19.8                 1.3976942530798      1.4973553952822
19.85                1.3976942530798      1.4949089243868
19.9                 1.3976942530798      1.4922200624511
19.95                1.3976942530798      1.4893040965199
20                   1.3976942530798      1.4861776047974
20.05                1.3976942530798      1.4828583623948
20.1                 1.3976942530798      1.4793652402726
20.15                1.3976942530798      1.4757180979536
20.2                 1.3976942530798      1.471937670615
20.25                1.3976942530798      1.468045451202
20.3                 1.3976942530798      1.464063568234
20.35                1.3976942530798      1.4600146599963
20.4                 1.3976942530798      1.4559217458345
20.45                1.3976942530798      1.451802728584
20.5                 1.3976942530798      1.4476910248477
20.55                1.3976942530798      1.443637695606
20.6                 1.3976942530798      1.4396867412303
20.65                1.3976942530798      1.4358750266786
20.7                 1.3976942530798      1.4322324069515
20.75                1.3976942530798      1.4287820194172
20.8                 1.3976942530798      1.4255407091855
20.85                1.3976942530798      1.4225195545858
20.9                 1.3976942530798      1.4197244617379
20.95                1.3976942530798      1.4171567999376
21.002630398234      1.3976942530798      1.4146971596197
21.058029574601      1.3976942530798      1.4123700149914
21.116343188881      1.3976942530798      1.4101978479821
21.177724563722      1.3976942530798      1.4082001352423
21.242335087763      1.3976942530798      1.4063923761233
21.310344639971      1.3976942530798      1.4047852456157
21.3819320363        1.3976942530798      1.4033839634025
21.457285499847      1.3976942530798      1.4021899430758
21.536603155744      1.3976942530798      1.4011975728506
21.620093552081      1.3976942530798      1.4003830140861
21.707976208241      1.3976942530798      1.3997231476516
21.800482192072      1.3976942530798      1.3991959902196
21.897854727434      1.3976942530798      1.3987810463068
22.000349833698      1.3976942530798      1.3984595877739
22.108236998893      1.3976942530798      1.398214858345
22.221799888265      1.3976942530798      1.3980322079825
22.34133709011       1.3976942530798      1.3978991712511
22.467162900849      1.3976942530798      1.3978055166203
22.599608151396      1.3976942530798      1.3977433134152
22.739021077007      1.3976942530798      1.3977070971938
22.885768232885      1.3976942530798      1.3976942784054
