x[nm]                Probability[nm^-1]  
7.1142317671146      7.4889650140923e-07
7.260978922993       0.00010608711096688
7.4003918486039      1.0097467790511e-05
7.532837099151       6.4190143620896e-07
7.6586629098899      2.5643390795218e-05
7.7782001117354      8.4623240318128e-05
7.891763001107       0.000176199143164
7.9996501663019      0.00029952174764401
8.1021452725658      0.00045433004239121
8.1995178079279      0.00064076746360838
8.2920237917592      0.00085926107328499
8.3799064479186      0.0011104265304989
8.4633968442558      0.001395035368331
8.5427145001525      0.0017142144133136
8.6180679636999      0.0020705797202864
8.6896553600291      0.0024553006702093
8.7576649122373      0.0028633232527067
8.8222754362784      0.0032914137020634
8.8836568111193      0.0037357490359296
8.9419704253995      0.0041923537220217
8.9973696017656      0.0046572791462276
9.05                 0.0051267229572148
9.1                  0.005597119805006
9.15                 0.0060903774630262
9.2                  0.0066052903829846
9.25                 0.0071403397265129
9.3                  0.0076937155048058
9.35                 0.0082633593753674
9.4                  0.0088470348623898
9.45                 0.0094424330264459
9.5                  0.010047323419061
9.55                 0.010659762631611
9.6                  0.011278376130559
9.65                 0.011904801173751
9.7                  0.01254061852123
9.75                 0.01318474064938
9.8                  0.013836204914202
9.85                 0.014494137480326
9.9                  0.015157727553971
9.95                 0.015826209021313
10                   0.016498847405107
10.05                0.01717493063785
10.1                 0.017853762572357
10.15                0.018534658455474
10.2                 0.019216941810144
10.25                0.019899942328748
10.3                 0.020582994493838
10.35                0.021265436723293
10.4                 0.021946610894839
10.45                0.022625862146101
10.5                 0.023302538875777
10.55                0.023975992892458
10.6                 0.024645579672472
10.65                0.02531065869874
10.7                 0.025970593860157
10.75                0.026624753896367
10.8                 0.027272512876636
10.85                0.027913250704254
10.9                 0.028546353639885
10.95                0.029171214838682
11                   0.029787234897019
11.05                0.030393822405478
11.1                 0.030990394505235
11.15                0.031576377445485
11.2                 0.032151207139791
11.25                0.032714329719552
11.3                 0.033265202082956
11.35                0.033803292437937
11.4                 0.034328080837815
11.45                0.034839059708373
11.5                 0.035335734365254
11.55                0.03581762352061
11.6                 0.036284259778045
11.65                0.036735190114918
11.7                 0.037169976351177
11.75                0.037588195603902
11.8                 0.037989440726824
11.85                0.038373320734121
11.9                 0.038739461207821
11.95                0.039087504688208
12                   0.039417111046652
12.05                0.039727957840324
12.1                 0.040019740648295
12.15                0.04029217338855
12.2                 0.04054498861548
12.25                0.04077793779746
12.3                 0.04099079157413
12.35                0.04118333999304
12.4                 0.041355392725358
12.45                0.041506779260347
12.5                 0.041637349078367
12.55                0.041746971802175
12.6                 0.041835537326317
12.65                0.041902955924457
12.7                 0.041949158334499
12.75                0.041974095821376
12.8                 0.041977740217429
12.85                0.041960083940323
12.9                 0.041921139988446
12.95                0.041860941913818
13                   0.04177954377251
13.05                0.041677020052628
13.1                 0.041553465579966
13.15                0.041408995401408
13.2                 0.041243744646242
13.25                0.041057868365552
13.3                 0.040851541349887
13.35                0.040624957925456
13.4                 0.040378331729096
13.45                0.040111895462349
13.5                 0.039825900624964
13.55                0.039520617228213
13.6                 0.039196333488448
13.65                0.038853355501344
13.7                 0.038492006897356
13.75                0.038112628478919
13.8                 0.037715577840018
13.85                0.03730122896878
13.9                 0.036869971833797
13.95                0.036422211954975
14                   0.035958369959764
14.05                0.035478881125691
14.1                 0.034984194910241
14.15                0.034474774469194
14.2                 0.033951096164679
14.25                0.033413649064338
14.3                 0.032862934433164
14.35                0.032299465219798
14.4                 0.031723765539342
14.45                0.031136370155085
14.5                 0.030537823962025
14.55                0.02992868147564
14.6                 0.029309506330228
14.65                0.028680870792219
14.7                 0.028043355295455
14.75                0.027397548007546
14.8                 0.026744044439444
14.85                0.026083447114586
14.9                 0.025416365319897
14.95                0.024743414969316
15                   0.024065218622378
15.05                0.023382405717102
15.1                 0.022695613100199
15.15                0.022005485971104
15.2                 0.021312679403876
15.25                0.020617860678031
15.3                 0.019921712744192
15.35                0.019224939284062
15.4                 0.018528272012603
15.45                0.017832481135314
15.5                 0.017138390246048
15.55                0.016446897473937
15.6                 0.015759005422414
15.65                0.01507586347488
15.7                 0.014398827494065
15.75                0.013726415961091
15.8                 0.013056998929006
15.85                0.012392155255086
15.9                 0.011734146844352
15.95                0.011085599697267
16                   0.010449266037896
16.05                0.0098278504267422
16.1                 0.0092238864725922
16.15                0.0086396535120817
16.2                 0.0080771247181336
16.25                0.0075379397180853
16.3                 0.0070233960720919
16.35                0.0065344549585669
16.4                 0.0060717571698815
16.45                0.0056356460105684
16.5                 0.0052261937510388
16.55                0.0048432274002341
16.6                 0.0044863461059107
16.65                0.0041549112743955
16.7                 0.0038479536230552
16.75                0.0035673913225998
16.8                 0.0033137095621253
16.85                0.0030837060862171
16.9                 0.002874917340969
16.95                0.0026852968826041
17                   0.0025130763033514
17.05                0.0023566986861832
17.1                 0.0022147817916741
17.15                0.0020860941725236
17.2                 0.001969537476028
17.25                0.0018641320539165
17.3                 0.0017690043529155
17.35                0.0016833746994321
17.4                 0.0016065431715377
17.45                0.0015378684790766
17.5                 0.0014767277478417
17.55                0.001423160088012
17.6                 0.0013767147597095
17.65                0.0013362542607676
17.7                 0.0013009391431212
17.75                0.0012700859831529
17.8                 0.0012431107142371
17.85                0.0012195011109715
17.9                 0.0011988007036694
17.95                0.00118059800012
18                   0.00116451868321
18.05                0.0011502197968254
18.1                 0.0011373854535812
18.15                0.0011257238241127
18.2                 0.0011149652815629
18.25                0.0011048616440282
18.3                 0.0010951865090144
18.35                0.0010857367194723
18.4                 0.0010763350472749
18.45                0.0010668342317787
18.5                 0.0010571225730719
18.55                0.0010470294762628
18.6                 0.0010363815760899
18.65                0.0010250933120972
18.7                 0.0010131202630633
18.75                0.001000445694709
18.8                 0.00098707140648397
18.85                0.00097301150452591
18.9                 0.00095828816891439
18.95                0.00094292878094653
19                   0.00092696397799044
19.05                0.00091042634080122
19.1                 0.00089334951181419
19.15                0.0008757676068459
19.2                 0.00085771482629604
19.25                0.00083922520178002
19.3                 0.00082033243451705
19.35                0.00080106979574321
19.4                 0.00078147006896049
19.45                0.00076156552037039
19.5                 0.00074138788833667
19.55                0.00072096838583471
19.6                 0.00070033771203225
19.65                0.00067952607072748
19.7                 0.00065856319457314
19.75                0.00063747837501245
19.8                 0.00061630049877914
19.85                0.00059505809279421
19.9                 0.0005737793804493
19.95                0.00055249235374209
20                   0.00053122486769571
20.05                0.00051000476617872
20.1                 0.00048886005194763
20.15                0.00046781911886893
20.2                 0.00044691107140435
20.25                0.00042616616632863
20.3                 0.00040561642534784
20.35                0.00038529648626232
20.4                 0.00036524478661946
20.45                0.00034541323767456
20.5                 0.0003257510212218
20.55                0.0003063043218255
20.6                 0.00028713800633301
20.65                0.000268326420968
20.7                 0.00024994656833288
20.75                0.00023207315739658
20.8                 0.00021477512843682
20.85                0.00019811333449626
20.9                 0.00018213911910887
20.95                0.0001668935704824
21.002630398234      0.00015166772048426
21.058029574601      0.00013657756023231
21.116343188881      0.00012174702719581
21.177724563722      0.0001073050659878
21.242335087763      9.3381747147019e-05
21.310344639971      8.0102412037405e-05
21.3819320363        6.7573403619267e-05
21.457285499847      5.5960835449105e-05
21.536603155744      4.5554582383042e-05
21.620093552081      3.6270436966634e-05
21.707976208241      2.8073039640952e-05
21.800482192072      2.0938596921983e-05
21.897854727434      1.4848305117535e-05
22.000349833698      9.7894059272488e-06
22.108236998893      5.758292796438e-06
22.221799888265      2.7644673575901e-06
22.34133709011       8.3656312273857e-07
22.467162900849      2.0559504952721e-08
22.599608151396      3.3240136316329e-07
22.739021077007      3.4810754805225e-06
22.885768232885      2.4551578464193e-08
