x[nm]                Probability[nm^-1]  
7.1142317671146      5.1604118510295e-32
7.260978922993       8.0353164533964e-30
7.4003918486039      2.2616003414844e-30
7.532837099151       3.6127449906142e-30
7.6586629098899      1.2899899071879e-29
7.7782001117354      1.7341120166072e-29
7.891763001107       1.9314004414772e-29
7.9996501663019      2.2253901343881e-29
8.1021452725658      2.8412602581981e-29
8.1995178079279      4.6351698529712e-29
8.2920237917592      6.1474319066191e-29
8.3799064479186      7.1426956866288e-29
8.4633968442558      8.3736109256877e-29
8.5427145001525      1.0925276122354e-28
8.6180679636999      1.3449729045659e-28
8.6896553600291      1.5155121971627e-28
8.7576649122373      1.7684551979985e-28
8.8222754362784      1.9552170250105e-28
8.8836568111193      2.3365607864477e-28
8.9419704253995      2.7177754054254e-28
8.9973696017656      3.2483210768884e-28
9.05                 3.8438644820218e-28
9.1                  4.5471999616609e-28
9.15                 5.237294553286e-28
9.2                  5.9143420545157e-28
9.25                 6.3405664613304e-28
9.3                  6.7739310867199e-28
9.35                 7.20471951951e-28
9.4                  7.6750288910674e-28
9.45                 8.0914172375552e-28
9.5                  8.5310744758215e-28
9.55                 9.0465835124276e-28
9.6                  9.5339610951517e-28
9.65                 1.0150820453589e-27
9.7                  1.0966450646576e-27
9.75                 1.1751634637382e-27
9.8                  1.2682220621141e-27
9.85                 1.3499873958313e-27
9.9                  1.4292853183936e-27
9.95                 1.4953619859686e-27
10                   1.5639726705302e-27
10.05                1.6342207726343e-27
10.1                 1.6908868103354e-27
10.15                1.7161214390625e-27
10.2                 1.6958082715442e-27
10.25                1.6791694871676e-27
10.3                 1.6666219135968e-27
10.35                1.6546719729109e-27
10.4                 1.6438223327908e-27
10.45                1.5916104047579e-27
10.5                 1.5439635429825e-27
10.55                1.5027209272791e-27
10.6                 1.4825041465148e-27
10.65                1.4807697536664e-27
10.7                 1.4573658690491e-27
10.75                1.4356896775914e-27
10.8                 1.4563304927985e-27
10.85                1.481795178137e-27
10.9                 1.5037438541311e-27
10.95                1.5356352235184e-27
11                   1.5684544478324e-27
11.05                1.6020085173055e-27
11.1                 1.6555605464001e-27
11.15                1.7297937773077e-27
11.2                 1.7883798780939e-27
11.25                1.8100114819592e-27
11.3                 1.8175089424921e-27
11.35                1.8509541646527e-27
11.4                 1.8637003672597e-27
11.45                1.8649695178611e-27
11.5                 1.8837154800642e-27
11.55                1.9075716999757e-27
11.6                 1.8899281641002e-27
11.65                1.8708368172431e-27
11.7                 1.8533762610685e-27
11.75                1.8243032587921e-27
11.8                 1.8172474807184e-27
11.85                1.7903556541298e-27
11.9                 1.770272424166e-27
11.95                1.7634433436619e-27
12                   1.7382533282052e-27
12.05                1.7045821601992e-27
12.1                 1.6641686651152e-27
12.15                1.6253416606745e-27
12.2                 1.5842796961543e-27
12.25                1.5450661920197e-27
12.3                 1.5502157264541e-27
12.35                1.5838344850865e-27
12.4                 1.6058791391837e-27
12.45                1.6122351843031e-27
12.5                 1.6600250808594e-27
12.55                1.6754883883995e-27
12.6                 1.6900579843318e-27
12.65                1.7269805616919e-27
12.7                 1.7543214435107e-27
12.75                1.7860843359495e-27
12.8                 1.7833933753327e-27
12.85                1.7230292586655e-27
12.9                 1.6663617340808e-27
12.95                1.6272337475033e-27
13                   1.6186041167831e-27
13.05                1.6791732482092e-27
13.1                 1.7347810382349e-27
13.15                1.7871670257097e-27
13.2                 1.8325559718067e-27
13.25                1.8731148996566e-27
13.3                 1.9199089153054e-27
13.35                1.9690430213773e-27
13.4                 2.0050821825269e-27
13.45                2.0343586573276e-27
13.5                 2.056260603239e-27
13.55                2.0710355173033e-27
13.6                 2.0889519403626e-27
13.65                2.0808152873909e-27
13.7                 2.1164815278877e-27
13.75                2.1714743367268e-27
13.8                 2.171515972956e-27
13.85                2.1452128571746e-27
13.9                 2.1262636783859e-27
13.95                2.1059000129143e-27
14                   2.0977648585814e-27
14.05                2.0933062422451e-27
14.1                 2.100432510463e-27
14.15                2.0793002924572e-27
14.2                 2.0486943044026e-27
14.25                1.9875301629111e-27
14.3                 1.9239648871433e-27
14.35                1.858718841056e-27
14.4                 1.8011048340189e-27
14.45                1.7341184334325e-27
14.5                 1.6872417727915e-27
14.55                1.6127646014766e-27
14.6                 1.5557500784847e-27
14.65                1.495852208656e-27
14.7                 1.4356942904024e-27
14.75                1.3824211372646e-27
14.8                 1.3200701644875e-27
14.85                1.2653275632161e-27
14.9                 1.2055128763214e-27
14.95                1.1463732259863e-27
15                   1.0691799599489e-27
15.05                1.0156668521299e-27
15.1                 9.3960067166632e-28
15.15                8.8967930875664e-28
15.2                 8.3418959818314e-28
15.25                7.7477743961473e-28
15.3                 7.1844130400383e-28
15.35                6.8890901783464e-28
15.4                 6.4962594637813e-28
15.45                6.1163355178648e-28
15.5                 5.5241499987497e-28
15.55                4.9350639173686e-28
15.6                 4.2612737532646e-28
15.65                3.6810154621461e-28
15.7                 3.1416777719081e-28
15.75                2.6885757839585e-28
15.8                 2.2954213146623e-28
15.85                1.9094121180524e-28
15.9                 1.6622532351745e-28
15.95                1.5203819443431e-28
16                   1.3904127116197e-28
16.05                1.3223763425891e-28
16.1                 1.2248079790071e-28
16.15                1.1707617866277e-28
16.2                 1.1607104114046e-28
16.25                1.220117406806e-28
16.3                 1.3226733015838e-28
16.35                1.4955363723475e-28
16.4                 1.594132756423e-28
16.45                1.5731898057995e-28
16.5                 1.603500015833e-28
16.55                1.5845440888227e-28
16.6                 1.5858675603429e-28
16.65                1.6392860668084e-28
16.7                 1.611329148266e-28
16.75                1.554182408185e-28
16.8                 1.4710612396161e-28
16.85                1.5093202430078e-28
16.9                 1.5802963098907e-28
16.95                1.603718870143e-28
17                   1.6265615551102e-28
17.05                1.7158571767218e-28
17.1                 1.9456722573938e-28
17.15                2.1125998695137e-28
17.2                 2.2169235682818e-28
17.25                2.4119866377027e-28
17.3                 2.6411590448363e-28
17.35                2.8333651512734e-28
17.4                 3.0195770977219e-28
17.45                3.3647946908536e-28
17.5                 3.740232000514e-28
17.55                4.1251691471626e-28
17.6                 4.7192971765174e-28
17.65                5.2752121495964e-28
17.7                 5.7233892298279e-28
17.75                6.1825128015876e-28
17.8                 6.5072974888337e-28
17.85                6.7421474388396e-28
17.9                 6.9143635517322e-28
17.95                7.2241403563598e-28
18                   7.4628095707906e-28
18.05                7.6605808822593e-28
18.1                 7.6917794365173e-28
18.15                7.4563875832879e-28
18.2                 7.2502378422744e-28
18.25                7.1991425066119e-28
18.3                 7.2191876647655e-28
18.35                7.2814746952467e-28
18.4                 7.3994569197501e-28
18.45                7.5357919485379e-28
18.5                 7.6700043363085e-28
18.55                7.8553235091542e-28
18.6                 8.1269360271994e-28
18.65                8.3816935212212e-28
18.7                 8.8025123640152e-28
18.75                8.9920417346397e-28
18.8                 9.0946050191365e-28
18.85                9.1741865180587e-28
18.9                 9.2925687674251e-28
18.95                9.4764958558568e-28
19                   9.5198460072957e-28
19.05                9.3166950420348e-28
19.1                 9.0733104003853e-28
19.15                8.9096214870073e-28
19.2                 8.7192684009694e-28
19.25                8.3883745900423e-28
19.3                 8.0522337122842e-28
19.35                7.8678930198039e-28
19.4                 7.650314431199e-28
19.45                7.410258492031e-28
19.5                 7.3278987203904e-28
19.55                7.2527371464816e-28
19.6                 6.950072347734e-28
19.65                6.9300794940771e-28
19.7                 6.9844373437435e-28
19.75                6.8226632305282e-28
19.8                 6.648724421939e-28
19.85                6.5670229664763e-28
19.9                 6.3188354819862e-28
19.95                6.091594873148e-28
20                   5.9233235310893e-28
20.05                5.9123310044173e-28
20.1                 5.908822450318e-28
20.15                5.895208601951e-28
20.2                 5.762001120589e-28
20.25                5.6646856583581e-28
20.3                 5.5267780945778e-28
20.35                5.2899671843441e-28
20.4                 5.2203574203311e-28
20.45                5.1030058970637e-28
20.5                 4.9506185501596e-28
20.55                4.8088451545521e-28
20.6                 4.7276968350014e-28
20.65                4.5593308867165e-28
20.7                 4.3740015903658e-28
20.75                4.2047569418574e-28
20.8                 4.047055621889e-28
20.85                3.9130962327953e-28
20.9                 3.7049324472642e-28
20.95                3.5535814329371e-28
21.002630398234      3.4427083732357e-28
21.058029574601      3.3358832869166e-28
21.116343188881      3.118041331701e-28
21.177724563722      2.6780851846014e-28
21.242335087763      2.2809259801325e-28
21.310344639971      1.868497180397e-28
21.3819320363        1.5118705871582e-28
21.457285499847      1.1659006867872e-28
21.536603155744      1.0539073040505e-28
21.620093552081      8.5218351205025e-29
21.707976208241      8.1155598869865e-29
21.800482192072      6.7147252407772e-29
21.897854727434      4.5546290582246e-29
22.000349833698      3.8958179129903e-29
22.108236998893      3.3764021885311e-29
22.221799888265      1.8822977274904e-29
22.34133709011       7.2142632088414e-30
22.467162900849      7.9706730333408e-30
22.599608151396      3.657876123205e-30
22.739021077007      3.8853258448527e-30
22.885768232885      1.4008796593834e-32
