x[nm]                       Envelope_real_part[nm^-1/2] Envelope_imag_part[nm^-1/2]
7.1142317671146             6.765703609061e-17          -6.7110984035136e-05
7.260978922993              1.5202998850653e-15         -0.0015117094491932
7.4003918486039             3.6614903416145e-15         -0.0029693650842163
7.532837099151              6.9105747409161e-15         -0.0045053121553219
7.6586629098899             1.06564859063e-14           -0.0061714689254066
7.7782001117354             1.5099861148896e-14         -0.0080102395378759
7.891763001107              1.9348414391498e-14         -0.010056868591992
7.9996501663019             2.4385992781365e-14         -0.012340877658163
8.1021452725658             2.9337260005668e-14         -0.014886922487321
8.1995178079279             3.4897550496602e-14         -0.017715291075972
8.2920237917592             4.1188797627348e-14         -0.020842187416554
8.3799064479186             4.840626261899e-14          -0.024279896845028
8.4633968442558             5.6460879713246e-14         -0.028036896382333
8.5427145001525             6.5914229066258e-14         -0.032117951345045
8.6180679636999             7.6353075945274e-14         -0.036524224131355
8.6896553600291             8.7065599747678e-14         -0.041196545722362
8.7576649122373             9.8022863919657e-14         -0.0460763016066
8.8222754362784             1.0911551785787e-13         -0.051114338948043
8.8836568111193             1.2026794681228e-13         -0.056263415129155
8.9419704253995             1.3146794659721e-13         -0.061478885781357
8.9973696017656             1.4247330207108e-13         -0.066719290591456
9.05                        1.532364351104e-13          -0.07194680065827
9.1                         1.6376534617846e-13         -0.077127516317634
9.15                        1.7457600470422e-13         -0.082504353810961
9.2                         1.8574968809012e-13         -0.088062426589664
9.25                        1.9722971600867e-13         -0.093783955599496
9.3                         2.08887538283e-13           -0.099648137266855
9.35                        2.2071036830069e-13         -0.10563103523609
9.4                         2.3258217221653e-13         -0.11170549969184
9.45                        2.4452797635681e-13         -0.11784111814467
9.5                         2.5630758748048e-13         -0.12400420153935
9.55                        2.6783121027487e-13         -0.13015780945643
9.6                         2.7907905349712e-13         -0.13626181801461
9.65                        2.9006009777357e-13         -0.1423053670183
9.7                         3.0096135272981e-13         -0.1482970216318
9.75                        3.1181450768389e-13         -0.154234596883
9.8                         3.2259818317303e-13         -0.16011592752081
9.85                        3.3334532304786e-13         -0.16593886880487
9.9                         3.4399350247424e-13         -0.17170129728759
9.95                        3.546505159556e-13          -0.17740111158856
10                          3.652979888981e-13          -0.18303623316082
10.05                       3.7597698286483e-13         -0.18860460704887
10.1                        3.8684844716426e-13         -0.19410420263801
10.15                       3.977294400069e-13          -0.19953301439492
10.2                        4.0866337002958e-13         -0.20488906259891
10.25                       4.1949783329677e-13         -0.21017039406396
10.3                        4.3030840733669e-13         -0.21537508285094
10.35                       4.4127499716269e-13         -0.22050123096993
10.4                        4.5227041605652e-13         -0.22554696907239
10.45                       4.6332721110042e-13         -0.23051045713284
10.5                        4.7425680220769e-13         -0.23538988511984
10.55                       4.8518292357605e-13         -0.24018347365611
10.6                        4.96045906066e-13           -0.24488947466735
10.65                       5.0691774382191e-13         -0.24950617201974
10.7                        5.1765937843536e-13         -0.25403188214576
10.75                       5.2811132147252e-13         -0.25846495465814
10.8                        5.3826997663e-13            -0.26280377295169
10.85                       5.4816428451506e-13         -0.26704675479283
10.9                        5.5784880188059e-13         -0.2711923528966
10.95                       5.6738714418597e-13         -0.27523905549088
11                          5.7657682139618e-13         -0.2791853868677
11.05                       5.8548933258451e-13         -0.28302990792141
11.1                        5.9403541415533e-13         -0.28677121667343
11.15                       6.0221379838946e-13         -0.29040794878353
11.2                        6.1014002970788e-13         -0.29393877804738
11.25                       6.1775197248035e-13         -0.29736241688015
11.3                        6.2511287418096e-13         -0.30067761678606
11.35                       6.3210598149514e-13         -0.30388316881368
11.4                        6.3869182064073e-13         -0.30697790399678
11.45                       6.448873606502e-13          -0.30996069378064
11.5                        6.5071852730119e-13         -0.31283045043357
11.55                       6.5627315982765e-13         -0.31558612744359
11.6                        6.6161614792861e-13         -0.31822671990005
11.65                       6.6664886636665e-13         -0.32075126486011
11.7                        6.7148936160119e-13         -0.32315884169988
11.75                       6.7602004638611e-13         -0.32544857245013
11.8                        6.8038144137629e-13         -0.32761962211649
11.85                       6.8461802504455e-13         -0.32967119898393
11.9                        6.8860660676897e-13         -0.33160255490546
11.95                       6.9248214793189e-13         -0.333412985575
12                          6.9608763490968e-13         -0.33510183078415
12.05                       6.9945748701211e-13         -0.33666847466303
12.1                        7.0251771382815e-13         -0.33811234590479
12.15                       7.0526736073583e-13         -0.33943291797401
12.2                        7.0777726077714e-13         -0.34062970929867
12.25                       7.1000131607675e-13         -0.34170228344579
12.3                        7.1188557409756e-13         -0.34265024928057
12.35                       7.1352488136766e-13         -0.34347326110903
12.4                        7.1486495602764e-13         -0.34417101880407
12.45                       7.160666247174e-13          -0.34474326791491
12.5                        7.1711778149582e-13         -0.34518979975992
12.55                       7.1809857700999e-13         -0.34551045150266
12.6                        7.1901970923874e-13         -0.3457051062113
12.65                       7.197993533716e-13          -0.34577369290126
12.7                        7.2038424688103e-13         -0.34571618656108
12.75                       7.208310393676e-13          -0.34553260816156
12.8                        7.2109031041667e-13         -0.34522302464809
12.85                       7.2112013737051e-13         -0.34478754891626
12.9                        7.2078636910321e-13         -0.34422633977067
12.95                       7.2006617035101e-13         -0.34353960186703
13                          7.1907022231253e-13         -0.34272758563754
13.05                       7.1783081065143e-13         -0.34179058719954
13.1                        7.164019522493e-13          -0.34072894824753
13.15                       7.1463164551547e-13         -0.33954305592858
13.2                        7.1256863645132e-13         -0.33823334270116
13.25                       7.1032206663843e-13         -0.33680028617738
13.3                        7.0796020176232e-13         -0.33524440894889
13.35                       7.0539580383887e-13         -0.33356627839624
13.4                        7.0261222147913e-13         -0.33176650648204
13.45                       6.9972727646315e-13         -0.32984574952774
13.5                        6.9679589274141e-13         -0.32780470797433
13.55                       6.937226695423e-13          -0.32564412612687
13.6                        6.9033197595588e-13         -0.32336479188311
13.65                       6.8666431099755e-13         -0.32096753644614
13.7                        6.8260990937807e-13         -0.31845323402128
13.75                       6.7813273558035e-13         -0.31582280149729
13.8                        6.7329625238935e-13         -0.31307719811199
13.85                       6.6802439456178e-13         -0.31021742510249
13.9                        6.623569332321e-13          -0.30724452534004
13.95                       6.5641678457327e-13         -0.30415958294975
14                          6.5040154168148e-13         -0.30096372291521
14.05                       6.4438421399803e-13         -0.29765811066827
14.1                        6.3808904691285e-13         -0.29424395166405
14.15                       6.3149413550895e-13         -0.29072249094132
14.2                        6.2475879790698e-13         -0.28709501266848
14.25                       6.1786781593251e-13         -0.28336283967529
14.3                        6.1076270814191e-13         -0.27952733297044
14.35                       6.0331654061495e-13         -0.27558989124524
14.4                        5.9551541613309e-13         -0.27155195036358
14.45                       5.8749766258207e-13         -0.2674149828383
14.5                        5.791851739397e-13          -0.26318049729421
14.55                       5.7060465417531e-13         -0.25885003791792
14.6                        5.6155708427533e-13         -0.25442518389479
14.65                       5.5221445456081e-13         -0.24990754883297
14.7                        5.428199314071e-13          -0.24529878017499
14.75                       5.3309316200936e-13         -0.24060055859705
14.8                        5.2322027219121e-13         -0.23581459739602
14.85                       5.1313094427831e-13         -0.23094264186475
14.9                        5.0279749255073e-13         -0.22598646865557
14.95                       4.9229077471581e-13         -0.22094788513239
15                          4.8143111199298e-13         -0.21582872871164
15.05                       4.7022671586318e-13         -0.21063086619222
15.1                        4.5871793483373e-13         -0.2053561930747
15.15                       4.4691477521553e-13         -0.20000663287012
15.2                        4.3493834013029e-13         -0.19458413639855
15.25                       4.226786782986e-13          -0.18909068107765
15.3                        4.1034283861324e-13         -0.18352827020161
15.35                       3.9797039237166e-13         -0.17789893221057
15.4                        3.853278846485e-13          -0.17220471995096
15.45                       3.7265987890624e-13         -0.16644770992684
15.5                        3.5972812595318e-13         -0.16063000154267
15.55                       3.4655245994261e-13         -0.15475371633776
15.6                        3.3338771810295e-13         -0.14882099721258
15.65                       3.2016733155736e-13         -0.14283400764731
15.7                        3.0685044338326e-13         -0.13679493091288
15.75                       2.9360453835605e-13         -0.13069525847035
15.8                        2.803413677346e-13          -0.12454599432487
15.85                       2.6695241283626e-13         -0.11838743953845
15.9                        2.5362249035915e-13         -0.11225671856668
15.95                       2.4039287306232e-13         -0.10618771191709
16                          2.2739744774079e-13         -0.10021103178481
16.05                       2.1463478458775e-13         -0.094354037084388
16.1                        2.0226796548827e-13         -0.088640884136902
16.15                       1.902408084134e-13          -0.083092609187789
16.2                        1.7848811848751e-13         -0.07772723891761
16.25                       1.6682659883926e-13         -0.072559925159453
16.3                        1.553354591888e-13          -0.067603100147206
16.35                       1.4414974670443e-13         -0.062866648781289
16.4                        1.3332871164131e-13         -0.058358094608264
16.45                       1.2317751534688e-13         -0.054082796460556
16.5                        1.1355762432012e-13         -0.050044152988096
16.55                       1.0475725796746e-13         -0.046243812629749
16.6                        9.6923903708142e-14         -0.042681886915039
16.65                       8.9916594231807e-14         -0.039357165352668
16.7                        8.3479638423127e-14         -0.036267330549636
16.75                       7.7670069833624e-14         -0.033417631087846
16.8                        7.2130996323168e-14         -0.030804138076431
16.85                       6.6746771483981e-14         -0.028408378515147
16.9                        6.1791809127463e-14         -0.026213418413057
16.95                       5.7324031641127e-14         -0.0242037430937
17                          5.3166430893914e-14         -0.02236514753242
17.05                       4.9338656462275e-14         -0.020684635950727
17.1                        4.5782402889584e-14         -0.019150329958007
17.15                       4.2477641121079e-14         -0.01775138459127
17.2                        3.9496862396475e-14         -0.016477911659504
17.25                       3.6828489727189e-14         -0.015320909850794
17.3                        3.4434880980869e-14         -0.014272201108188
17.35                       3.2336100218389e-14         -0.013324372824581
17.4                        3.0625211382728e-14         -0.012470725448056
17.45                       2.8904554158682e-14         -0.011705225127315
17.5                        2.7451608774793e-14         -0.011022461062503
17.55                       2.6297725871279e-14         -0.010419077624422
17.6                        2.4985112365403e-14         -0.0098895227073471
17.65                       2.4019198328658e-14         -0.0094254935469692
17.7                        2.3077966565471e-14         -0.0090196523252185
17.75                       2.1959621114672e-14         -0.0086654849020504
17.8                        2.1007254501978e-14         -0.0083571797608511
17.85                       2.0167045876311e-14         -0.0080895241950246
17.9                        1.9387709024067e-14         -0.0078578152541811
17.95                       1.8607127179604e-14         -0.0076577833770983
18                          1.7776610834077e-14         -0.0074855269792468
18.05                       1.6885372681283e-14         -0.0073374565465869
18.1                        1.6077984364344e-14         -0.0072102470239543
18.15                       1.5481632307817e-14         -0.0071007974832956
18.2                        1.4950896322668e-14         -0.0070061972206495
18.25                       1.450159588238e-14          -0.0069236975662908
18.3                        1.4276278198571e-14         -0.006850688804122
18.35                       1.4315962977948e-14         -0.0067846816878219
18.4                        1.4645003550176e-14         -0.0067232931153616
18.45                       1.513027426144e-14          -0.0066642355827577
18.5                        1.5600320074572e-14         -0.0066053100844426
18.55                       1.6050642592008e-14         -0.0065447161348012
18.6                        1.6440290023112e-14         -0.0064817355284945
18.65                       1.6682486982907e-14         -0.0064163912326125
18.7                        1.689548584977e-14          -0.0063487070762101
18.75                       1.7268636356056e-14         -0.006278707741617
18.8                        1.7787683563562e-14         -0.0062064187554375
18.85                       1.8411281294085e-14         -0.0061318664792412
18.9                        1.9141485257266e-14         -0.0060550780999503
18.95                       1.9802754399596e-14         -0.0059760816199249
19                          2.0327885385607e-14         -0.0058949058467506
19.05                       2.0861781873234e-14         -0.0058115803827363
19.1                        2.13397034507e-14           -0.0057261356141146
19.15                       2.1687941582722e-14         -0.0056386026999648
19.2                        2.2033751082657e-14         -0.0055490135608487
19.25                       2.2439123739312e-14         -0.0054574008671688
19.3                        2.2883205460212e-14         -0.0053637980272575
19.35                       2.3144874581855e-14         -0.005268239175191
19.4                        2.2991680603286e-14         -0.0051707591583434
19.45                       2.2581527579625e-14         -0.0050713935246782
19.5                        2.1914511134348e-14         -0.0049701785097857
19.55                       2.0795749206208e-14         -0.0048671510236687
19.6                        1.9557077970553e-14         -0.004762348637282
19.65                       1.8584704669956e-14         -0.0046558095688323
19.7                        1.7817671722482e-14         -0.0045475726698413
19.75                       1.7147628860842e-14         -0.0044376774109764
19.8                        1.6509923396446e-14         -0.0043261638676587
19.85                       1.5830447860533e-14         -0.0042130727054472
19.9                        1.5005485858718e-14         -0.0040984451652105
19.95                       1.3960323238653e-14         -0.003982323048087
20                          1.2927696353428e-14         -0.0038647487002399
20.05                       1.2074797566535e-14         -0.0037457649974176
20.1                        1.1247104693941e-14         -0.0036254153293172
20.15                       1.0523103986062e-14         -0.0035037435837598
20.2                        1.0041545572785e-14         -0.0033807941306894
20.25                       9.6681620030873e-15         -0.0032566118059895
20.3                        9.4604020891485e-15         -0.0031312418951337
20.35                       9.5232621700321e-15         -0.003004730116672
20.4                        9.6509301810278e-15         -0.0028771226055599
20.45                       9.6819509259043e-15         -0.0027482385112239
20.5                        9.5752277448964e-15         -0.0026183071430527
20.55                       9.2610391156006e-15         -0.0024881757033491
20.6                        8.7260696812217e-15         -0.002358624176686
20.65                       8.0584713053818e-15         -0.0022303638961695
20.7                        7.466789425337e-15          -0.0021040370113187
20.75                       6.9581158826802e-15         -0.0019802167813827
20.8                        6.3534962060898e-15         -0.0018594086144859
20.85                       5.7907983524378e-15         -0.00174205177111
20.9                        5.2314257501597e-15         -0.0016285216500257
20.95                       4.4039333092885e-15         -0.0015191325757152
21.002630398234             3.3873419249464e-15         -0.0014087554531789
21.058029574601             2.2980360720983e-15         -0.0012981060624615
21.116343188881             1.2991852340781e-15         -0.0011879831481283
21.177724563722             4.522083426783e-16          -0.0010792621307935
21.242335087763             3.8434772443156e-17         -0.00097288566133234
21.310344639971             1.5671112219782e-16         -0.00086985125177614
21.3819320363               4.2382774024656e-16         -0.00077119674777926
21.457285499847             1.3103598445527e-16         -0.00067815977510034
21.536603155744             -1.100298538943e-15         -0.00059198966773762
21.620093552081             -2.9380834073472e-15        -0.00051266188204397
21.707976208241             -4.2214549945092e-15        -0.00044007579995541
21.800482192072             -4.631847445347e-15         -0.00037405243201687
21.897854727434             -4.9352320294223e-15        -0.00031433237747808
22.000349833698             -5.918599306414e-15         -0.00026057349447204
22.108236998893             -5.0831824944084e-15        -0.00021234740875377
22.221799888265             -2.9405772151522e-15        -0.00016913352240744
22.34133709011              3.3218853553884e-16         -0.000130308497371
22.467162900849             2.769183585338e-16          -9.5128155749451e-05
22.599608151396             1.5313818233089e-16         -6.269714826947e-05
22.739021077007             6.2917182118909e-16         -3.1919238216631e-05
22.885768232885             2.9184247589603e-17         -1.4170259288335e-06
