x[nm]                   E_14_real[eV]           Psi_14_y1_real[nm^-1/2] E_14_imag[eV]           Psi_14_y1_imag[nm^-1/2]
7.1142317671146         3.0911484520155         3.0911484520155         3.0911484520155         3.0911497478397
7.260978922993          3.0911484520155         3.0911484520155         3.0911484520155         3.0911788050121
7.4003918486039         3.0911484520155         3.0911484520155         3.0911484520155         3.0911901179313
7.532837099151          3.0911484520155         3.0911484520155         3.0911484520155         3.091196076927
7.6586629098899         3.0911484520155         3.0911484520155         3.0911484520155         3.091199325253
7.7782001117354         3.0911484520155         3.0911484520155         3.0911484520155         3.0912014351607
7.891763001107          3.0911484520155         3.0911484520155         3.0911484520155         3.0912031152011
7.9996501663019         3.0911484520155         3.0911484520155         3.0911484520155         3.0912047012259
8.1021452725658         3.0911484520155         3.0911484520155         3.0911484520155         3.091206348419
8.1995178079279         3.0911484520155         3.0911484520155         3.0911484520155         3.0912081242381
8.2920237917592         3.0911484520155         3.0911484520155         3.0911484520155         3.091210053405
8.3799064479186         3.0911484520155         3.0911484520155         3.0911484520155         3.0912121402374
8.4633968442558         3.0911484520155         3.0911484520155         3.0911484520155         3.0912143800404
8.5427145001525         3.0911484520155         3.0911484520155         3.0911484520155         3.0912167653721
8.6180679636999         3.0911484520155         3.0911484520155         3.0911484520155         3.0912192909936
8.6896553600291         3.0911484520155         3.0911484520155         3.0911484520155         3.0912218892401
8.7576649122373         3.0911484520155         3.0911484520155         3.0911484520155         3.0912244413923
8.8222754362784         3.0911484520155         3.0911484520155         3.0911484520155         3.0912268532365
8.8836568111193         3.0911484520155         3.0911484520155         3.0911484520155         3.0912290648473
8.9419704253995         3.0911484520155         3.0911484520155         3.0911484520155         3.091231040772
8.9973696017656         3.0911484520155         3.0911484520155         3.0911484520155         3.091232762587
9.05                    3.0911484520155         3.0911484520155         3.0911484520155         3.0912342238741
9.1                     3.0911484520155         3.0911484520155         3.0911484520155         3.0912354268093
9.15                    3.0911484520155         3.0911484520155         3.0911484520155         3.0912364235424
9.2                     3.0911484520155         3.0911484520155         3.0911484520155         3.0912371912167
9.25                    3.0911484520155         3.0911484520155         3.0911484520155         3.0912377087526
9.3                     3.0911484520155         3.0911484520155         3.0911484520155         3.0912379572122
9.35                    3.0911484520155         3.0911484520155         3.0911484520155         3.0912379201649
9.4                     3.0911484520155         3.0911484520155         3.0911484520155         3.0912375839695
9.45                    3.0911484520155         3.0911484520155         3.0911484520155         3.0912369378407
9.5                     3.0911484520155         3.0911484520155         3.0911484520155         3.0912359735164
9.55                    3.0911484520155         3.0911484520155         3.0911484520155         3.091234684263
9.6                     3.0911484520155         3.0911484520155         3.0911484520155         3.0912330628478
9.65                    3.0911484520155         3.0911484520155         3.0911484520155         3.0912311021093
9.7                     3.0911484520155         3.0911484520155         3.0911484520155         3.091228813168
9.75                    3.0911484520155         3.0911484520155         3.0911484520155         3.0912262276805
9.8                     3.0911484520155         3.0911484520155         3.0911484520155         3.0912233776193
9.85                    3.0911484520155         3.0911484520155         3.0911484520155         3.0912202934357
9.9                     3.0911484520155         3.0911484520155         3.0911484520155         3.0912170031476
9.95                    3.0911484520155         3.0911484520155         3.0911484520155         3.0912135319904
10                      3.0911484520155         3.0911484520155         3.0911484520155         3.0912099023968
10.05                   3.0911484520155         3.0911484520155         3.0911484520155         3.0912061341584
10.1                    3.0911484520155         3.0911484520155         3.0911484520155         3.0912022446771
10.15                   3.0911484520155         3.0911484520155         3.0911484520155         3.0911982492501
10.2                    3.0911484520155         3.0911484520155         3.0911484520155         3.0911941613548
10.25                   3.0911484520155         3.0911484520155         3.0911484520155         3.0911899929182
10.3                    3.0911484520155         3.0911484520155         3.0911484520155         3.0911857545587
10.35                   3.0911484520155         3.0911484520155         3.0911484520155         3.0911814557999
10.4                    3.0911484520155         3.0911484520155         3.0911484520155         3.0911771052543
10.45                   3.0911484520155         3.0911484520155         3.0911484520155         3.0911727107801
10.5                    3.0911484520155         3.0911484520155         3.0911484520155         3.0911682796125
10.55                   3.0911484520155         3.0911484520155         3.0911484520155         3.0911638184742
10.6                    3.0911484520155         3.0911484520155         3.0911484520155         3.0911593336656
10.65                   3.0911484520155         3.0911484520155         3.0911484520155         3.0911548311399
10.7                    3.0911484520155         3.0911484520155         3.0911484520155         3.0911503165642
10.75                   3.0911484520155         3.0911484520155         3.0911484520155         3.0911457953688
10.8                    3.0911484520155         3.0911484520155         3.0911484520155         3.0911412727877
10.85                   3.0911484520155         3.0911484520155         3.0911484520155         3.0911367538903
10.9                    3.0911484520155         3.0911484520155         3.0911484520155         3.0911322436072
10.95                   3.0911484520155         3.0911484520155         3.0911484520155         3.0911277467505
11                      3.0911484520155         3.0911484520155         3.0911484520155         3.0911232680293
11.05                   3.0911484520155         3.0911484520155         3.0911484520155         3.0911188120618
11.1                    3.0911484520155         3.0911484520155         3.0911484520155         3.091114383385
11.15                   3.0911484520155         3.0911484520155         3.0911484520155         3.0911099864605
11.2                    3.0911484520155         3.0911484520155         3.0911484520155         3.0911056256804
11.25                   3.0911484520155         3.0911484520155         3.0911484520155         3.0911013053692
11.3                    3.0911484520155         3.0911484520155         3.0911484520155         3.0910970297866
11.35                   3.0911484520155         3.0911484520155         3.0911484520155         3.0910928031282
11.4                    3.0911484520155         3.0911484520155         3.0911484520155         3.0910886295247
11.45                   3.0911484520155         3.0911484520155         3.0911484520155         3.0910845130422
11.5                    3.0911484520155         3.0911484520155         3.0911484520155         3.0910804576803
11.55                   3.0911484520155         3.0911484520155         3.0911484520155         3.0910764673705
11.6                    3.0911484520155         3.0911484520155         3.0911484520155         3.0910725459743
11.65                   3.0911484520155         3.0911484520155         3.0911484520155         3.0910686972808
11.7                    3.0911484520155         3.0911484520155         3.0911484520155         3.0910649250046
11.75                   3.0911484520155         3.0911484520155         3.0911484520155         3.0910612327824
11.8                    3.0911484520155         3.0911484520155         3.0911484520155         3.0910576241711
11.85                   3.0911484520155         3.0911484520155         3.0911484520155         3.0910541026445
11.9                    3.0911484520155         3.0911484520155         3.0911484520155         3.0910506715907
11.95                   3.0911484520155         3.0911484520155         3.0911484520155         3.0910473343092
12                      3.0911484520155         3.0911484520155         3.0911484520155         3.091044094008
12.05                   3.0911484520155         3.0911484520155         3.0911484520155         3.091040953801
12.1                    3.0911484520155         3.0911484520155         3.0911484520155         3.0910379167049
12.15                   3.0911484520155         3.0911484520155         3.0911484520155         3.0910349856368
12.2                    3.0911484520155         3.0911484520155         3.0911484520155         3.0910321634115
12.25                   3.0911484520155         3.0911484520155         3.0911484520155         3.0910294527388
12.3                    3.0911484520155         3.0911484520155         3.0911484520155         3.0910268562208
12.35                   3.0911484520155         3.0911484520155         3.0911484520155         3.0910243763501
12.4                    3.0911484520155         3.0911484520155         3.0911484520155         3.0910220155069
12.45                   3.0911484520155         3.0911484520155         3.0911484520155         3.0910197759571
12.5                    3.0911484520155         3.0911484520155         3.0911484520155         3.0910176598497
12.55                   3.0911484520155         3.0911484520155         3.0911484520155         3.0910156692154
12.6                    3.0911484520155         3.0911484520155         3.0911484520155         3.0910138059644
12.65                   3.0911484520155         3.0911484520155         3.0911484520155         3.0910120718843
12.7                    3.0911484520155         3.0911484520155         3.0911484520155         3.0910104686388
12.75                   3.0911484520155         3.0911484520155         3.0911484520155         3.0910089977659
12.8                    3.0911484520155         3.0911484520155         3.0911484520155         3.0910076606764
12.85                   3.0911484520155         3.0911484520155         3.0911484520155         3.0910064586528
12.9                    3.0911484520155         3.0911484520155         3.0911484520155         3.0910053928478
12.95                   3.0911484520155         3.0911484520155         3.0911484520155         3.091004464283
13                      3.0911484520155         3.0911484520155         3.0911484520155         3.0910036738484
13.05                   3.0911484520155         3.0911484520155         3.0911484520155         3.0910030223011
13.1                    3.0911484520155         3.0911484520155         3.0911484520155         3.0910025102647
13.15                   3.0911484520155         3.0911484520155         3.0911484520155         3.0910021382285
13.2                    3.0911484520155         3.0911484520155         3.0911484520155         3.0910019065471
13.25                   3.0911484520155         3.0911484520155         3.0911484520155         3.0910018154399
13.3                    3.0911484520155         3.0911484520155         3.0911484520155         3.0910018649908
13.35                   3.0911484520155         3.0911484520155         3.0911484520155         3.0910020551479
13.4                    3.0911484520155         3.0911484520155         3.0911484520155         3.0910023857233
13.45                   3.0911484520155         3.0911484520155         3.0911484520155         3.0910028563933
13.5                    3.0911484520155         3.0911484520155         3.0911484520155         3.0910034666982
13.55                   3.0911484520155         3.0911484520155         3.0911484520155         3.0910042160425
13.6                    3.0911484520155         3.0911484520155         3.0911484520155         3.0910051036949
13.65                   3.0911484520155         3.0911484520155         3.0911484520155         3.0910061287887
13.7                    3.0911484520155         3.0911484520155         3.0911484520155         3.0910072903218
13.75                   3.0911484520155         3.0911484520155         3.0911484520155         3.0910085871571
13.8                    3.0911484520155         3.0911484520155         3.0911484520155         3.0910100180222
13.85                   3.0911484520155         3.0911484520155         3.0911484520155         3.0910115815098
13.9                    3.0911484520155         3.0911484520155         3.0911484520155         3.0910132760775
13.95                   3.0911484520155         3.0911484520155         3.0911484520155         3.0910151000473
14                      3.0911484520155         3.0911484520155         3.0911484520155         3.0910170516051
14.05                   3.0911484520155         3.0911484520155         3.0911484520155         3.0910191287998
14.1                    3.0911484520155         3.0911484520155         3.0911484520155         3.0910213295416
14.15                   3.0911484520155         3.0911484520155         3.0911484520155         3.0910236516
14.2                    3.0911484520155         3.0911484520155         3.0911484520155         3.091026092601
14.25                   3.0911484520155         3.0911484520155         3.0911484520155         3.0910286500229
14.3                    3.0911484520155         3.0911484520155         3.0911484520155         3.0910313211912
14.35                   3.0911484520155         3.0911484520155         3.0911484520155         3.0910341032718
14.4                    3.0911484520155         3.0911484520155         3.0911484520155         3.0910369932626
14.45                   3.0911484520155         3.0911484520155         3.0911484520155         3.0910399879815
14.5                    3.0911484520155         3.0911484520155         3.0911484520155         3.0910430840533
14.55                   3.0911484520155         3.0911484520155         3.0911484520155         3.0910462778911
14.6                    3.0911484520155         3.0911484520155         3.0911484520155         3.0910495656743
14.65                   3.0911484520155         3.0911484520155         3.0911484520155         3.091052943321
14.7                    3.0911484520155         3.0911484520155         3.0911484520155         3.0910564064537
14.75                   3.0911484520155         3.0911484520155         3.0911484520155         3.0910599503567
14.8                    3.0911484520155         3.0911484520155         3.0911484520155         3.0910635699246
14.85                   3.0911484520155         3.0911484520155         3.0911484520155         3.0910672595986
14.9                    3.0911484520155         3.0911484520155         3.0911484520155         3.0910710132899
14.95                   3.0911484520155         3.0911484520155         3.0911484520155         3.0910748242863
15                      3.0911484520155         3.0911484520155         3.0911484520155         3.0910786851412
15.05                   3.0911484520155         3.0911484520155         3.0911484520155         3.0910825875412
15.1                    3.0911484520155         3.0911484520155         3.0911484520155         3.0910865221497
15.15                   3.0911484520155         3.0911484520155         3.0911484520155         3.0910904784271
15.2                    3.0911484520155         3.0911484520155         3.0911484520155         3.0910944444238
15.25                   3.0911484520155         3.0911484520155         3.0911484520155         3.0910984065524
15.3                    3.0911484520155         3.0911484520155         3.0911484520155         3.0911023493434
15.35                   3.0911484520155         3.0911484520155         3.0911484520155         3.0911062551996
15.4                    3.0911484520155         3.0911484520155         3.0911484520155         3.091110104177
15.45                   3.0911484520155         3.0911484520155         3.0911484520155         3.0911138738367
15.5                    3.0911484520155         3.0911484520155         3.0911484520155         3.091117539244
15.55                   3.0911484520155         3.0911484520155         3.0911484520155         3.0911210732376
15.6                    3.0911484520155         3.0911484520155         3.0911484520155         3.0911244471587
15.65                   3.0911484520155         3.0911484520155         3.0911484520155         3.0911276323427
15.7                    3.0911484520155         3.0911484520155         3.0911484520155         3.0911306028333
15.75                   3.0911484520155         3.0911484520155         3.0911484520155         3.0911333478233
15.8                    3.0911484520155         3.0911484520155         3.0911484520155         3.0911358525965
15.85                   3.0911484520155         3.0911484520155         3.0911484520155         3.0911380868929
15.9                    3.0911484520155         3.0911484520155         3.0911484520155         3.0911400218885
15.95                   3.0911484520155         3.0911484520155         3.0911484520155         3.0911416327006
16                      3.0911484520155         3.0911484520155         3.0911484520155         3.0911428995517
16.05                   3.0911484520155         3.0911484520155         3.0911484520155         3.0911438080597
16.1                    3.0911484520155         3.0911484520155         3.0911484520155         3.0911443489828
16.15                   3.0911484520155         3.0911484520155         3.0911484520155         3.0911445176566
16.2                    3.0911484520155         3.0911484520155         3.0911484520155         3.0911443132865
16.25                   3.0911484520155         3.0911484520155         3.0911484520155         3.0911437382077
16.3                    3.0911484520155         3.0911484520155         3.0911484520155         3.0911427971918
16.35                   3.0911484520155         3.0911484520155         3.0911484520155         3.0911414968507
16.4                    3.0911484520155         3.0911484520155         3.0911484520155         3.0911398451713
16.45                   3.0911484520155         3.0911484520155         3.0911484520155         3.0911378512015
16.5                    3.0911484520155         3.0911484520155         3.0911484520155         3.0911355248816
16.55                   3.0911484520155         3.0911484520155         3.0911484520155         3.091132876978
16.6                    3.0911484520155         3.0911484520155         3.0911484520155         3.091129918959
16.65                   3.0911484520155         3.0911484520155         3.0911484520155         3.0911266623376
16.7                    3.0911484520155         3.0911484520155         3.0911484520155         3.0911231160839
16.75                   3.0911484520155         3.0911484520155         3.0911484520155         3.0911192975282
16.8                    3.0911484520155         3.0911484520155         3.0911484520155         3.0911152355638
16.85                   3.0911484520155         3.0911484520155         3.0911484520155         3.0911109590728
16.9                    3.0911484520155         3.0911484520155         3.0911484520155         3.0911064962183
16.95                   3.0911484520155         3.0911484520155         3.0911484520155         3.0911018709762
17                      3.0911484520155         3.0911484520155         3.0911484520155         3.0910971027097
17.05                   3.0911484520155         3.0911484520155         3.0911484520155         3.0910922067951
17.1                    3.0911484520155         3.0911484520155         3.0911484520155         3.0910871955478
17.15                   3.0911484520155         3.0911484520155         3.0911484520155         3.0910820791841
17.2                    3.0911484520155         3.0911484520155         3.0911484520155         3.0910768667431
17.25                   3.0911484520155         3.0911484520155         3.0911484520155         3.0910715669511
17.3                    3.0911484520155         3.0911484520155         3.0911484520155         3.0910661890167
17.35                   3.0911484520155         3.0911484520155         3.0911484520155         3.0910607432819
17.4                    3.0911484520155         3.0911484520155         3.0911484520155         3.0910552414866
17.45                   3.0911484520155         3.0911484520155         3.0911484520155         3.0910496959688
17.5                    3.0911484520155         3.0911484520155         3.0911484520155         3.0910441160198
17.55                   3.0911484520155         3.0911484520155         3.0911484520155         3.0910385369829
17.6                    3.0911484520155         3.0911484520155         3.0911484520155         3.0910330290788
17.65                   3.0911484520155         3.0911484520155         3.0911484520155         3.0910276687939
17.7                    3.0911484520155         3.0911484520155         3.0911484520155         3.0910225307994
17.75                   3.0911484520155         3.0911484520155         3.0911484520155         3.0910176846801
17.8                    3.0911484520155         3.0911484520155         3.0911484520155         3.0910131949273
17.85                   3.0911484520155         3.0911484520155         3.0911484520155         3.0910091216954
17.9                    3.0911484520155         3.0911484520155         3.0911484520155         3.0910055214969
17.95                   3.0911484520155         3.0911484520155         3.0911484520155         3.0910024475717
18                      3.0911484520155         3.0911484520155         3.0911484520155         3.0909999498665
18.05                   3.0911484520155         3.0911484520155         3.0911484520155         3.0909980746352
18.1                    3.0911484520155         3.0911484520155         3.0911484520155         3.0909968637043
18.15                   3.0911484520155         3.0911484520155         3.0911484520155         3.0909963534796
18.2                    3.0911484520155         3.0911484520155         3.0911484520155         3.0909965738038
18.25                   3.0911484520155         3.0911484520155         3.0911484520155         3.0909975468249
18.3                    3.0911484520155         3.0911484520155         3.0911484520155         3.0909992861145
18.35                   3.0911484520155         3.0911484520155         3.0911484520155         3.0910017963765
18.4                    3.0911484520155         3.0911484520155         3.0911484520155         3.0910050742382
18.45                   3.0911484520155         3.0911484520155         3.0911484520155         3.0910091108203
18.5                    3.0911484520155         3.0911484520155         3.0911484520155         3.0910138970607
18.55                   3.0911484520155         3.0911484520155         3.0911484520155         3.0910194348666
18.6                    3.0911484520155         3.0911484520155         3.0911484520155         3.09102569708
18.65                   3.0911484520155         3.0911484520155         3.0911484520155         3.0910326099235
18.7                    3.0911484520155         3.0911484520155         3.0911484520155         3.0910400971008
18.75                   3.0911484520155         3.0911484520155         3.0911484520155         3.0910480849328
18.8                    3.0911484520155         3.0911484520155         3.0911484520155         3.0910565050054
18.85                   3.0911484520155         3.0911484520155         3.0911484520155         3.0910652952916
18.9                    3.0911484520155         3.0911484520155         3.0911484520155         3.0910744003682
18.95                   3.0911484520155         3.0911484520155         3.0911484520155         3.0910837711203
19                      3.0911484520155         3.0911484520155         3.0911484520155         3.0910933641821
19.05                   3.0911484520155         3.0911484520155         3.0911484520155         3.0911031412634
19.1                    3.0911484520155         3.0911484520155         3.0911484520155         3.091113068452
19.15                   3.0911484520155         3.0911484520155         3.0911484520155         3.0911231155412
19.2                    3.0911484520155         3.0911484520155         3.0911484520155         3.091133255406
19.25                   3.0911484520155         3.0911484520155         3.0911484520155         3.0911434634389
19.3                    3.0911484520155         3.0911484520155         3.0911484520155         3.0911537170433
19.35                   3.0911484520155         3.0911484520155         3.0911484520155         3.0911639951813
19.4                    3.0911484520155         3.0911484520155         3.0911484520155         3.0911742779648
19.45                   3.0911484520155         3.0911484520155         3.0911484520155         3.0911845462827
19.5                    3.0911484520155         3.0911484520155         3.0911484520155         3.0911947814516
19.55                   3.0911484520155         3.0911484520155         3.0911484520155         3.0912049648796
19.6                    3.0911484520155         3.0911484520155         3.0911484520155         3.0912150777318
19.65                   3.0911484520155         3.0911484520155         3.0911484520155         3.091225100587
19.7                    3.0911484520155         3.0911484520155         3.0911484520155         3.091235013074
19.75                   3.0911484520155         3.0911484520155         3.0911484520155         3.0912447934763
19.8                    3.0911484520155         3.0911484520155         3.0911484520155         3.0912544182961
19.85                   3.0911484520155         3.0911484520155         3.0911484520155         3.0912638617678
19.9                    3.0911484520155         3.0911484520155         3.0911484520155         3.0912730953147
19.95                   3.0911484520155         3.0911484520155         3.0911484520155         3.0912820869468
20                      3.0911484520155         3.0911484520155         3.0911484520155         3.0912908006066
20.05                   3.0911484520155         3.0911484520155         3.0911484520155         3.0912991954801
20.1                    3.0911484520155         3.0911484520155         3.0911484520155         3.0913072253161
20.15                   3.0911484520155         3.0911484520155         3.0911484520155         3.0913148378262
20.2                    3.0911484520155         3.0911484520155         3.0911484520155         3.0913219742962
20.25                   3.0911484520155         3.0911484520155         3.0911484520155         3.0913285696198
20.3                    3.0911484520155         3.0911484520155         3.0911484520155         3.0913345530989
20.35                   3.0911484520155         3.0911484520155         3.0911484520155         3.0913398505469
20.4                    3.0911484520155         3.0911484520155         3.0911484520155         3.0913443885369
20.45                   3.0911484520155         3.0911484520155         3.0911484520155         3.0913481412125
20.5                    3.0911484520155         3.0911484520155         3.0911484520155         3.0913511250745
20.55                   3.0911484520155         3.0911484520155         3.0911484520155         3.0913533568095
20.6                    3.0911484520155         3.0911484520155         3.0911484520155         3.09135485196
20.65                   3.0911484520155         3.0911484520155         3.0911484520155         3.0913556296153
20.7                    3.0911484520155         3.0911484520155         3.0911484520155         3.0913557147155
20.75                   3.0911484520155         3.0911484520155         3.0911484520155         3.09135513882
20.8                    3.0911484520155         3.0911484520155         3.0911484520155         3.0913539399519
20.85                   3.0911484520155         3.0911484520155         3.0911484520155         3.0913521619453
20.9                    3.0911484520155         3.0911484520155         3.0911484520155         3.0913498535959
20.95                   3.0911484520155         3.0911484520155         3.0911484520155         3.0913470678184
21.002630398234         3.0911484520155         3.0911484520155         3.0911484520155         3.0913436838343
21.058029574601         3.0911484520155         3.0911484520155         3.0911484520155         3.0913396966007
21.116343188881         3.0911484520155         3.0911484520155         3.0911484520155         3.0913351209765
21.177724563722         3.0911484520155         3.0911484520155         3.0911484520155         3.0913299996197
21.242335087763         3.0911484520155         3.0911484520155         3.0911484520155         3.0913244146219
21.310344639971         3.0911484520155         3.0911484520155         3.0911484520155         3.0913185047438
21.3819320363           3.0911484520155         3.0911484520155         3.0911484520155         3.0913124881448
21.457285499847         3.0911484520155         3.0911484520155         3.0911484520155         3.0913066397309
21.536603155744         3.0911484520155         3.0911484520155         3.0911484520155         3.0913011161855
21.620093552081         3.0911484520155         3.0911484520155         3.0911484520155         3.0912959296372
21.707976208241         3.0911484520155         3.0911484520155         3.0911484520155         3.0912910973163
21.800482192072         3.0911484520155         3.0911484520155         3.0911484520155         3.0912866300931
21.897854727434         3.0911484520155         3.0911484520155         3.0911484520155         3.0912825179681
22.000349833698         3.0911484520155         3.0911484520155         3.0911484520155         3.0912787036942
22.108236998893         3.0911484520155         3.0911484520155         3.0911484520155         3.091275031064
22.221799888265         3.0911484520155         3.0911484520155         3.0911484520155         3.0912711407309
22.34133709011          3.0911484520155         3.0911484520155         3.0911484520155         3.0912662549899
22.467162900849         3.0911484520155         3.0911484520155         3.0911484520155         3.0912587331078
22.599608151396         3.0911484520155         3.0911484520155         3.0911484520155         3.0912449343511
22.739021077007         3.0911484520155         3.0911484520155         3.0911484520155         3.0912187379541
22.885768232885         3.0911484520155         3.0911484520155         3.0911484520155         3.091151452649
