x[nm]                       Envelope_real_part[nm^-1/2] Envelope_imag_part[nm^-1/2]
7.1142317671146             0.0061031336384806          -2.7867496112056e-12
7.260978922993              -0.14120951954918           6.447750417349e-11
7.4003918486039             -0.095142358778545          4.3443443500243e-11
7.532837099151              -0.084211089272136          3.8451484248034e-11
7.6586629098899             -0.071978948584682          3.2866254202671e-11
7.7782001117354             -0.062330007032805          2.8460321321352e-11
7.891763001107              -0.054370561283035          2.482636646781e-11
7.9996501663019             -0.047781252527694          2.1817211719482e-11
8.1021452725658             -0.042291187347163          1.9309835754709e-11
8.1995178079279             -0.037690484287397          1.7209640987388e-11
8.2920237917592             -0.033814393941361          1.5440484030133e-11
8.3799064479186             -0.030532340385087          1.3942117999239e-11
8.4633968442558             -0.027738549951915          1.2666491803095e-11
8.5427145001525             -0.025339579723475          1.1571888049765e-11
8.6180679636999             -0.02322373183947           1.0606612851426e-11
8.6896553600291             -0.021419186887285          9.7826931559032e-12
8.7576649122373             -0.019877496537252          9.0790377338312e-12
8.8222754362784             -0.018545036250886          8.4711497642727e-12
8.8836568111193             -0.017384937848437          7.9415340940459e-12
8.9419704253995             -0.016368706727186          7.4780018989427e-12
8.9973696017656             -0.015473552173652          7.0696149190742e-12
9.05                        -0.014680986813396          6.7080046556524e-12
9.1                         -0.013975889936913          6.3865314766037e-12
9.15                        -0.013313395958368          6.0846328452507e-12
9.2                         -0.012690408779064          5.8002831824685e-12
9.25                        -0.012104056135341          5.5325029375148e-12
9.3                         -0.011551766866908          5.2801411851311e-12
9.35                        -0.011031336385281          5.0421948659143e-12
9.4                         -0.010540999735633          4.8180078086392e-12
9.45                        -0.010079525552209          4.6072314426796e-12
9.5                         -0.0096463426872575         4.4094053325721e-12
9.55                        -0.0092417122585581         4.2243572614974e-12
9.6                         -0.0088669605142353         4.0530484076645e-12
9.65                        -0.0085175154583241         3.8938406019702e-12
9.7                         -0.0081868332353224         3.743164071253e-12
9.75                        -0.0078723924085373         3.5997977407961e-12
9.8                         -0.0075723480829034         3.463139025344e-12
9.85                        -0.0072853201847349         3.3318149232797e-12
9.9                         -0.0070102493645188         3.2064281013507e-12
9.95                        -0.0067462988689735         3.0859142935996e-12
10                          -0.0064927876648988         2.9698524572289e-12
10.05                       -0.0062491448116054         2.8584004092861e-12
10.1                        -0.0060148782827732         2.7511354656448e-12
10.15                       -0.0057895536162461         2.6480263173385e-12
10.2                        -0.0055727792503533         2.548993915709e-12
10.25                       -0.0053641964113079         2.4536336828742e-12
10.3                        -0.0051634720999617         2.3619931505611e-12
10.35                       -0.0049702941909219         2.2731714498719e-12
10.4                        -0.0047843679729104         2.1881626982691e-12
10.45                       -0.0046054136739487         2.1061319251716e-12
10.5                        -0.0044331646609044         2.0274021150448e-12
10.55                       -0.0042673661021476         1.9517435702716e-12
10.6                        -0.0041077739495024         1.8789332891055e-12
10.65                       -0.0039541541415453         1.8092859964348e-12
10.7                        -0.0038062819614784         1.7421534338947e-12
10.75                       -0.003663941504006          1.6775703197971e-12
10.8                        -0.003526925220073          1.6155811264723e-12
10.85                       -0.0033950335181291         1.5551768750602e-12
10.9                        -0.0032680744072694         1.4976500992367e-12
10.95                       -0.00314586317214           1.4414285714077e-12
11                          -0.0030282220726109         1.3878413261866e-12
11.05                       -0.002914980063312          1.3358592697791e-12
11.1                        -0.0028059725295954         1.2858870020388e-12
11.15                       -0.0027010410374503         1.2379954704297e-12
11.2                        -0.0026000330955915         1.1917644639437e-12
11.25                       -0.0025028019283978         1.1471958591235e-12
11.3                        -0.002409206258701          1.1042345571453e-12
11.35                       -0.0023191100996485         1.0628520184458e-12
11.4                        -0.0022323825550196         1.023051217679e-12
11.45                       -0.0021488976274818         9.84945559085e-13
11.5                        -0.0020685340343597         9.4799970551967e-13
11.55                       -0.0019911750305359         9.1249264546685e-13
11.6                        -0.0019167082381519         8.7828612891e-13
11.65                       -0.001845025482811          8.4551651486946e-13
11.7                        -0.0017760226360016         8.1372771256119e-13
11.75                       -0.00170959946349           7.8337184893295e-13
11.8                        -0.0016456594794339         7.540964902972e-13
11.85                       -0.0015841098060005         7.2613935940346e-13
11.9                        -0.0015248610382624         6.9890440425142e-13
11.95                       -0.001467827114176          6.7283069347735e-13
12                          -0.0014129251894391         6.475184873231e-13
12.05                       -0.0013600755170488         6.2374089848052e-13
12.1                        -0.0013092013313738         6.005220901551e-13
12.15                       -0.0012602287365741         5.7798338152239e-13
12.2                        -0.0012130865991992         5.5639759076962e-13
12.25                       -0.0011677064448125         5.356941460912e-13
12.3                        -0.0011240223584842         5.1579050981732e-13
12.35                       -0.0010819708890096         4.9656874083742e-13
12.4                        -0.001041490956714          4.7815824918793e-13
12.45                       -0.0010025237647048         4.6012947414199e-13
12.5                        -0.00096501271344637        4.4318090412881e-13
12.55                       -0.00092890331852752        4.2696195975999e-13
12.6                        -0.00089414313150727        4.1097516824276e-13
12.65                       -0.00086068166371781        3.9560755768988e-13
12.7                        -0.00082847031291915        3.8057105867063e-13
12.75                       -0.00079746229269257        3.6611982147741e-13
12.8                        -0.00076761256447597        3.5243454988061e-13
12.85                       -0.00073887777213727        3.3946495891707e-13
12.9                        -0.00071121617899394        3.2672872586514e-13
12.95                       -0.00068458760718519        3.1480218580582e-13
13                          -0.00065895337930934        3.0338055971158e-13
13.05                       -0.00063427626224043        2.9216071351921e-13
13.1                        -0.00061052041304422        2.8137076343839e-13
13.15                       -0.00058765132691353        2.7067716920365e-13
13.2                        -0.00056563578704683        2.605103073782e-13
13.25                       -0.00054444181639939        2.5084321883476e-13
13.3                        -0.00052403863123386        2.4103080095347e-13
13.35                       -0.00050439659640382        2.3198345656899e-13
13.4                        -0.00048548718230676        2.2303133024951e-13
13.45                       -0.00046728292344324        2.1488489578082e-13
13.5                        -0.00044975737851932        2.0661219518217e-13
13.55                       -0.00043288509203919        1.9922960981174e-13
13.6                        -0.00041664155732602        1.9192962473408e-13
13.65                       -0.00040100318092431        1.8477659933417e-13
13.7                        -0.00038594724832406        1.7803857997146e-13
13.75                       -0.00037145189096525        1.7141573750754e-13
13.8                        -0.00035749605446641        1.6507140721179e-13
13.85                       -0.00034405946803907        1.5912418410561e-13
13.9                        -0.00033112261503707        1.5337282390529e-13
13.95                       -0.00031866670460203        1.4773390695118e-13
14                          -0.00030667364436175        1.4226923683393e-13
14.05                       -0.00029512601414294        1.3659899526911e-13
14.1                        -0.00028400704066489        1.3145957278229e-13
14.15                       -0.0002733005731681         1.26129236746e-13
14.2                        -0.00026299105995793        1.2141339739045e-13
14.25                       -0.00025306352581875        1.1667786467077e-13
14.3                        -0.00024350355028051        1.1213540856683e-13
14.35                       -0.00023429724670627        1.0761322659544e-13
14.4                        -0.00022543124218352        1.0351073717822e-13
14.45                       -0.00021689265820183        9.9447700442684e-14
14.5                        -0.00020866909211397        9.5950102387136e-14
14.55                       -0.00020074859938483        9.2614632205341e-14
14.6                        -0.0001931196766514         8.9326981706804e-14
14.65                       -0.00018577124564116        8.5921241706101e-14
14.7                        -0.00017869263803317        8.2724472538356e-14
14.75                       -0.0001718735813981         7.9510600848023e-14
14.8                        -0.00016530418643147        7.6336921348199e-14
14.85                       -0.00015897493580478        7.3193261491796e-14
14.9                        -0.00015287667513115        7.0272234405098e-14
14.95                       -0.0001470006067788         6.7585656251133e-14
15                          -0.00014133828763156        6.4975131121758e-14
15.05                       -0.0001358816324256         6.2355056855015e-14
15.1                        -0.00013062292506068        5.9876507024332e-14
15.15                       -0.00012555484144513        5.71514866601e-14
15.2                        -0.00012067048910302        5.4706036514843e-14
15.25                       -0.0001159634712672         5.2115916610564e-14
15.3                        -0.00011142798682205        4.9978491315353e-14
15.35                       -0.00010705898283719        4.7984617389711e-14
15.4                        -0.00010285238433865        4.5901332693586e-14
15.45                       -9.8805437587724e-05        4.37754442543e-14
15.5                        -9.4917220266056e-05        4.1652725924368e-14
15.55                       -9.1189397135624e-05        4.0047464894638e-14
15.6                        -8.7627336809474e-05        3.8695622799381e-14
15.65                       -8.4241759789364e-05        3.7510330185709e-14
15.7                        -8.1051168157692e-05        3.6200297779716e-14
15.75                       -7.8021134208991e-05        3.4857404334014e-14
15.8                        -7.5094297649818e-05        3.3445635761413e-14
15.85                       -7.2249498176351e-05        3.2297755265231e-14
15.9                        -6.9474726569243e-05        3.1203493797892e-14
15.95                       -6.6764398750251e-05        2.9911017859706e-14
16                          -6.4117324093719e-05        2.8579707804924e-14
16.05                       -6.1535204038638e-05        2.7118898889392e-14
16.1                        -5.9021535152107e-05        2.6009261209575e-14
16.15                       -5.6580819889368e-05        2.5027092187843e-14
16.2                        -5.4218010485926e-05        2.3994661669933e-14
16.25                       -5.1938128239161e-05        2.3071664393761e-14
16.3                        -4.9746012928678e-05        2.196489370823e-14
16.35                       -4.76461657152e-05          2.0735968396269e-14
16.4                        -4.564265300866e-05         1.9495705739888e-14
16.45                       -4.3739035757856e-05        1.8378402626566e-14
16.5                        -4.1938269808167e-05        1.7008922726961e-14
16.55                       -4.0242462810507e-05        1.6086079970009e-14
16.6                        -3.8652192911359e-05        1.5040257144516e-14
16.65                       -3.7164537235837e-05        1.3876922942474e-14
16.7                        -3.5767123063135e-05        1.2993674651339e-14
16.75                       -3.4483130417088e-05        1.2408621775212e-14
16.8                        -3.3337390710638e-05        1.1732191231862e-14
16.85                       -3.2320517808933e-05        1.067307756097e-14
16.9                        -3.1426657285245e-05        9.9592066495629e-15
16.95                       -3.0651639043629e-05        8.9762998874535e-15
17                          -2.9992228804388e-05        7.8595804501522e-15
17.05                       -2.9445821797331e-05        6.467122512702e-15
17.1                        -2.9010314836517e-05        5.9899811634348e-15
17.15                       -2.868405060942e-05         5.293843415117e-15
17.2                        -2.8465791084714e-05        4.4066186254964e-15
17.25                       -2.8354701585471e-05        3.4187193022414e-15
17.3                        -2.8350335308215e-05        2.9527989666555e-15
17.35                       -2.8452607185361e-05        2.6236384028635e-15
17.4                        -2.8661735216952e-05        2.3634892059506e-15
17.45                       -2.8978097147739e-05        2.2653611727295e-15
17.5                        -2.9401873654377e-05        2.3461638884134e-15
17.55                       -2.992201661056e-05         2.4959251862215e-15
17.6                        -3.0528524889677e-05        2.4370639610514e-15
17.65                       -3.1225073350674e-05        2.3903621339307e-15
17.7                        -3.2010863898488e-05        2.2941206360894e-15
17.75                       -3.2883505805396e-05        1.8503248909589e-15
17.8                        -3.3839954726296e-05        1.5173021432451e-15
17.85                       -3.4876824579426e-05        1.4443056379509e-15
17.9                        -3.5990489689197e-05        1.55329403971e-15
17.95                       -3.7177122606805e-05        1.5001496221409e-15
18                          -3.8432725405171e-05        1.1019964519978e-15
18.05                       -3.9753183486963e-05        9.9814867863652e-16
18.1                        -4.1134362574739e-05        9.6329616892805e-16
18.15                       -4.2572269124629e-05        8.2075286081413e-16
18.2                        -4.4063297802269e-05        7.601571221318e-16
18.25                       -4.5604595623876e-05        8.2424602536353e-16
18.3                        -4.7194580762816e-05        8.1796986854679e-16
18.35                       -4.8833665226896e-05        7.1572153245634e-16
18.4                        -5.0525245340408e-05        3.8382100858775e-16
18.45                       -5.2277043253039e-05        2.2457908403812e-16
18.5                        -5.4102907960572e-05        1.3498973380777e-16
18.55                       -5.6038106681872e-05        5.2862553258413e-17
18.6                        -5.8102748715156e-05        1.577353957103e-16
18.65                       -6.0284345610165e-05        2.1096916958448e-16
18.7                        -6.2575554750331e-05        2.7950760688803e-16
18.75                       -6.4972572572374e-05        6.5429406918015e-16
18.8                        -6.7474044587708e-05        9.8326842561978e-16
18.85                       -7.0080326667437e-05        1.0344712639323e-15
18.9                        -7.2792985098617e-05        1.0050759316367e-15
18.95                       -7.5614458969552e-05        9.0024016940757e-16
19                          -7.8547832945959e-05        7.0345218842415e-16
19.05                       -8.1596685155797e-05        5.2593080655561e-16
19.1                        -8.4764986223797e-05        3.8767324402774e-16
19.15                       -8.8057033197779e-05        2.486217856311e-16
19.2                        -9.1477407352794e-05        7.3771773605493e-17
19.25                       -9.5030948436847e-05        -9.5176089512966e-17
19.3                        -9.8722740370765e-05        -1.471853437432e-16
19.35                       -0.00010255810511094        -1.2521867118404e-16
19.4                        -0.00010654260257794        -1.511449285275e-16
19.45                       -0.00011068203542755        -2.3992603274474e-16
19.5                        -0.00011498245813075        -3.4824360943533e-16
19.55                       -0.00011945019043178        -3.200275901761e-16
19.6                        -0.00012409183586462        -1.7269474304097e-16
19.65                       -0.0001289143067209         -1.6468655806134e-16
19.7                        -0.00013392485777737        -1.1969081963329e-16
19.75                       -0.00013913113235847        1.6405668236371e-16
19.8                        -0.00014454122610748        3.3863021973102e-16
19.85                       -0.00015016377644534        3.0302250941405e-16
19.9                        -0.00015600808950968        2.3961814172353e-16
19.95                       -0.00016208432194706        2.0906070426373e-16
20                          -0.00016840374313468        3.690493355992e-16
20.05                       -0.00017497911547321        6.2787813229429e-16
20.1                        -0.00018182524812611        7.8041195256654e-16
20.15                       -0.00018895980567797        9.2827373764544e-16
20.2                        -0.0001964044915771         1.0124123850724e-15
20.25                       -0.00020418678270706        1.0386835764152e-15
20.3                        -0.000212342474541          1.1885436040601e-15
20.35                       -0.00022091941860592        1.2672930191184e-15
20.4                        -0.00022998301389063        1.2382315623348e-15
20.45                       -0.00023970298927329        1.2558153647258e-15
20.5                        -0.00025019792927512        1.1080028196596e-15
20.55                       -0.00026143343502895        8.6007531134282e-16
20.6                        -0.00027340273403138        7.8505800481296e-16
20.65                       -0.00028612064030705        7.2964521993894e-16
20.7                        -0.0002996190919989         7.5741891212669e-16
20.75                       -0.00031394386698165        6.0124843926005e-16
20.8                        -0.00032915214593371        3.7397706051183e-16
20.85                       -0.0003453106173267         2.5233201642492e-16
20.9                        -0.00036249377936548        2.777684674803e-16
20.95                       -0.00038078193587395        1.9213811696777e-16
21.002630398234             -0.00040133876930786        -3.8610207255374e-17
21.058029574601             -0.00042455646674475        -7.5312381924814e-17
21.116343188881             -0.00045091453672575        -3.925313289349e-16
21.177724563722             -0.00048100410384856        -6.4623852279273e-16
21.242335087763             -0.00051556423494929        -7.6678844512279e-16
21.310344639971             -0.0005555511830112         -6.1141703887705e-16
21.3819320363               -0.00060235581205196        -3.820999998412e-16
21.457285499847             -0.00065723473034085        -4.4704418977685e-16
21.536603155744             -0.0007194570157092         -5.6474113401627e-16
21.620093552081             -0.00079191978463442        -1.139927641117e-15
21.707976208241             -0.00087704667367229        -3.9567842436481e-16
21.800482192072             -0.00097758114299209        -1.7645022446229e-16
21.897854727434             -0.0010969099509182         -6.9844888826497e-16
22.000349833698             -0.0012393062161691         2.0482417867632e-16
22.108236998893             -0.0014102136510225         -7.2838370561295e-16
22.221799888265             -0.0016166584400442         -7.0334442911936e-16
22.34133709011              -0.0018669238184956         -6.6947654093615e-16
22.467162900849             -0.0021841898421157         -6.5539296179712e-16
22.599608151396             -0.0024677150645587         3.6708035193375e-16
22.739021077007             -0.003662562744132          1.149211892894e-15
22.885768232885             0.00015829747143204         -1.4281805259873e-17
