x[nm]                Probability[nm^-1]  
7.1142317671146      5.1091380119741e-06
7.260978922993       0.0017879388511489
7.4003918486039      0.00080904849035456
7.532837099151       0.00063391665563208
7.6586629098899      0.00046252742080796
7.7782001117354      0.00034610269988468
7.891763001107       0.00026255058716259
7.9996501663019      0.00020194647502517
8.1021452725658      0.00015739102471117
8.1995178079279      0.00012421796922213
8.2920237917592      9.9221521221455e-05
8.3799064479186      8.0170582919747e-05
8.4633968442558      6.5492188038602e-05
8.5427145001525      5.4059606138755e-05
8.6180679636999      4.5038554793786e-05
8.6896553600291      3.8056030053789e-05
8.7576649122373      3.2575177562807e-05
8.8222754362784      2.8195103137325e-05
8.8836568111193      2.4649845071656e-05
8.9419704253995      2.1748978752041e-05
8.9973696017656      1.93521483909e-05
9.05                 1.7354093747478e-05
9.1                  1.5674805849218e-05
9.15                 1.4181518394464e-05
9.2                  1.2852245790898e-05
9.25                 1.1667663274555e-05
9.3                  1.0610877653293e-05
9.35                 9.6671682405102e-06
9.4                  8.823738894894e-06
9.45                 8.0694963458679e-06
9.5                  7.3948596868976e-06
9.55                 6.7916030203074e-06
9.6                  6.2527350738179e-06
9.65                 5.7680905941206e-06
9.7                  5.3276296412593e-06
9.75                 4.9251129086077e-06
9.8                  4.5558043240134e-06
9.85                 4.2159944845593e-06
9.9                  3.9026882650164e-06
9.95                 3.6133985048183e-06
10                   3.3460086009513e-06
10.05                3.0986800647563e-06
10.1                 2.8697895455406e-06
10.15                2.6578852518394e-06
10.2                 2.4616562079361e-06
10.25                2.2799100574979e-06
10.3                 2.1115566052421e-06
10.35                1.9555952515562e-06
10.4                 1.8111051044017e-06
10.45                1.6772369643771e-06
10.5                 1.5532066483143e-06
10.55                1.4382892935353e-06
10.6                 1.3318144010339e-06
10.65                1.2331614523464e-06
10.7                 1.1417559854241e-06
10.75                1.0570660483532e-06
10.8                 9.7859897216131e-07
10.85                9.0589841900436e-07
10.9                 8.3854167226509e-07
10.95                7.7613714214826e-07
11                   7.1832206530352e-07
11.05                6.6476038054918e-07
11.1                 6.1514076537326e-07
11.15                5.6917481985564e-07
11.2                 5.2659538618365e-07
11.25                4.8715499316956e-07
11.3                 4.5062441618533e-07
11.35                4.1679134379349e-07
11.4                 3.8545914309604e-07
11.45                3.5644571647552e-07
11.5                 3.2958244298692e-07
11.55                3.0471319818546e-07
11.6                 2.8169344665229e-07
11.65                2.603894019191e-07
11.7                 2.4067724888991e-07
11.75                2.2244242423301e-07
11.8                 2.0557895055273e-07
11.85                1.899888204654e-07
11.9                 1.7558142700086e-07
11.95                1.6227303701417e-07
12                   1.4998630454779e-07
12.05                1.3864982131421e-07
12.1                 1.2819770168864e-07
12.15                1.1856919979629e-07
12.2                 1.0970835647138e-07
12.25                1.0156367403512e-07
12.3                 9.4087817002593e-08
12.35                8.7237336978871e-08
12.4                 8.0972420146458e-08
12.45                7.525665587544e-08
12.5                 7.0056825112046e-08
12.55                6.5342707316651e-08
12.6                 6.1086904827267e-08
12.65                5.7264683630063e-08
12.7                 5.3853829609558e-08
12.75                5.0834519444421e-08
12.8                 4.8189205397718e-08
12.85                4.5902513332641e-08
12.9                 4.3961153360514e-08
12.95                4.235384260201e-08
13                   4.1071239612822e-08
13.05                4.0105890092325e-08
13.1                 3.945218356004e-08
13.15                3.9106320748029e-08
13.2                 3.9066291519324e-08
13.25                3.9331863184608e-08
13.3                 3.9904579148888e-08
13.35                4.0787767880429e-08
13.4                 4.1986562253863e-08
13.45                4.350792938039e-08
13.5                 4.5360711097522e-08
13.55                4.755567535497e-08
13.6                 5.0105578794399e-08
13.65                5.302524088744e-08
13.7                 5.6331630062635e-08
13.75                6.0043962323507e-08
13.8                 6.4183812929929e-08
13.85                6.8775241794932e-08
13.9                 7.3844933326452e-08
13.95                7.9422351530848e-08
14                   8.5539911283611e-08
14.05                9.2233166771946e-08
14.1                 9.9541018214533e-08
14.15                1.0750593807971e-07
14.2                 1.1617421814515e-07
14.25                1.2559623887838e-07
14.3                 1.3582676277223e-07
14.35                1.4692525344211e-07
14.4                 1.5895622250129e-07
14.45                1.7198960647101e-07
14.5                 1.861011762928e-07
14.55                2.0137298239374e-07
14.6                 2.1789383876785e-07
14.65                2.3575985023e-07
14.7                 2.5507498796003e-07
14.75                2.7595171982299e-07
14.8                 2.9851170393794e-07
14.85                3.2288655688056e-07
14.9                 3.4921871223146e-07
14.95                3.7766239167033e-07
15                   4.0838472057746e-07
15.05                4.4156703488581e-07
15.1                 4.7740644836353e-07
15.15                5.1611778365094e-07
15.2                 5.5793602244167e-07
15.25                6.031195097085e-07
15.3                 6.519542684784e-07
15.35                7.0475996792344e-07
15.4                 7.6189837330669e-07
15.45                8.2378554572523e-07
15.5                 8.909097370669e-07
15.55                9.6385797405253e-07
15.6                 1.0433559560072e-06
15.65                1.1303284449357e-06
15.7                 1.2259913629247e-06
15.75                1.3323168108388e-06
15.8                 1.4513213780455e-06
15.85                1.5844035329651e-06
15.9                 1.733199481291e-06
15.95                1.8996096202062e-06
16                   2.0858323345096e-06
16.05                2.2944050894879e-06
16.1                 2.5282536416579e-06
16.15                2.7907507548861e-06
16.2                 3.0857862867492e-06
16.25                3.4178510436584e-06
16.3                 3.7921375457889e-06
16.35                4.2146620577307e-06
16.4                 4.6924145338758e-06
16.45                5.2335480759478e-06
16.5                 5.8476315094889e-06
16.55                6.546020830574e-06
16.6                 7.3424988244929e-06
16.65                8.2546265462354e-06
16.7                 9.3072545865057e-06
16.75                1.051116486647e-05
16.8                 1.1869316959973e-05
16.85                1.3403940975518e-05
16.9                 1.513891726099e-05
16.95                1.7100725582166e-05
17                   1.931909536904e-05
17.05                2.1827561306251e-05
17.1                 2.4664020740307e-05
17.15                2.7871345202091e-05
17.2                 3.149809170688e-05
17.25                3.5599387931876e-05
17.3                 4.0238158642101e-05
17.35                4.5487113854077e-05
17.4                 5.143259091546e-05
17.45                5.8183123217077e-05
17.5                 6.5890342422627e-05
17.55                7.4571745172662e-05
17.6                 8.4182865885097e-05
17.65                9.4805808025616e-05
17.7                 0.00010651859557388
17.75                0.00011939726770107
17.8                 0.00013351570672754
17.85                0.00014894455936367
17.9                 0.00016574975998188
17.95                0.00018399091273672
18                   0.0002037197460898
18.05                0.00022497889469634
18.1                 0.00024780135280951
18.15                0.00027221107255079
18.2                 0.00029822535302472
18.25                0.00032585989224573
18.3                 0.000355137669781
18.35                0.00038610322049496
18.4                 0.00041884439250469
18.45                0.00045352442935095
18.5                 0.00049042830522475
18.55                0.00053011258415119
18.6                 0.00057307374353735
18.65                0.00061953862067659
18.7                 0.00066976126016631
18.75                0.00072402208309343
18.8                 0.00078262813781843
18.85                0.00084591399405172
18.9                 0.00091424307650652
18.95                0.0009880093413911
19                   0.00106763924915
19.05                0.001153594011794
19.1                 0.0012463721069134
19.15                0.0013465120592887
19.2                 0.0014545954977198
19.25                0.001571250500687
19.3                 0.0016971552505696
19.35                0.0018330420231144
19.4                 0.0019797015474885
19.45                0.0021379877837307
19.5                 0.0023088231803805
19.55                0.0024932044980248
19.6                 0.0026922093182028
19.65                0.0029070034072924
19.7                 0.0031388491803736
19.75                0.0033891156239538
19.8                 0.003659290209217
19.85                0.0039509935902961
19.9                 0.0042659982827523
19.95                0.0046062531292736
20                   0.0049739162952632
20.05                0.0053714009700363
20.1                 0.0058014401480386
20.15                0.0062671802452189
20.2                 0.0067723185186275
20.25                0.0073213073260864
20.3                 0.0079196608163665
20.35                0.0085744193079522
20.4                 0.0092948577164424
20.45                0.010095900709028
20.5                 0.010992659233354
20.55                0.011995526019556
20.6                 0.013116729101488
20.65                0.014370510770448
20.7                 0.015773361488238
20.75                0.017344303080769
20.8                 0.019105218263509
20.85                0.021081219241319
20.9                 0.023301032817723
20.95                0.025797341191146
21.002630398234      0.028767505173208
21.058029574601      0.03233046032559
21.116343188881      0.036642678922335
21.177724563722      0.041912803743666
21.242335087763      0.048423906271968
21.310344639971      0.056571345976827
21.3819320363        0.066951063207592
21.457285499847      0.080361106889547
21.536603155744      0.097355957763132
21.620093552081      0.11917579984853
21.707976208241      0.1474955492663
21.800482192072      0.18465346411612
21.897854727434      0.23396613328338
22.000349833698      0.30019904875973
22.108236998893      0.3902887461526
22.221799888265      0.5144912843198
22.34133709011       0.68755986836904
22.467162900849      0.94233473023582
22.599608151396      1.2026730708861
22.739021077007      2.657820803472
22.885768232885      0.0075948756789494
