x[nm]                Probability[nm^-1]  
7.1142317671146      3.0362560664898e-32
7.260978922993       5.4552266934139e-31
7.4003918486039      3.6442656308516e-31
7.532837099151       4.5214864477875e-31
7.6586629098899      4.0064805442727e-31
7.7782001117354      3.6263527863924e-30
7.891763001107       5.2287134059263e-30
7.9996501663019      7.3779265280149e-30
8.1021452725658      8.4302351169021e-30
8.1995178079279      6.9559958220268e-30
8.2920237917592      7.9875365876583e-30
8.3799064479186      1.0076194153779e-29
8.4633968442558      1.1301651475374e-29
8.5427145001525      1.472569684713e-29
8.6180679636999      1.4352058004081e-29
8.6896553600291      1.2947493087011e-29
8.7576649122373      8.0684732484476e-30
8.8222754362784      1.057761357456e-29
8.8836568111193      1.137051646568e-29
8.9419704253995      1.031301515337e-29
8.9973696017656      1.1855492956735e-29
9.05                 1.373534920992e-29
9.1                  1.2232468831013e-29
9.15                 1.3636917257336e-29
9.2                  1.7497584047478e-29
9.25                 1.9029966675072e-29
9.3                  2.1331024871863e-29
9.35                 2.3076994042038e-29
9.4                  2.1439967158079e-29
9.45                 2.0317128046922e-29
9.5                  1.9760120057015e-29
9.55                 1.4378511722162e-29
9.6                  1.4468882846255e-29
9.65                 1.4180535249062e-29
9.7                  1.5771310929746e-29
9.75                 1.53615604666e-29
9.8                  1.3439951744076e-29
9.85                 1.1939692379401e-29
9.9                  7.9117162043679e-30
9.95                 4.2699004939824e-30
10                   2.6554235325577e-30
10.05                1.8398211424386e-30
10.1                 1.4987722354529e-30
10.15                7.4404853775056e-31
10.2                 2.7154229937801e-32
10.25                6.3706507061835e-31
10.3                 2.0780872824218e-30
10.35                3.4456093079667e-30
10.4                 2.9163723104821e-30
10.45                3.7955242969239e-30
10.5                 6.5645980409521e-30
10.55                9.4252448394824e-30
10.6                 1.1505745569063e-29
10.65                1.3054848410186e-29
10.7                 1.2459054350426e-29
10.75                1.3179143127199e-29
10.8                 1.3350261483373e-29
10.85                1.3842463192504e-29
10.9                 1.3623014791711e-29
10.95                1.1274323831575e-29
11                   7.71108552991e-30
11.05                4.8352895276886e-30
11.1                 3.2243579848587e-30
11.15                2.0272196372366e-30
11.2                 7.5985141567446e-31
11.25                3.162420896682e-31
11.3                 2.2528497944717e-31
11.35                5.0596113064999e-31
11.4                 1.0395281727311e-30
11.45                4.9227026007305e-31
11.5                 7.1375974662087e-31
11.55                1.470090255861e-30
11.6                 2.0767564746988e-30
11.65                2.3559874252307e-30
11.7                 3.8754043747575e-30
11.75                7.1040818270458e-30
11.8                 1.2588130611126e-29
11.85                1.6702058169511e-29
11.9                 2.0230187580076e-29
11.95                2.2533218836699e-29
12                   2.454276358226e-29
12.05                2.5199423095319e-29
12.1                 2.7973200554606e-29
12.15                3.0456477309522e-29
12.2                 3.1183168495549e-29
12.25                3.0652975221492e-29
12.3                 2.8958157411343e-29
12.35                2.6617050249172e-29
12.4                 2.4045013173207e-29
12.45                2.1401162509419e-29
12.5                 1.9734859216915e-29
12.55                1.6647804218366e-29
12.6                 1.8087200962462e-29
12.65                1.9442163845783e-29
12.7                 1.7992260810753e-29
12.75                1.8620916529013e-29
12.8                 1.9954080312783e-29
12.85                2.1591138299579e-29
12.9                 2.0103727296662e-29
12.95                1.8072687826088e-29
13                   1.4701795674374e-29
13.05                1.1112390898449e-29
13.1                 9.6539954180463e-30
13.15                7.5197303946778e-30
13.2                 5.1232873954653e-30
13.25                3.3531720487732e-30
13.3                 2.27617696864e-30
13.35                2.035674594433e-30
13.4                 1.1393665733573e-30
13.45                2.2638366097975e-30
13.5                 3.9254142499198e-30
13.55                5.3359733279278e-30
13.6                 7.6650183186577e-30
13.65                1.1492176486801e-29
13.7                 1.4958527950878e-29
13.75                1.8170073422436e-29
13.8                 1.9897578431333e-29
13.85                2.2847698764345e-29
13.9                 2.3958918540073e-29
13.95                2.5699745623614e-29
14                   2.5741118218616e-29
14.05                2.6304860922255e-29
14.1                 2.8594894212439e-29
14.15                2.8937433336706e-29
14.2                 3.1202435670469e-29
14.25                3.4686686655351e-29
14.3                 3.490349531125e-29
14.35                3.1790739997542e-29
14.4                 2.639839613133e-29
14.45                2.3581179479325e-29
14.5                 2.3855132454607e-29
14.55                2.3302653743055e-29
14.6                 1.9286463996339e-29
14.65                1.3322872347384e-29
14.7                 9.553144778554e-30
14.75                6.3413022570998e-30
14.8                 5.2285525630472e-30
14.85                3.8842684212077e-30
14.9                 3.0619309342082e-30
14.95                1.9506094744817e-30
15                   1.3210896139303e-30
15.05                1.2985057134081e-30
15.1                 2.1606795451268e-30
15.15                3.3448410230346e-30
15.2                 4.8158289053525e-30
15.25                6.3966904882299e-30
15.3                 6.5147375462872e-30
15.35                4.0038516970782e-30
15.4                 3.2933144228008e-30
15.45                2.3040960054896e-30
15.5                 1.3700912589593e-30
15.55                5.6201781599192e-31
15.6                 4.19590576281e-31
15.65                5.7108935351248e-31
15.7                 8.2528665466023e-31
15.75                1.2247891816326e-30
15.8                 1.836359071007e-30
15.85                2.5145957501906e-30
15.9                 2.92106463189e-30
15.95                4.4811749321656e-30
16                   5.1244048908835e-30
16.05                5.2853175206887e-30
16.1                 3.8163239368856e-30
16.15                3.7505063186901e-30
16.2                 3.1802715590304e-30
16.25                2.8374601992586e-30
16.3                 1.5069634683208e-30
16.35                8.1331482979118e-31
16.4                 4.5512479905052e-31
16.45                2.0618331240532e-31
16.5                 1.795048469346e-31
16.55                1.6242429622689e-30
16.6                 4.432472308579e-30
16.65                8.1162348611118e-30
16.7                 1.0254735578948e-29
16.75                1.2297725741636e-29
16.8                 1.0850841554545e-29
16.85                1.0184540137161e-29
16.9                 8.8292266921656e-30
16.95                9.4522715642359e-30
17                   1.0393609133418e-29
17.05                1.4054141863618e-29
17.1                 1.4246075478118e-29
17.15                1.5706060906918e-29
17.2                 1.8428007284079e-29
17.25                1.8831694587638e-29
17.3                 2.094209797132e-29
17.35                1.9987128634674e-29
17.4                 1.819118737519e-29
17.45                1.4002986572721e-29
17.5                 1.0318881863628e-29
17.55                8.7775012981612e-30
17.6                 6.8839476415021e-30
17.65                6.0879125790479e-30
17.7                 4.2109138604717e-30
17.75                2.8674051561069e-30
17.8                 3.2460322935214e-30
17.85                3.6433333669333e-30
17.9                 5.409626860199e-30
17.95                6.3280729438466e-30
18                   7.5591720147271e-30
18.05                8.6849395129169e-30
18.1                 9.3483448185821e-30
18.15                8.4452192444511e-30
18.2                 7.5498183940395e-30
18.25                8.1860854981019e-30
18.3                 7.4210718201909e-30
18.35                5.9585566222715e-30
18.4                 6.2254655422943e-30
18.45                6.0611407960443e-30
18.5                 6.4106913232636e-30
18.55                7.7320126412323e-30
18.6                 7.1239691465144e-30
18.65                5.3175410600989e-30
18.7                 3.3026462949176e-30
18.75                1.8008381888204e-30
18.8                 1.1211773728969e-30
18.85                7.9462033284575e-31
18.9                 6.5735505339209e-31
18.95                4.3709618781411e-31
19                   6.4400845109463e-31
19.05                1.3287589586152e-30
19.1                 1.1112492052752e-30
19.15                3.1634586455539e-31
19.2                 4.0284582907599e-31
19.25                1.1621128554723e-30
19.3                 2.5175022848838e-30
19.35                3.5289251708816e-30
19.4                 4.6819744835418e-30
19.45                6.4969576703177e-30
19.5                 8.455325743131e-30
19.55                1.0326572750832e-29
19.6                 1.2163430458326e-29
19.65                1.6339586336247e-29
19.7                 1.7340458339889e-29
19.75                1.4481087311536e-29
19.8                 1.3911207456314e-29
19.85                1.3249630875663e-29
19.9                 1.1169860612837e-29
19.95                1.0797427985427e-29
20                   1.1156843764779e-29
20.05                1.3054018797889e-29
20.1                 1.5357809158555e-29
20.15                1.6198619794912e-29
20.2                 1.6478989428502e-29
20.25                1.5046757906755e-29
20.3                 1.4947241513396e-29
20.35                1.4484879037645e-29
20.4                 1.4944580979092e-29
20.45                1.4428710869773e-29
20.5                 1.2567858766395e-29
20.55                1.0411893577346e-29
20.6                 1.0731865128254e-29
20.65                1.0681211462296e-29
20.7                 1.0521601464515e-29
20.75                1.0109197140511e-29
20.8                 8.8533342620849e-30
20.85                7.8468599531918e-30
20.9                 6.9216248804261e-30
20.95                5.6898651789495e-30
21.002630398234      5.3698461796163e-30
21.058029574601      3.8367268876486e-30
21.116343188881      3.0141507354864e-30
21.177724563722      3.0266811900559e-30
21.242335087763      1.8337674891083e-30
21.310344639971      1.2561295193376e-30
21.3819320363        7.4219597201878e-31
21.457285499847      1.5284703778381e-30
21.536603155744      2.023968281862e-30
21.620093552081      3.8594158827891e-30
21.707976208241      3.7763811532436e-30
21.800482192072      2.8621076839529e-30
21.897854727434      3.3061620656541e-30
22.000349833698      4.2440499015515e-30
22.108236998893      4.2930530702009e-30
22.221799888265      1.8690316560865e-30
22.34133709011       1.4488650148905e-30
22.467162900849      4.9361037209943e-31
22.599608151396      3.0452007086499e-31
22.739021077007      8.7275040467682e-32
22.885768232885      3.5514054842086e-34
