wavelength_nm,photon_energy_eV,chi2_real_pm_per_V,chi2_imag_pm_per_V,chi2_abs_real_pm_per_V,chi2_abs_pm_per_V
400,3.0996049599999997,0.39990294623620104,0.0019130205145342699,0.39990294623620104,0.39990752187960021
401,3.0918752718204487,0.40357826925046147,0.0019406112219682494,0.40357826925046147,0.40358293495031822
402,3.084184039800995,0.40728685554813815,0.0019686029236194143,0.40728685554813815,0.40729161309774203
403,3.0765309776674936,0.41102905477789375,0.0019970019379079145,0.41102905477789375,0.41103390600818906
404,3.0689158019801979,0.41480522122629782,0.0020258146968919564,0.41480522122629782,0.41481016800674497
405,3.0613382320987652,0.41861571389387076,0.0020550477486330947,0.41861571389387076,0.41862075813333027
406,3.0537979901477832,0.42246089657261565,0.002084707759618401,0.42246089657261565,0.42246604022025397
407,3.0462948009828006,0.4263411379250911,0.0021148015172404626,0.4263411379250911,0.42634638297130995
408,3.0388283921568626,0.43025681156504014,0.0021453359323372152,0.43025681156504014,0.43026216004242923
409,3.0313984938875302,0.43420829613964851,0.0021763180417933188,0.43420829613964851,0.4342137501239634
410,3.0240048390243901,0.43819597541339539,0.0022077550112042862,0.43819597541339539,0.43820153702455966
411,3.0166471630170313,0.44222023835364732,0.0022396541376056168,0.44222023835364732,0.44222590975678117
412,3.009325203883495,0.44628147921792316,0.0022720228522684176,0.44628147921792316,0.44628726262439844
413,3.0020387021791763,0.45038009764293574,0.0023048687235635362,0.45038009764293574,0.45038599531145862
414,2.9947874009661835,0.45451649873542566,0.0023381994598958619,0.45451649873542566,0.45452251297314683
415,2.9875710457831324,0.45869109316487666,0.0023720229127111442,0.45869109316487666,0.45869722632853138
416,2.9803893846153846,0.46290429725804216,0.0024063470795769436,0.46290429725804216,0.46291055175511958
417,2.9732421678657071,0.46715653309549487,0.0024411801073400676,0.46715653309549487,0.46716291138543808
418,2.9661291483253587,0.47144822861009683,0.0024765302953626564,0.47144822861009683,0.47145473320553472
419,2.9590500811455844,0.47577981768750721,0.0025124060988389622,0.47577981768750721,0.47578645115551893
420,2.9520047238095235,0.48015174026877649,0.0025488161321951747,0.48015174026877649,0.48015850523218928
421,2.9449928361045128,0.48456444245506436,0.0025857691725748961,0.48456444245506436,0.48457134159378551
422,2.9380141800947865,0.48901837661452796,0.0026232741634123402,0.48901837661452796,0.48902541266691324
423,2.9310685200945623,0.49351400149145341,0.0026613402180960056,0.49351400149145341,0.49352117725571087
424,2.9241556226415093,0.49805178231764824,0.0026999766237254998,0.49805178231764824,0.49805910065328063
425,2.9172752564705879,0.5026321909262188,0.0027391928449638833,0.5026321909262188,0.50263965475550454
426,2.9104271924882625,0.50725570586770807,0.0027789985279886706,0.50725570586770807,0.5072633181772217
427,2.9036112037470723,0.51192281252869187,0.0028194035045441893,0.51192281252869187,0.51193057637086659
428,2.8968270654205606,0.51663400325294129,0.0028604177960981541,0.51663400325294129,0.51664192174767276
429,2.8900745547785545,0.52138977746510995,0.0029020516181058054,0.52138977746510995,0.5213978538014048
430,2.8833534511627903,0.52619064179709985,0.0029443153843843788,0.52619064179709985,0.5261988792347686
431,2.8766635359628769,0.53103711021714073,0.0029872197116016823,0.53103711021714073,0.53104551208853756
432,2.8700045925925926,0.5359297041616482,0.0030307754238815161,0.5359297041616482,0.53593827387345816
433,2.8633764064665126,0.54086895266992774,0.0030749935575301451,0.54086895266992774,0.54087769370500338
434,2.8567787649769585,0.5458553925218137,0.0031198853658865999,0.5458553925218137,0.5458643084410626
435,2.8502114574712643,0.5508895683782995,0.0031654623243015569,0.5508895683782995,0.55089866282262445
436,2.8436742752293576,0.55597203292525998,0.0032117361352473868,0.55597203292525998,0.55598130961755254
437,2.8371670114416472,0.56110334702030085,0.0032587187335646984,0.56110334702030085,0.56111280976749101
438,2.8306894611872142,0.5662840798428832,0.0033064222918483691,0.5662840798428832,0.56629373253804682
439,2.8242414214123004,0.57151480904772711,0.0033548592259779377,0.57151480904772711,0.57152465567225197
440,2.8178226909090909,0.57679612092165367,0.0034040422007966557,0.57679612092165367,0.57680616554746689
441,2.8114330702947843,0.58212861054392562,0.0034539841359435986,0.58212861054392562,0.58213885733578452
442,2.8050723619909501,0.58751288195012563,0.0035046982118437063,0.58751288195012563,0.58752333516797295
443,2.7987403702031601,0.59294954829979196,0.0035561978758604802,0.59294954829979196,0.59296021230117923
444,2.7924369009009009,0.59843923204775673,0.0036084968486166848,0.59843923204775673,0.59845011129033576
445,2.7861617617977528,0.60398256511943371,0.003661609130487656,0.60398256511943371,0.60399366416352041
446,2.7799147623318383,0.60958018909002454,0.0037155490082734655,0.60958018909002454,0.60959151260123601
447,2.7736957136465321,0.61523275536785516,0.0037703310620547104,0.61523275536785516,0.61524430811982367
448,2.7675044285714283,0.62094092538189205,0.0038259701722383171,0.62094092538189205,0.62095271225905713
449,2.7613407216035633,0.62670537077357591,0.0038824815267990836,0.62670537077357591,0.62671739677405736
450,2.7552044088888885,0.63252677359305753,0.0039398806287230144,0.63252677359305753,0.6325390438316133
451,2.7490953082039908,0.63840582650005762,0.0039981833036594472,0.63840582650005762,0.6384183462111277
452,2.7430132389380528,0.64434323296926133,0.0040574057077878041,0.64434323296926133,0.64435600751010103
453,2.7369580220750551,0.65033970750066317,0.0041175643359067701,0.65033970750066317,0.65035274235456908
454,2.7309294801762114,0.65639597583471976,0.0041786760297522381,0.65639597583471976,0.656409276614351
455,2.7249274373626373,0.6625127751726505,0.0042407579865520253,0.6625127751726505,0.6625263476234492
456,2.7189517192982455,0.66869085440189413,0.0043038277678246334,0.66869085440189413,0.66870470440560703
457,2.7130021531728663,0.67493097432692539,0.0043679033084303483,0.67493097432692539,0.67494510790523166
458,2.7070785676855893,0.68123390790560356,0.0044330029258826779,0.68123390790560356,0.68124833122385053
459,2.701180793028322,0.68760044049112201,0.0044991453299288268,0.68760044049112201,0.68761515986217514
460,2.6953086608695651,0.69403137007982862,0.0045663496324079133,0.69403137007982862,0.69404639196803641
461,2.6894620043383948,0.7005275075649553,0.004634635357396456,0.7005275075649553,0.70054283859023536
462,2.6836406580086578,0.70708967699657022,0.0047040224516504154,0.70708967699657022,0.70710532393861925
463,2.6778444578833693,0.71371871584777691,0.0047745312953536845,0.71371871584777691,0.71373468565041043
464,2.67207324137931,0.72041547528746142,0.0048461827131834334,0.72041547528746142,0.72043177506308564
465,2.6663268473118276,0.72718082045973831,0.0049189979857030136,0.72718082045973831,0.72719745749396114
466,2.6606051158798283,0.73401563077021437,0.0049929988610933652,0.73401563077021437,0.73403261252659779
467,2.6549078886509636,0.74092080017941475,0.0050682075672345145,0.74092080017941475,0.7409381343043755
468,2.6492350085470084,0.74789723750342674,0.0051446468241490885,0.74789723750342674,0.74791493183128943
469,2.6435863198294243,0.75494586672209851,0.0052223398568200623,0.75494586672209851,0.7549639292803072
470,2.6379616680851061,0.76206762729490363,0.0053013104083961971,0.76206762729490363,0.7620860663093969
471,2.6323609002123138,0.76926347448480925,0.0053815827537976799,0.76926347448480925,0.76928229838556461
472,2.6267838644067796,0.77653437969026484,0.0054631817137365847,0.77653437969026484,0.77655359711701921
473,2.6212304101479913,0.78388133078568445,0.0055461326691665473,0.78388133078568445,0.78390095059383602
474,2.6157003881856538,0.79130533247055079,0.0056304615761758846,0.79130533247055079,0.79132536373724915
475,2.6101936505263157,0.79880740662746375,0.0057161949813409867,0.79880740662746375,0.79882785865789563
476,2.6047100504201679,0.80638859268944185,0.0058033600375551886,0.80638859268944185,0.80640947502331839
477,2.5992494423480084,0.81404994801664299,0.005891984520350578,0.81404994801664299,0.81407127043489702
478,2.5938116820083681,0.82179254828290205,0.00598209684473003,0.82179254828290205,0.82181432081460204
479,2.5883966263048013,0.82961748787234457,0.0060737260825278489,0.82961748787234457,0.82963972080183424
480,2.5830041333333331,0.83752588028632746,0.0061669019803178154,0.83752588028632746,0.83754858416059808
481,2.5776340623700622,0.84551885856114173,0.0062616549778888465,0.84551885856114173,0.84554204419744738
482,2.5722862738589209,0.85359757569672001,0.006358016227308274,0.85359757569672001,0.85362125419044266
483,2.5669606293995857,0.86176320509672322,0.0064560176125946118,0.86176320509672322,0.86178738782949893
484,2.561656991735537,0.87001694102031668,0.0065556917700219011,0.87001694102031668,0.87004163966843151
485,2.556375224742268,0.87835999904614659,0.0066570721090788623,0.87835999904614659,0.87838522558921284
486,2.5511151934156375,0.88679361654867317,0.0067601928341071097,0.88679361654867317,0.886819383278596
487,2.5458767638603694,0.89531905318745086,0.0068650889666435708,0.89531905318745086,0.89534537271769787
488,2.5406598032786882,0.90393759140969032,0.0069717963684933788,0.90393759140969032,0.90396447668487268
489,2.5354641799591002,0.91265053696649234,0.0070803517655607523,0.91265053696649234,0.91267800127227294
490,2.5302897632653059,0.92145921944326825,0.0071907927724659381,0.92145921944326825,0.92148727641660555
491,2.5251364236252543,0.93036499280476881,0.0073031579179784738,0.93036499280476881,0.93039365644451411
492,2.5200040325203252,0.93936923595512578,0.0074174866712976711,0.93936923595512578,0.93939852063298246
493,2.5148924624746449,0.94847335331357652,0.0075338194692120379,0.94847335331357652,0.94850327378543886
494,2.5098015870445343,0.95767877540617441,0.0076521977441725252,0.95767877540617441,0.95770934682386055
495,2.5047312808080808,0.96698695947412938,0.0077726639533136285,0.96698695947412938,0.96701819739752193
496,2.4996814193548387,0.97639939009937704,0.0078952616084597589,0.97639939009937704,0.97643131050898879
497,2.4946518792756538,0.98591757984778683,0.0080200353071553793,0.98591757984778683,0.98595019915776938
498,2.4896425381526104,0.99554306993073594,0.0081470307647577983,0.99554306993073594,0.99557640500234645
499,2.4846532745490979,1.0052774308856365,0.0082762948476364333,1.0052774308856365,1.0053114990411831
500,2.4796839679999998,1.015122263275996,0.0084078756075195368,1.015122263275996,1.0151570823132803
501,2.4747344990019959,1.0250791984117797,0.0085418223170371094,1.0250791984117797,1.025114786619056
502,2.4698047490039841,1.0351498990906332,0.0086781855065047667,1.0351498990906332,1.0351862752621062
503,2.464894600397614,1.0453360603608171,0.0088170170019999522,1.0453360603608171,1.0453732438127004
504,2.4600039365079365,1.0556394103065054,0.0089583699647829036,1.0556394103065054,1.0556774208936612
505,2.4551326415841581,1.0660617108562276,0.0091022989321153797,1.0660617108562276,1.0661005689894161
506,2.4502806007905136,1.0766047586153533,0.00924885985953516,1.0766047586153533,1.0766444852791122
507,2.4454477001972386,1.0872703857233486,0.0093981101646462041,1.0872703857233486,1.0873110024945329
508,2.4406338267716534,1.09806046073667,0.0095501087724851504,1.09806046073667,1.098101989803677
509,2.4358388683693515,1.1089768895383783,0.0097049161625320027,1.1089768895383783,1.1090193537210873
510,2.4310627137254901,1.1200216162751744,0.0098625944174304085,1.1200216162751744,1.1200650390456337
511,2.4263052524461837,1.1311966243229974,0.010023207273491354,1.1311966243229974,1.1312410298268853
512,2.4215663749999998,1.1425039372822079,0.01018682017305424,1.1425039372822079,1.1425493503611062
513,2.4168459727095515,1.1539456200033071,0.010353500318783553,1.1539456200033071,1.1539920662178176
514,2.4121439377431906,1.1655237796444804,0.01052331672998404,1.1655237796444804,1.1655712852982245
515,2.407460163106796,1.177240566761919,0.010696340301020273,1.177240566761919,1.1772891589264549
516,2.4027945426356587,1.1890981764343285,0.010872643861930834,1.1890981764343285,1.1891478829750293
517,2.3981469709864602,1.2010988494227011,0.011052302241332124,1.2010988494227011,1.2011496990256336
518,2.3935173436293433,1.2132448733668397,0.011235392331711277,1.2132448733668397,1.2132968955666896
519,2.388905556840077,1.225538584019831,0.011421993157211957,1.225538584019831,1.2255918092289193
520,2.3843115076923076,1.2379823665220182,0.011612185944023596,1.2379823665220182,1.2380368260604591
521,2.379735094049904,1.250578656715907,0.011806054193487531,1.250578656715907,1.2506343828429562
522,2.3751762145593869,1.2633299425035989,0.012003683758042141,1.2633299425035989,1.2633869684502483
523,2.3706347686424474,1.2762387652482778,0.012205162920132944,1.2762387652482778,1.2762971252511526
524,2.3661106564885492,1.2893077212216228,0.01241058247422068,1.2893077212216228,1.2893674505582353
525,2.361603779047619,1.3025394630987153,0.012620035812028332,1.3025394630987153,1.3026005981241473
526,2.3571140380228135,1.3159367015024195,0.012833619011172994,1.3159367015024195,1.3159992796874898
527,2.3526413358633773,1.3295022065991362,0.013051430927338747,1.3295022065991362,1.329566266570126
528,2.3481855757575758,1.3432388097479198,0.013273573290151369,1.3432388097479198,1.3433043913279286
529,2.3437466616257088,1.3571494052051531,0.013500150802928493,1.3571494052051531,1.3572165494571611
530,2.3393244981132075,1.3712369518868455,0.013731271246483653,1.3712369518868455,1.3713057011585605
531,2.3349189905838039,1.3855044751910155,0.013967045587174483,1.3855044751910155,1.3855748731615936
532,2.3305300451127819,1.3999550688824542,0.014207588089395529,1.3999550688824542,1.4000271606111772
533,2.3261575684803,1.4145918970425404,0.01445301643272601,1.4145918970425404,1.4146657290195512
534,2.3218014681647938,1.4294181960864996,0.01470345183395335,1.4294181960864996,1.4294938162856867
535,2.3174616523364486,1.4444372768512639,0.014959019174208034,1.4444372768512639,1.4445147347854048
536,2.3131380298507462,1.4596525267564773,0.01521984713145548,1.4596525267564773,1.4597318735347506
537,2.3088305102420854,1.4750674120417928,0.015486068318605294,1.4750674120417928,1.4751487004297705
538,2.3045390037174718,1.4906854800838603,0.015757819427512754,1.4906854800838603,1.4907687645661076
539,2.3002634211502779,1.506510361796022,0.016035241379161597,1.506510361796022,1.5065956986414335
540,2.2960036740740741,1.5225457741144943,0.016318479480334734,1.5225457741144943,1.5226332214444998
541,2.2917596746765247,1.5387955225745111,0.016607683587096946,1.5387955225745111,1.5388851404342989
542,2.287531335793358,1.5552635039804583,0.016903008275428358,1.5552635039804583,1.5553553544133676
543,2.2833185709023938,1.5719537091739588,0.017204613019373247,1.5719537091739588,1.5720478562992011
544,2.2791212941176471,1.5888702259041079,0.017512662377083078,1.5888702259041079,1.5889667359979895
545,2.274939420183486,1.6060172418045773,0.017827326185159413,1.6060172418045773,1.6061161833854032
546,2.2707728644688645,1.6233990474819171,0.018148779761722543,1.6233990474819171,1.6235004913987661
547,2.2666215429616088,1.6410200397203134,0.018477204118659551,1.6410200397203134,1.6411240592458884
548,2.2624853722627734,1.6588847248078809,0.018812786183529738,1.6588847248078809,1.6589913957356459
549,2.2583642695810564,1.6769977219898058,0.019155719031635508,1.6769977219898058,1.67710712273564
550,2.2542581527272727,1.6953637670544044,0.019506202128796786,1.6953637670544044,1.6954759787630109
551,2.2501669401088926,1.7139877160578263,0.019864441585397449,1.7139877160578263,1.7141028227141519
552,2.2460905507246376,1.7328745491938937,0.020230650422311224,1.7328745491938937,1.732992637739829
553,2.2420289041591319,1.7520293748159164,0.020605048849346712,1.7520293748159164,1.7521505352725648
554,2.2379819205776172,1.7714574336172455,0.020987864556894005,1.7714574336172455,1.7715817592130645
555,2.2339495207207207,1.7911641029783594,0.021379333021494772,1.7911641029783594,1.7912916902834988
556,2.2299316258992805,1.8111549014879618,0.021779697826106552,1.8111549014879618,1.8112858505551424
557,2.2259281579892281,1.8314354936468251,0.022189210995877326,1.8314354936468251,1.8315699081591206
558,2.2219390394265233,1.8520116947626053,0.022608133350297613,1.8520116947626053,1.8521496821885219
559,2.2179641932021466,1.8728894760452932,0.023036734872657574,1.8728894760452932,1.873031147801554
560,2.2140035428571427,1.8940749699127886,0.02347529509778843,1.8940749699127886,1.8942204415352664
561,2.2100570124777184,1.9155744755170074,0.023924103519140504,1.9155744755170074,1.9157238668402741
562,2.2061245266903913,1.9373944645013097,0.024383460016309533,1.9373944645013097,1.9375478998473001
563,2.2022060106571932,1.9595415870008432,0.024853675304202551,1.9595415870008432,1.9596991953771654
564,2.1983013900709216,1.9820226778979295,0.025335071405110883,1.9820226778979295,1.98218459320639
565,2.1944105911504423,2.0048447633453499,0.02582798214504399,2.0048447633453499,2.0050111246012965
566,2.1905335406360424,2.0280150675711672,0.026332753675766603,2.0280150675711672,2.0281860191342989
567,2.1866701657848324,2.0515410199796129,0.026849745024082786,2.0515410199796129,2.0517167117969404
568,2.182820394366197,2.0754302625631365,0.027379328670014531,2.0754302625631365,2.0756108504248361
569,2.1789841546572934,2.0996906576421157,0.027921891155634863,2.0996906576421157,2.0998763034510599
570,2.1751613754385963,2.1243302959491244,0.028477833726442726,2.1243302959491244,2.1245211680049332
571,2.1713519859894919,2.149357505076309,0.029047573007292216,2.149357505076309,2.1495537783748211
572,2.167555916083916,2.1747808583050237,0.029631541715038408,2.1747808583050237,2.1749827148541541
573,2.1637730959860382,2.2006091838384458,0.030230189410211078,2.2006091838384458,2.20081681299146
574,2.1600034564459927,2.2268515744589692,0.030843983290197496,2.2268515744589692,2.2270651732662867
575,2.1562469286956518,2.2535173976336678,0.031473409026592639,2.2535173976336678,2.2537371712143752
576,2.1525034444444442,2.280616306092651,0.032118971649572003,2.280616306092651,2.2808424680270041
577,2.1487729358752166,2.3081582489064392,0.03278119648235317,2.3081582489064392,2.3083910216507197
578,2.1450553356401381,2.3361534830906301,0.033460630129038896,2.3361534830906301,2.3363930984158281
579,2.1413505768566492,2.3646125857675457,0.034157841519383864,2.3646125857675457,2.3648592852234449
580,2.1376585931034482,2.3935464669168871,0.034873423014296495,2.3935464669168871,2.3938005023232507
581,2.133979318416523,2.4229663827492329,0.035607991576175557,2.4229663827492329,2.4232280167159246
582,2.1303126872852234,2.4528839497386512,0.036362190008504061,2.4528839497386512,2.453153456216651
583,2.1266586346483702,2.4833111593533088,0.037136688269462717,2.4833111593533088,2.4835888242187547
584,2.1230170958904107,2.5142603935251877,0.03793218486470068,2.5142603935251877,2.514546515198723
585,2.1193880068376068,2.545744440903376,0.038749408324814882,2.545744440903376,2.5460393310072735
586,2.1157713037542663,2.577776513938244,0.039589118773527276,2.577776513938244,2.5780804979939766
587,2.1121669233390117,2.6103702668468269,0.040452109593041352,2.6103702668468269,2.6106836850159576
588,2.1085748027210882,2.6435398145143019,0.041339209193581791,2.6435398145143019,2.6438630223858159
589,2.1049948794567062,2.6772997523891418,0.042251282894713624,2.6772997523891418,2.677633121816581
590,2.1014270915254234,2.7116651774345994,0.043189234926650527,2.7116651774345994,2.7120090974266597
591,2.0978713773265651,2.7466517102035395,0.044154010560477339,2.7466517102035395,2.7470065878720793
592,2.0943276756756757,2.7822755181084808,0.045146598376952576,2.7822755181084808,2.7826417796782299
593,2.0907959258010118,2.818553339963942,0.046168032684399757,2.818553339963942,2.8189314318485721
594,2.087276067340067,2.8555025118846755,0.047219396097108818,2.8555025118846755,2.8558929018342876
595,2.0837680403361345,2.8931409946289302,0.048301822286664617,2.8931409946289302,2.8935441729544564
596,2.0802717852348991,2.9314874024833184,0.049416498919737192,2.9314874024833184,2.9319038833638253
597,2.0767872428810721,2.9705610337930706,0.050564670797065669,2.9705610337930706,2.9709913566724779
598,2.0733143545150501,3.0103819032501065,0.051747643209721528,3.0103819032501065,3.0108266343304289
599,2.0698530617696158,3.0509707760596205,0.052966785530199165,3.0509707760596205,3.0514305098984713
600,2.0664033066666665,3.0923492041162541,0.054223535057523087,3.0923492041162541,3.0928245653370907
601,2.0629650316139765,3.1345395643313223,0.055519401137347824,3.1345395643313223,3.1350312094556645
602,2.0595381794019931,3.1775650992641475,0.056855969580031571,3.1775650992641475,3.1780737186758992
603,2.0561226932006633,3.2214499602234357,0.05823490740186156,3.2214499602234357,3.2219762802763889
604,2.0527185165562911,3.2662192530189529,0.059657967917060101,3.2662192530189529,3.2667640382996255
605,2.0493255933884296,3.3118990865580278,0.061126996210916301,3.3118990865580278,3.3124631423171591
606,2.0459438679867987,3.3585166245000275,0.062643935027404868,3.3585166245000275,3.3591007992673836
607,2.042573285008237,3.4061001401985802,0.064210831108019673,3.4061001401985802,3.4067053285971731
608,2.0392137894736839,3.4546790751832059,0.065829842022287727,3.4546790751832059,3.45530622096065
609,2.0358653267651885,3.5042841014538091,0.067503243534611124,3.5042841014538091,3.5049342007503679
610,2.0325278426229505,3.5549471878863219,0.069233437556754623,3.5549471878863219,3.5556212927611952
611,2.0292012831423896,3.6067016710753279,0.071022960740516533,3.6067016710753279,3.607400893315007
612,2.0258855947712417,3.6595823309700339,0.072874493770968191,3.6595823309700339,3.6603078462050758
613,2.0225807243066884,3.7136254716929438,0.074790871427223182,3.7136254716929438,3.7143785238523392
614,2.019286618892508,3.7688690079681058,0.076775093485065365,3.7688690079681058,3.7696509141036034
615,2.0160032260162599,3.8253525576276068,0.078830336544062601,3.8253525576276068,3.8261647131439234
616,2.0127304935064934,3.8831175407097458,0.080959966871162442,3.8831175407097458,3.88396142504061
617,2.0094683695299835,3.9422072857146286,0.083167554363307222,3.9422072857146286,3.9430844684891388
618,2.0062168025889968,4.0026671436391581,0.085456887743559251,4.0026671436391581,4.0035792913880535
619,2.0029757415185783,4.0645446104773555,0.087831991118749037,4.0645446104773555,4.0654934939345804
620,1.9997451354838709,4.1278894589429012,0.09029714204198469,4.1278894589429012,4.1288769610043925
621,1.9965249339774556,4.1927538802508018,0.092856891240820305,4.1927538802508018,4.1937820046598828
622,1.9933150868167202,4.2591926368837445,0.095516084191711009,4.2591926368837445,4.2602635177209436
623,1.9901155441412519,4.3272632273701799,0.098279884744037704,4.3272632273701799,4.328379139434932
624,1.9869262564102563,4.3970260642129197,0.10115380102286187,4.3970260642129197,4.3981894343956052
625,1.9837471743999999,4.4685446662354913,0.1041437138692082,4.4685446662354913,4.469758085990799
626,1.9805782492012778,4.5418858667565978,0.10725590811068461,4.5418858667565978,4.5431521058036326
627,1.9774194322169059,4.6171200391665401,0.11049710699436099,4.6171200391665401,4.618442060557582
628,1.9742706751592356,4.6943213416627163,0.11387451015889249,4.6943213416627163,4.6957023183815618
629,1.9711319300476946,4.7735679831128408,0.11739583557495081,4.7735679831128408,4.7750113163855783
630,1.968003149206349,4.8549425122509877,0.12106936594328258,4.8549425122509877,4.8564518517773694
631,1.9648842852614896,4.9385321326850242,0.12490400010967889,4.9385321326850242,4.9401113990279502
632,1.9617752911392403,5.0244290465046308,0.1289093101375044,5.0244290465046308,5.0260824559093296
633,1.958676120063191,5.1127308296346943,0.13309560477336357,5.1127308296346943,5.1144629215888404
634,1.9555867255520503,5.2035408424891081,0.1374740001524708,5.2035408424891081,5.2053565103814146
635,1.9525070614173228,5.2969686799493374,0.14205649872046883,5.2969686799493374,5.2988732052383503
636,1.9494370817610061,5.3931306652364253,0.1468560775015294,5.3931306652364253,5.3951297556048292
637,1.9463767409733124,5.4921503928723077,0.15188678702310254,5.4921503928723077,5.4942502249169225
638,1.9433259937304075,5.594159326656083,0.15716386242134051,5.594159326656083,5.5963665937520961
639,1.9402847949921751,5.699297459427191,0.16270384850470826,5.699297459427191,5.7016194255098682
640,1.9372531,5.807714042376503,0.16852474085523983,5.807714042376503,5.8101586025079852
641,1.9342308642745709,5.9195683928218337,0.17464614540758933,5.9195683928218337,5.9221441415589506
642,1.931218043613707,6.0350307907218106,0.18108945937860177,6.0350307907218106,6.0377470994782776
643,1.928214594090202,6.1542834757978415,0.18787807694072334,6.1542834757978415,6.1571505806073397
644,1.9252204720496893,6.2775217590206491,0.19503762366159699,6.2775217590206491,6.2805508603641824
645,1.9222356341085269,6.4049552644524681,0.2025962244952213,6.4049552644524681,6.4081586411243832
646,1.9192600371517026,6.5368093200950366,0.21058481103962368,6.5368093200950366,6.5402004594600855
647,1.9162936383307572,6.6733265195669702,0.21903747491337777,6.6733265195669702,6.6769202670222327
648,1.9133363950617284,6.8147684802395041,0.22799187550133931,6.8147684802395041,6.8185812112609216
649,1.9103882650231123,6.9614178280377121,0.23748971204674929,6.9614178280377121,6.9654676468884222
650,1.9074492061538459,7.1135804446495676,0.24757727221033921,7.1135804446495676,7.1178874146909523
651,1.9045191766513057,7.2715880196054457,0.25830607189201471,7.2715880196054457,7.276174431227286
652,1.9015981349693249,7.4358009578875848,0.26973360446726435,7.4358009578875848,7.4406916414202264
653,1.8986860398162326,7.6066117037796861,0.28192422182711097,7.6066117037796861,7.6118343964468203
654,1.895782850152905,7.7844485540500514,0.29495017499075626,7.7844485540500514,7.7900343321694692
655,1.8928885251908396,7.9697800489053954,0.30889284893707369,7.9697800489053954,7.9757638392855474
656,1.8900030243902437,8.1631200482715727,0.32384423515142757,8.1631200482715727,8.16954123627111
657,1.887126307458143,8.3650336249245925,0.33990869685646774,8.3650336249245925,8.371936781194524
658,1.8842583343465045,8.5761439362329597,0.35720509688039714,8.5761439362329597,8.5835796900956591
659,1.8813990652503791,8.7971402746717544,0.37586937784819352,8.7971402746717544,8.8051663698907952
660,1.8785484606060605,9.028787546385292,0.39605771058906747,9.028787546385292,9.0374701254211196
661,1.8757064810892585,9.2719374903634986,0.41795036178194955,9.2719374903634986,9.2813526670481519
662,1.8728730876132929,9.527542032995644,0.44175647940858143,9.527542032995644,9.5377778322625133
663,1.8700482413273001,9.796669280419664,0.46772005961599972,9.796669280419664,9.8078280492719472
664,1.8672319036144578,10.08052279332977,0.49612744853479862,10.08052279332977,10.09272422252935
665,1.8644240360902253,10.380464978628599,0.52731685849944587,10.380464978628599,10.393849923959483
666,1.8616246006006005,10.698045687885131,0.56169055663193834,10.698045687885131,10.712781049824883
667,1.8588335592203897,11.035037460494713,0.59973064041281687,11.035037460494713,11.051322481747222
668,1.856050874251497,11.393479328415307,0.64201968947714305,11.393479328415307,11.411553815703767
669,1.8532765082212255,11.77573176655088,0.6892681386388817,11.77573176655088,11.795886961339457
670,1.8505104238805969,12.184546313799483,0.74235105643928967,12.184546313799483,12.207139466890721
671,1.8477525842026825,12.623154734064691,0.80235830579728917,12.623154734064691,12.64862894906091
672,1.8450029523809524,13.095384532761358,0.8706640958419658,13.095384532761358,13.124296248891737
673,1.8422614918276372,13.605810500093636,0.94902520632389975,13.605810500093636,13.638868289073562
674,1.8395281661721068,14.159956197121911,1.0397225721095382,14.159956197121911,14.198076719449196
675,1.8368029392592591,14.764565681692464,1.1457701055488574,14.764565681692464,14.808956374565371
676,1.8340857751479289,15.427975435781065,1.2712307623054415,15.427975435781065,15.480260130181779
677,1.8313766381093057,16.160631077169768,1.4217091789830363,16.160631077169768,16.223046995000349
678,1.8286754926253685,16.975815101062558,1.605145672788904,16.975815101062558,17.051533390763911
679,1.8259823033873341,17.890681724352405,1.8331460087767204,17.890681724352405,17.984351999768329
680,1.8232970352941176,18.927726328145269,2.1233087087076248,18.927726328145269,19.046450163367378
681,1.8206196534508075,20.11680692927839,2.5035081599573781,20.11680692927839,20.271987424444504
682,1.8179501231671553,21.497581718956937,3.0202309207547415,21.497581718956937,21.708703659544359
683,1.815288409956076,23.120831816206653,3.7557575371587246,23.120831816206653,23.423889056927298
684,1.8126344795321636,25.040547433761368,4.8650141416310699,25.040547433761368,25.508770616804
685,1.8099882978102189,27.259016892170806,6.6500185637143616,27.259016892170806,28.058452359768513
686,1.8073498309037899,29.483878649581079,9.6287072288944522,29.483878649581079,31.016303827551528
687,1.8047190451237263,30.623002044476749,14.07072081526869,30.623002044476749,33.700941210554674
688,1.8020959069767442,29.562274297401075,18.728143747867911,29.562274297401075,34.995305826290249
689,1.7994803831640056,27.07830709947703,22.038173208239442,27.07830709947703,34.912974575792752
690,1.7968724405797101,24.438823876077571,24.016973023548722,24.438823876077571,34.264721006595195
691,1.7942720463096959,22.079385759265008,25.21005967600555,22.079385759265008,33.511884225960728
692,1.7916791676300576,20.033020339942397,25.969640857450216,20.033020339942397,32.798538842538299
693,1.7890937720057718,18.249608728773794,26.478181191951748,18.249608728773794,32.158082933955562
694,1.7865158270893371,16.676285798741453,26.832053950425951,16.676285798741453,31.59205006389859
695,1.7839453007194244,15.270943055234088,27.085858023213341,15.270943055234088,31.094137818081929
696,1.7813821609195402,14.001637023633936,27.273401786387005,14.001637023633936,30.657532261147413
697,1.7788263758967,12.843164496875215,27.418342837678836,12.843164496875215,30.277258763935187
698,1.7762779140401146,11.771299549976096,27.538562078736504,11.771299549976096,29.948888033776672
699,1.7737367439198855,10.759416110478792,27.640035062033697,10.759416110478792,29.660353559404559
700,1.7712028342857142,9.7929638576463205,27.713480094068778,9.7929638576463205,29.392841306030856
701,1.7686761540656204,8.8744437518980455,27.755174194772501,8.8744437518980455,29.139413969532189
702,1.7661566723646722,8.0050302031277027,27.772006388877799,8.0050302031277027,28.902678896892169
703,1.7636443584637267,7.1808292528841537,27.770980814869866,7.1808292528841537,28.684345629261742
704,1.7611391818181816,6.39680722913279,27.756673214575443,6.39680722913279,28.484242146622321
705,1.7586411120567376,5.6483695517283206,27.732058465827393,5.6483695517283206,28.301433627026036
706,1.7561501189801698,4.9315713489901061,27.699228435832339,4.9315713489901061,28.134812100147446
707,1.753666172560113,4.2430638933476299,27.65973660474333,4.2430638933476299,27.983291805054105
708,1.7511892429378531,3.5799911741314432,27.614823420471133,3.5799911741314432,27.845911896554224
709,1.748719300423131,2.9398761999716303,27.565509016974161,2.9398761999716303,27.721835426898476
710,1.7462563154929576,2.3205632177575524,27.512669048297298,2.3205632177575524,27.610359863803758
711,1.743800258790436,1.7201344324493855,27.457080507598214,1.7201344324493855,27.510909335505939
712,1.7413511011235954,1.1368744264615414,27.399442550399165,1.1368744264615414,27.423018352000685
713,1.7389088134642354,0.56921756348656283,27.340409767299441,0.56921756348656283,27.346334578484637
714,1.7364733669467787,0.015716056155124614,27.280593319329846,0.015716056155124614,27.28059784625486
715,1.7340447328671327,-0.52499326236873345,27.220583055708623,0.52499326236873345,27.2256452599064
716,1.7316228826815641,-1.0542220275667697,27.160941955363988,1.0542220275667697,27.181393488672704
717,1.7292077880055787,-1.5732570912584034,27.10221457885909,1.5732570912584034,27.147839194928885
718,1.7267994206128132,-2.0833969901816412,27.044912804701127,2.0833969901816412,27.125041043887563
719,1.724397752433936,-2.5859831940276155,26.989501817577882,2.5859831940276155,27.113106008733727
720,1.7220027555555555,-3.0824437741215354,26.936355325769178,3.0824437741215354,27.112150373157679
721,1.71961440221914,-3.5743332547882369,26.885678203428974,3.5743332547882369,27.122233511910867
722,1.7172326648199445,-4.0633655761188132,26.837341185936211,4.0633655761188132,27.143209495848783
723,1.7148575159059474,-4.5513664669880596,26.7905554158434,4.5513664669880596,27.17441436730881
724,1.7124889281767954,-5.0398883768318949,26.7432386355527,5.0398883768318949,27.213990658649163
725,1.7101268744827585,-5.5285720012779471,26.691204302348368,5.5285720012779471,27.257760280019607
726,1.7077713278236912,-6.0107264352882606,26.629854593310192,6.0107264352882606,27.299779998027773
727,1.7054222613480055,-6.4728391677458603,26.565049439118368,6.4728391677458603,27.342265791157619
728,1.7030796483516482,-6.9127009193577553,26.517073318557557,6.9127009193577553,27.40329562994653
729,1.7007434622770918,-7.3462720520551716,26.499039125564664,7.3462720520551716,27.498487006397529
730,1.6984136767123286,-7.7885427529231155,26.508894587179327,7.7885427529231155,27.629384547041518
731,1.6960902653898768,-8.2466674077703743,26.541612369948169,8.2466674077703743,27.793249369783442
732,1.6937732021857923,-8.7248171943401527,26.594085179118203,8.7248171943401527,27.988708465894742
733,1.6914624611186901,-9.2270267692352057,26.664565023989283,9.2270267692352057,28.215900675306038
734,1.6891580163487738,-9.7580983148108018,26.751616281582763,9.7580983148108018,28.475769636632428
735,1.6868598421768706,-10.323866686660445,26.853170077495598,10.323866686660445,28.769340739315563
736,1.6845679130434781,-10.93107668577133,26.965338528264304,10.93107668577133,29.096699459803148
737,1.6822822035278153,-11.586210539195889,27.080570579986862,11.586210539195889,29.455009380345206
738,1.6800026883468833,-12.290791734440198,27.185796816763805,12.290791734440198,29.835065108387958
739,1.677729342354533,-13.030277063026407,27.268542318500884,13.030277063026407,30.221871558775206
740,1.6754621405405403,-13.777185733247219,27.345096852751716,13.777185733247219,30.61968596531915
741,1.6732010580296894,-14.537807586569379,27.464403050774578,14.537807586569379,31.074769256738016
742,1.6709460700808625,-15.364851906490266,27.654112155018851,15.364851906490266,31.635875097596699
743,1.6686971520861371,-16.311854231370578,27.902992424361038,16.311854231370578,32.321101074985542
744,1.6664542795698924,-17.418908421680698,28.189223884756053,17.418908421680698,33.136848278431671
745,1.6642174281879194,-18.727073224430065,28.490052043387763,18.727073224430065,34.093787366441248
746,1.6619865737265413,-20.289737913899557,28.775696386322579,20.289737913899557,35.209574935414253
747,1.6597616921017402,-22.181052638389588,28.996290328015739,22.181052638389588,36.507313636223479
748,1.6575427593582885,-24.503204781941626,29.056396402521266,24.503204781941626,38.008962317935193
749,1.6553297516688918,-27.383198370511565,28.760746967075228,27.383198370511565,39.711712618608054
750,1.6531226453333332,-30.910291842887887,27.706157304533569,30.910291842887887,41.509966205672349
751,1.6509214167776296,-34.847405604608511,25.16705680267971,34.847405604608511,42.985141915334047
752,1.6487260425531913,-37.986783451309222,20.519487398160877,37.986783451309222,43.174588360052063
753,1.6465364993359892,-38.623161935929431,14.810023678939288,38.623161935929431,41.365268514779046
754,1.6443527639257294,-37.041666573761148,10.141414731138433,37.041666573761148,38.404861089589239
755,1.6421748132450329,-34.731209559530683,7.0434828289965452,34.731209559530683,35.438221849161749
756,1.6400026243386243,-32.48071898112272,5.0537952400712332,32.48071898112272,32.871537108252667
757,1.6378361743725229,-30.494403809394953,3.7311865961439281,30.494403809394953,30.721823140980508
758,1.6356754406332452,-28.779826096087049,2.809884088809893,28.779826096087049,28.916670602155431
759,1.6335204005270092,-27.298885940820647,2.1397301349777669,27.298885940820647,27.382615263346686
760,1.6313710315789474,-26.010114731322147,1.6339646189582426,26.010114731322147,26.061387313659047
761,1.6292273114323257,-24.87834366013599,1.240265698535425,24.87834366013599,24.909240098300714
762,1.6270892178477689,-23.875629139985328,0.92560774746371699,23.875629139985328,23.893564332938723
763,1.62495672870249,-22.980145218874554,0.66818172353127903,22.980145218874554,22.989857352672381
764,1.6228298219895287,-22.1748367810074,0.45287569293597674,22.1748367810074,22.179460828829246
765,1.6207084758169934,-21.446215973729863,0.26856042758694931,21.446215973729863,21.447897432968382
766,1.6185926684073106,-20.78319457686861,0.10628322957959968,20.78319457686861,20.783466336125713
767,1.6164823780964797,-20.175466254370036,-0.041878117523548752,20.175466254370036,20.175509717426014
768,1.6143775833333331,-19.61101941126109,-0.18205225869631869,19.61101941126109,19.611864403308417
769,1.6122782626788035,-19.076557359050732,-0.31362358570119131,19.076557359050732,19.079135211708646
770,1.6101843948051946,-18.566599698081511,-0.42914724560726114,18.566599698081511,18.571558677375808
771,1.6080959584954604,-18.084116730523753,-0.5260073482869867,18.084116730523753,18.091765023171757
772,1.606012932642487,-17.630730605399485,-0.60753508182736349,17.630730605399485,17.641194986616441
773,1.6039352962483828,-17.205087407668636,-0.67755941707587142,17.205087407668636,17.218423838121364
774,1.6018630284237725,-16.804785628062447,-0.73880619855094509,16.804785628062447,16.821018239219391
775,1.5997961083870966,-16.427367826682143,-0.79310324319007452,16.427367826682143,16.446501952314062
776,1.5977345154639173,-16.070603006778164,-0.84171700577920772,16.070603006778164,16.092630876251565
777,1.595678229086229,-15.732529324762044,-0.88556730367833081,15.732529324762044,15.757433433267035
778,1.5936272287917737,-15.411432188445591,-0.9253504459532037,15.411432188445591,15.439187658257238
779,1.5915814942233633,-15.105809839792293,-0.9616109735038274,15.105809839792293,15.136386179677389
780,1.5895410051282051,-14.814340562997582,-0.99478536661400008,14.814340562997582,14.847702995484012
781,1.5875057413572342,-14.535854731356707,-1.02522998827862,14.535854731356707,14.571965183185517
782,1.5854756828644501,-14.269311784698097,-1.0532398531179268,14.269311784698097,14.308129612116318
783,1.5834508097062578,-14.013781342400904,-1.0790618436433628,14.013781342400904,14.055263852913992
784,1.5814311020408163,-13.768427594527491,-1.1029043320952538,13.768427594527491,13.812530412328533
785,1.5794165401273885,-13.532496358502108,-1.124944349161362,13.532496358502108,13.579173667111814
786,1.5774071043256996,-13.305304305571294,-1.1453331365488637,13.305304305571294,13.354509000990298
787,1.5754027750952986,-13.086229804335296,-1.1642006061253349,13.086229804335296,13.137913591707628
788,1.5734035329949236,-12.874705026536578,-1.1816589057847189,12.874705026536578,12.928818480044747
789,1.5714093586818756,-12.670209123340939,-1.1978053685894061,12.670209123340939,12.72670173022899
790,1.5694202329113922,-12.472262118574697,-1.2127250365780291,12.472262118574697,12.531082330300787
791,1.5674361365360303,-12.280419323145562,-1.2264927437643922,12.280419323145562,12.341514623529545
792,1.5654570505050505,-12.094266135938962,-1.2391748696467104,12.094266135938962,12.157583136647016
793,1.5634829558638081,-11.913412979590611,-1.2508307689315545,11.913412979590611,11.978897546718727
794,1.5615138337531485,-11.737490243257042,-1.2615138021165455,11.737490243257042,11.805087644040801
795,1.559549665408805,-11.56614305520316,-1.2712719570352102,11.56614305520316,11.635798105938777
796,1.5575904321608038,-11.399025655861866,-1.2801479131685756,11.399025655861866,11.470682829831313
797,1.5556361154328731,-11.235795161407779,-1.2881783873241281,11.235795161407779,11.309398589964164
798,1.5536866967418546,-11.076104351532184,-1.2953924841410969,11.076104351532184,11.151597611732564
799,1.5517421576971213,-10.919593033518229,-1.3018085655339147,10.919593033518229,10.996918548346047
800,1.5498024799999999,-10.765877290047708,-1.3074288392327214,10.765877290047708,10.84497505732597
801,1.5478676454431959,-10.614535642069942,-1.3122301808991332,10.614535642069942,10.69534080543653
802,1.5459376359102244,-10.465090781158185,-1.3161484890832693,10.465090781158185,10.547529184752143
803,1.5440124333748442,-10.316985214759821,-1.3190514169265233,10.316985214759821,10.400965366833438
804,1.5420920199004975,-10.169549450590441,-1.3206894976066279,10.169549450590441,10.254947916839598
805,1.5401763776397515,-10.021964166833762,-1.3206058843591839,10.021964166833762,10.108598600355245
806,1.5382654888337468,-9.8732297960044271,-1.3179654811244441,9.8732297960044271,9.9608081807725437
807,1.5363593358116481,-9.7222001022026348,-1.3112294013479184,9.7222001022026348,9.810224124362712
808,1.5344579009900989,-9.5678790587893623,-1.2975654860590997,9.5678790587893623,9.6554640424078944
809,1.5325611668726822,-9.4105836474256961,-1.272027394369009,9.4105836474256961,9.4961643981778838
810,1.5306691160493826,-9.2551518730311386,-1.2277458382444935,9.2551518730311386,9.3362302904436998
811,1.5287817311960541,-9.1148864527098645,-1.1618261746811722,9.1148864527098645,9.1886340174134755
812,1.5268989950738916,-9.0039307346352366,-1.0865695911324056,9.0039307346352366,9.0692558763375217
813,1.5250208905289051,-8.9189877013097068,-1.0214871508291421,8.9189877013097068,8.9772923320688882
814,1.5231474004914003,-8.8458308199035294,-0.97319084325508765,8.8458308199035294,8.8992035212006861
815,1.52127850797546,-8.7750198908546651,-0.93819389416744248,8.7750198908546651,8.825031550535563
816,1.5194141960784313,-8.7029766327068145,-0.91179954584431433,8.7029766327068145,8.7506103033584317
817,1.5175544479804159,-8.6287466661424297,-0.89066581064641714,8.6287466661424297,8.674592475426067
818,1.5156992469437651,-8.5522110252224799,-0.87265750029777167,8.5522110252224799,8.5966182032682408
819,1.5138485763125762,-8.4734248418471765,-0.85637477003116491,8.4734248418471765,8.5165900627644859
820,1.5120024195121951,-8.3924004938862176,-0.84081333848521655,8.3924004938862176,8.4344148060168518
821,1.510160760048721,-8.3090401658708544,-0.82514676705887413,8.3090401658708544,8.3499111172061493
822,1.5083235815085156,-8.2231152743372711,-0.80857195289583306,8.2231152743372711,8.2627727439430831
823,1.5064908675577156,-8.1342617802512898,-0.79016979764290218,8.1342617802512898,8.1725505822089524
824,1.5046626019417475,-8.0419914630939076,-0.76873867314527544,8.0419914630939076,8.078650001087091
825,1.5028387684848483,-7.9457490346619544,-0.7425507742894748,7.9457490346619544,7.9803702529537617
826,1.5010193510895882,-7.8451103169902616,-0.70896491500435199,7.8451103169902616,7.8770798609925352
827,1.4992043337363965,-7.7403905092863639,-0.66384889408003811,7.7403905092863639,7.7688056089994753
828,1.4973937004830917,-7.6343198924149576,-0.60107007091792386,7.6343198924149576,7.6579452498614797
829,1.4955874354644147,-7.5356586348658254,-0.51380327204922471,7.5356586348658254,7.5531546299275751
830,1.4937855228915662,-7.462001322814654,-0.40232900236788077,7.462001322814654,7.472839645531943
831,1.4919879470517448,-7.4287113171530628,-0.28508522895381821,7.4287113171530628,7.4341795392205618
832,1.4901946923076923,-7.4291579278455799,-0.18680411100145772,7.4291579278455799,7.4315061254605643
833,1.4884057430972388,-7.4439912934764365,-0.11543508374146152,7.4439912934764365,7.4448862742093906
834,1.4866210839328535,-7.4602138173720896,-0.065836667703394747,7.4602138173720896,7.4605043172511962
835,1.4848406994011976,-7.4728642235725253,-0.031071972447359042,7.4728642235725253,7.4729288215144907
836,1.4830645741626793,-7.480851732350402,-0.0060792117138390167,7.480851732350402,7.4808542024440685
837,1.4812926929510155,-7.4844352660746765,0.012382377014992785,7.4844352660746765,7.4844455088752468
838,1.4795250405727922,-7.4842313431402978,0.026352614129347363,7.4842313431402978,7.4842777378926204
839,1.4777616019070321,-7.4808790157401681,0.037139056989687114,7.4808790157401681,7.4809712041750078
840,1.4760023619047618,-7.4749423189265656,0.045604071706471017,7.4749423189265656,7.4750814311708655
841,1.474247305588585,-7.4668930464898224,0.052333665423139941,7.4668930464898224,7.467076441302491
842,1.4724964180522564,-7.4571184755229432,0.057737449887844072,7.4571184755229432,7.4573419910250305
843,1.4707496844602608,-7.4459350193352272,0.062109167286601985,7.4459350193352272,7.4461940520526131
844,1.4690070900473933,-7.4336016004748195,0.065664341043361496,7.4336016004748195,7.4338916161231774
845,1.4672686201183431,-7.4203310255660284,0.068564348299051447,7.4203310255660284,7.4206477883561801
846,1.4655342600472812,-7.406299169028788,0.07093221903425817,7.406299169028788,7.4066388301883359
847,1.4638039952774498,-7.391652237328362,0.072863260379612327,7.391652237328362,7.3920113536380967
848,1.4620778113207547,-7.3765124774427484,0.074432362163680266,7.3765124774427484,7.3768879960594367
849,1.4603556937573614,-7.3609826640108018,0.075699123674178637,7.3609826640108018,7.3613718923304372
850,1.458637628235294,-7.3451496398175493,0.076711518761296393,7.3451496398175493,7.3455502100538768
851,1.4569236004700352,-7.3290871249609886,0.077508560662024217,7.3290871249609886,7.3294969583351914
852,1.4552135962441313,-7.3128579601814607,0.078122269654359811,7.3128579601814607,7.3132752330816393
853,1.4535076014067994,-7.2965159105468764,0.078579146567533509,7.2965159105468764,7.2969390236686911
854,1.4518056018735361,-7.2801071256237364,0.078901290595964235,7.2801071256237364,7.2805346763967282
855,1.4501075836257309,-7.2636713295259305,0.079107257404375603,7.2636713295259305,7.2641020877704525
856,1.4484135327102803,-7.2472427971422064,0.079212725101393683,7.2472427971422064,7.2476756837311358
857,1.4467234352392064,-7.2308511599555949,0.079231016338582927,7.2308511599555949,7.2312852281860103
858,1.4450372773892772,-7.2145220751552053,0.079173511451807399,7.2145220751552053,7.2149564945200719
859,1.4433550454016297,-7.1982777843564492,0.079049978221720968,7.1982777843564492,7.1987118264184211
860,1.4416767255813951,-7.1821375826221043,0.078868837202890674,7.1821375826221043,7.1825706087162571
861,1.4400023042973287,-7.1661182141608073,0.078637376811789506,7.1661182141608073,7.1665496646823783
862,1.4383317679814385,-7.1502342077394623,0.078361928905456596,7.1502342077394623,7.150663592802375
863,1.4366651031286211,-7.1344981622602432,0.078048013044017678,7.1344981622602432,7.1349250535401501
864,1.4350022962962963,-7.1189209909221915,0.077700455745939312,7.1189209909221915,7.1193450145231569
865,1.4333433341040462,-7.103512130797192,0.077323489634895826,7.103512130797192,7.1039329610035153
866,1.4316882032332563,-7.0882797233831987,0.076920836311014262,7.0882797233831987,7.0886970771774536
867,1.4300368904267589,-7.0732307706987285,0.076495775967525659,7.0732307706987285,7.0736444029439456
868,1.4283893824884792,-7.0583712706711896,0.076051206150190065,7.0583712706711896,7.0587809698696073
869,1.426745666283084,-7.0437063349308637,0.075589691574354301,7.0437063349308637,7.0441119194840658
870,1.4251057287356321,-7.0292402915927283,0.075113506538548619,7.0292402915927283,7.0296416064985232
871,1.4234695568312283,-7.0149767751858292,0.07462467117850699,7.0149767751858292,7.0153736891162879
872,1.4218371376146788,-7.0009188055381717,0.074124982572851578,7.0009188055381717,7.0013112082508844
873,1.4202084581901488,-6.9870688571432957,0.07361604152637638,6.9870688571432957,6.9874566571844818
874,1.4185835057208236,-6.9734289202940882,0.073099275709371275,6.9734289202940882,6.9738120429577961
875,1.4169622674285713,-6.9600005550769364,0.072575959712621069,6.9600005550769364,6.960378940589333
876,1.4153447305936071,-6.946784939157256,0.07204723248193956,6.946784939157256,6.9471585410590988
877,1.4137308825541619,-6.9337829101480111,0.071514112518167472,6.9337829101480111,6.9341516938519518
878,1.4121207107061502,-6.9209950032451779,0.070977511165357332,6.9209950032451779,6.9213589447474799
879,1.4105142025028441,-6.9084214847124983,0.070438244257798821,6.9084214847124983,6.908780569441423
880,1.4089113454545454,-6.8960623817200197,0.069897042353788935,6.8960623817200197,6.8964166035053163
881,1.4073121271282631,-6.8839175089732993,0.069354559748895483,6.8839175089732993,6.8842668691231834
882,1.4057165351473921,-6.8719864925108354,0.068811382432011042,6.8719864925108354,6.8723309989845207
883,1.404124557191393,-6.8602687909964324,0.068268035123259213,6.8602687909964324,6.8606084576616997
884,1.4025361809954751,-6.8487637147951563,0.067724987512386148,6.8487637147951563,6.8490985607617221
885,1.4009513943502825,-6.8374704430796349,0.067182659799250782,6.8374704430796349,6.8378004921001709
886,1.3993701851015801,-6.8263880391878384,0.066641427623559679,6.8263880391878384,6.8267133191194196
887,1.3977925411499434,-6.8155154644224503,0.066101626458990981,6.8155154644224503,6.8158360067420993
888,1.3962184504504505,-6.8048515904603786,0.065563555536520851,6.8048515904603786,6.8051674298290221
889,1.3946479010123733,-6.7943952105225005,0.065027481352998906,6.7943952105225005,6.7947063843923523
890,1.3930808808988764,-6.7841450494320981,0.064493640813734127,6.7841450494320981,6.7844515976930264
891,1.3915173782267114,-6.7740997726790511,0.063962244051317452,6.7740997726790511,6.7744017373399439
892,1.3899573811659192,-6.7642579945932102,0.063433476957714091,6.7642579945932102,6.7645554194948465
893,1.3884008779395296,-6.7546182857161146,0.062907503461696906,6.7546182857161146,6.7549112162723715
894,1.3868478568232661,-6.7451791794526965,0.062384467579995467,6.7451791794526965,6.7454676624172913
895,1.3852983061452513,-6.7359391780754052,0.061864495266819808,6.7359391780754052,6.7362232613316628
896,1.3837522142857142,-6.7268967581446795,0.061347696083556363,6.7268967581446795,6.7271764905160731
897,1.3822095696767001,-6.7180503754021963,0.060834164707787963,6.7180503754021963,6.7183258064816469
898,1.3806703608017816,-6.7093984691882618,0.060323982298570167,6.7093984691882618,6.7096696491843879
899,1.379134576195773,-6.7009394664313646,0.05981721773287943,6.7009394664313646,6.7012064460300556
900,1.3776022044444443,-6.6926717852475885,0.059313928726471427,6.6926717852475885,6.6929346154874487
901,1.3760732341842397,-6.6845938381887073,0.058814162850910318,6.6845938381887073,6.6848525703490491
902,1.3745476541019954,-6.6767040351726941,0.058317958457154151,6.6767040351726941,6.6769587206729044
903,1.3730254529346622,-6.6690007861240215,0.057825345515006149,6.6690007861240215,6.6692514764332245
904,1.3715066194690264,-6.6614825033536569,0.057336346376656216,6.6614825033536569,6.6617292499097198
905,1.3699911425414364,-6.6541476037003342,0.056850976471733233,6.6541476037003342,6.6543904578373443
906,1.3684790110375276,-6.6469945104560946,0.056369244940423696,6.6469945104560946,6.6472335233395103
907,1.3669702138919513,-6.6400216550968967,0.0558911552105332,6.6400216550968967,6.6402568776656894
908,1.3654647400881057,-6.6332274788333674,0.055416705523851278,6.6332274788333674,6.6334589617484783
909,1.3639625786578657,-6.6266104340008116,0.054945889416454674,6.6266104340008116,6.6268382275993574
910,1.3624637186813187,-6.620168985301456,0.054478696157279349,6.620168985301456,6.620393139556163
911,1.3609681492864982,-6.6139016109119133,0.054015111148770473,6.6139016109119133,6.6141221753952832
912,1.3594758596491228,-6.6078068034696198,0.053555116293031252,6.6078068034696198,6.6080238273223983
913,1.3579868389923329,-6.601883070947741,0.053098690326616321,6.601883070947741,6.6020966028513071
914,1.3565010765864332,-6.5961289374282899,0.052645809126744991,6.5961289374282899,6.5963390255805887
915,1.3550185617486339,-6.5905429437839445,0.052196445991467527,6.5905429437839445,6.5907496358786437
916,1.3535392838427946,-6.5851236482756939,0.051750571896084285,6.5851236482756939,6.5853269914842762
917,1.352063232279171,-6.5798696270737089,0.051308155727897126,6.5798696270737089,6.5800696680302178
918,1.350590396514161,-6.5747794747089863,0.050869164501139541,6.5747794747089863,6.5749762594971868
919,1.3491207660500544,-6.5698518044618464,0.050433563553819796,6.5698518044618464,6.5700453786045747
920,1.3476543304347826,-6.5650852486921512,0.050001316728005216,6.5650852486921512,6.5652756571426467
921,1.346191079261672,-6.5604784591174656,0.049572386534957977,6.5604784591174656,6.5606657462525133
922,1.3447310021691974,-6.5560301070433162,0.049146734306402512,6.5560301070433162,6.5562143166580054
923,1.3432740888407366,-6.5517388835502501,0.048724320333066062,6.5517388835502501,6.5519200588542139
924,1.3418203290043289,-6.5476034996412302,0.048305103991581097,6.5476034996412302,6.5477816832562246
925,1.3403697124324323,-6.543622686353249,0.047889043860690747,6.543622686353249,6.5437979203119339
926,1.3389222289416847,-6.5397951948362163,0.047476097827643851,6.5397951948362163,6.5399675205820245
927,1.3374778683926645,-6.5361197964031863,0.047066223185587536,6.5361197964031863,6.5362892547911757
928,1.336036620689655,-6.5325952825523377,0.046659376722677073,6.5325952825523377,6.5327619138509254
929,1.334598475780409,-6.529220464966615,0.046255514803596243,6.529220464966615,6.5293843088601102
930,1.3331634236559138,-6.5259941754900161,0.045854593444071265,6.5259941754900161,6.5261552710818593
931,1.331731454350161,-6.5229152660849703,0.045456568378975007,6.5229152660849703,6.5230736519016208
932,1.3303025579399141,-6.5199826087716382,0.04506139512450083,6.5199826087716382,6.5201383227670231
933,1.3288767245444801,-6.5171950955512266,0.044669029034897154,6.5171950955512266,6.5173481751117048
934,1.3274539443254818,-6.5145516383156465,0.04427942535419882,6.5145516383156465,6.5147021202654214
935,1.3260342074866309,-6.512051168743012,0.043892539263333613,6.512051168743012,6.5121990893499415
936,1.3246175042735042,-6.5096926381829956,0.043508325922983634,6.5096926381829956,6.5098380331647663
937,1.3232038249733189,-6.5074750175313856,0.043126740512528475,6.5074750175313856,6.5076179220619847
938,1.3217931599147121,-6.5053972970954685,0.042747738265376825,6.5053972970954685,6.5055377458119352
939,1.3203854994675186,-6.5034584864521747,0.042371274500974013,6.5034584864521747,6.5035965134615825
940,1.3189808340425531,-6.5016576142983897,0.041997304653737869,6.5016576142983897,6.5017932531850313
941,1.3175791540913921,-6.4999937282956708,0.041625784299175628,6.4999937282956708,6.5001270121284236
942,1.3161804501061569,-6.4984658949099678,0.041256669177379274,6.4984658949099678,6.4985968562497867
943,1.3147847126193,-6.4970731992458148,0.040889915214122385,6.4970731992458148,6.4972018701533711
944,1.3133919322033898,-6.4958147448779915,0.040525478539742171,6.4958147448779915,6.495941156921389
945,1.3120020994708994,-6.4946896536790213,0.04016331550595921,6.4946896536790213,6.4948138379416047
946,1.3106152050739956,-6.493697065644275,0.03980338270083135,6.493697065644275,6.4938190527324897
947,1.3092312397043293,-6.4928361387156173,0.039445636961947875,6.4928361387156173,6.4929559587669203
948,1.3078501940928269,-6.4921060486024107,0.039090035388021555,6.4921060486024107,6.492223731293203
949,1.3064720590094836,-6.4915059886021549,0.038736535349004009,6.4915059886021549,6.491621563155733
950,1.3050968252631578,-6.4910351694198773,0.038385094494831101,6.4910351694198773,6.4911486646143848
951,1.3037244837013668,-6.4906928189876893,0.038035670762903248,6.4906928189876893,6.4908042631640601
952,1.3023550252100839,-6.4904781822835762,0.037688222384410094,6.4904781822835762,6.4905876033534602
953,1.3009884407135361,-6.4903905211510295,0.037342707889582161,6.4903905211510295,6.4904979466046866
954,1.2996247211740042,-6.4904291141188555,0.036999086111951435,6.4904291141188555,6.4905345710330202
955,1.298263857591623,-6.4905932562220841,0.036657316191706854,6.4905932562220841,6.4906967712677783
956,1.296905841004184,-6.4908822588235857,0.036317357578206755,6.4908822588235857,6.4909838582738928
957,1.2955506624869382,-6.4912954494368496,0.035979170031720034,6.4912954494368496,6.4913951591746226
958,1.2941983131524006,-6.4918321715508203,0.035642713624462349,6.4918321715508203,6.491930017076335
959,1.2928487841501564,-6.4924917844554493,0.035307948740966835,6.4924917844554493,6.4925877908939977
960,1.2915020666666666,-6.4932736630695587,0.034974836077865334,6.4932736630695587,6.4933678551789624
961,1.290158151925078,-6.4941771977707639,0.034643336643105677,6.4941771977707639,6.4942695999488267
962,1.2888170311850311,-6.4952017942262614,0.034313411754668857,6.4952017942262614,6.495292430518143
963,1.2874786957424713,-6.4963468732274521,0.033985023038814843,6.4963468732274521,6.4964357673329651
964,1.2861431369294605,-6.497611870525434,0.033658132427900528,6.497611870525434,6.4976990458062582
965,1.2848103461139895,-6.498996236669182,0.033332702157804234,6.498996236669182,6.4990817161560077
966,1.2834803146997928,-6.5004994368465123,0.03300869476499721,6.5004994368465123,6.500583243246095
967,1.2821530341261633,-6.5021209507268534,0.032686073083264613,6.5021209507268534,6.5022031064289809
968,1.2808284958677685,-6.5038602723073566,0.032364800240158892,6.5038602723073566,6.503940799391744
969,1.2795066914344684,-6.5057169097606238,0.032044839653143253,6.5057169097606238,6.5057958300037146
970,1.278187612371134,-6.5076903852857839,0.031726155025504743,6.5076903852857839,6.5077677201674726
971,1.2768712502574664,-6.5097802349621023,0.031408710342028759,6.5097802349621023,6.5098560056723676
972,1.2755575967078188,-6.5119860086050529,0.031092469864472047,6.5119860086050529,6.5120602360505124
973,1.2742466433710173,-6.5143072696252347,0.030777398126834596,6.5143072696252347,6.514379974435605
974,1.2729383819301847,-6.5167435948903112,0.030463459930469672,6.5167435948903112,6.5168147974248001
975,1.271632804102564,-6.5192945745891784,0.030150620339033193,6.5192945745891784,6.5193642949427764
976,1.2703299016393441,-6.5219598120995794,0.029838844673290219,6.5219598120995794,6.5220280701092834
977,1.2690296663254861,-6.5247389238577469,0.029528098505796005,6.5247389238577469,6.5248057391086913
978,1.2677320899795501,-6.5276315392318249,0.029218347655462731,6.5276315392318249,6.5276969310633408
979,1.2664371644535239,-6.530637300397153,0.02890955818201299,6.530637300397153,6.5307012879087418
980,1.2651448816326529,-6.5337558622149174,0.028601696380361016,6.5337558622149174,6.5338184642721471
981,1.26385523343527,-6.5369868921133847,0.028294728774888672,6.5369868921133847,6.5370481273537102
982,1.2625682118126271,-6.5403300699724145,0.027988622113660891,6.5403300699724145,6.5403899568109232
983,1.2612838087487284,-6.543785088010015,0.027683343362570209,6.543785088010015,6.5438436446450927
984,1.2600020162601626,-6.5473516506722707,0.027378859699424232,6.5473516506722707,6.5474088950911984
985,1.2587228263959389,-6.5510294745257784,0.027075138507984514,6.5510294745257784,6.5510854245102568
986,1.2574462312373225,-6.5548182881532906,0.02677214737195599,6.5548182881532906,6.5548729612848895
987,1.2561722228976697,-6.55871783205159,0.02646985406893676,6.55871783205159,6.5587712457171383
988,1.2549007935222671,-6.5627278585322468,0.026168226564341784,6.5627278585322468,6.5627800299291446
989,1.2536319352881697,-6.5668481316255818,0.025867233005289085,6.5668481316255818,6.5668990777670517
990,1.2523656404040404,-6.5710784269868814,0.025566841714460636,6.5710784269868814,6.5711281647071562
991,1.2511019011099898,-6.575418531805262,0.02526702118395148,6.575418531805262,6.57546707776471
992,1.2498407096774193,-6.5798682447157617,0.024967740069091145,6.5798682447157617,6.579915615405949
993,1.248582058408862,-6.5844273757136875,0.024668967182252262,6.5844273757136875,6.5844735874623783
994,1.2473259396378269,-6.5890957460716617,0.024370671486655268,6.5890957460716617,6.5891408150477684
995,1.2460723457286431,-6.5938731882596446,0.024072822090151894,6.5938731882596446,6.5939171304781201
996,1.2448212690763052,-6.5987595458669741,0.023775388239012443,6.5987595458669741,6.5988023771936399
997,1.2435727021063188,-6.6037546735277477,0.023478339311697682,6.6037546735277477,6.603796409684084
998,1.242326637274549,-6.6088584368485783,0.023181644812635717,6.6088584368485783,6.608899093416456
999,1.2410830670670669,-6.6140707123382523,0.022885274365988723,6.6140707123382523,6.6141103047646128
1000,1.2398419839999999,-6.6193913873410981,0.022589197709428264,6.6193913873410981,6.6194299309425926
1001,1.2386033806193806,-6.6248203599720785,0.022293384687898189,6.6248203599720785,6.6248578699396585
1002,1.237367249500998,-6.6303575390547191,0.021997805247382811,6.6303575390547191,6.630394030458179
1003,1.2361335832502491,-6.6360028440614958,0.021702429428683591,6.6360028440614958,6.6360383318539808
1004,1.234902374501992,-6.6417562050566836,0.02140722736118545,6.6417562050566836,6.6417907040791535
1005,1.2336736159203978,-6.6476175626417948,0.021112169256628059,6.6476175626417948,6.6476510876274446
1006,1.232447300198807,-6.6535868679033996,0.020817225402884124,6.6535868679033996,6.6536194334820538
1007,1.2312234200595829,-6.6596640823633599,0.020522366157729774,6.6596640823633599,6.659695703065819
1008,1.2300019682539682,-6.6658491779317171,0.020227561942624012,6.6658491779317171,6.6658798681940779
1009,1.2287829375619423,-6.6721421368615754,0.019932783236485091,6.6721421368615754,6.672171911029519
1010,1.2275663207920791,-6.6785429517068344,0.019638000569466539,6.6785429517068344,6.6785718240398824
1011,1.2263521107814044,-6.6850516252821741,0.019343184516736146,6.6850516252821741,6.6850796099579162
1012,1.2251403003952568,-6.6916681706251566,0.019048305692250224,6.6916681706251566,6.6916952817434519
1013,1.2239308825271471,-6.6983926109610987,0.018753334742525433,6.6983926109610987,6.6984188625482508
1014,1.2227238500986193,-6.7052249796699996,0.018458242340415536,6.7052249796699996,6.7052503856829127
1015,1.2215191960591132,-6.712165320255977,0.018162999178875414,6.712165320255977,6.7121898945862819
1016,1.2203169133858267,-6.7192136863189109,0.017867575964723464,6.7192136863189109,6.7192374427970778
1017,1.219116995083579,-6.7263701415283688,0.017571943412400343,6.7263701415283688,6.7263930939278032
1018,1.2179194341846757,-6.7336347596002621,0.017276072237716912,6.7336347596002621,6.7336569216413782
1019,1.2167242237487732,-6.7410076242750971,0.016979933151598368,6.7410076242750971,6.7410290096293775
1020,1.215531356862745,-6.7484888292990384,0.016683496853812631,6.7484888292990384,6.7485094515930832
1021,1.2143408266405484,-6.7560784784070815,0.016386734026693398,6.7560784784070815,6.7560983512266466
1022,1.2131526262230918,-6.7637766853085619,0.016089615328847437,6.7637766853085619,6.7637958222025825
1023,1.2119667487781036,-6.7715835736748105,0.015792111388846924,6.7715835736748105,6.7716019881594214
1024,1.2107831874999999,-6.7794992771290694,0.015494192798909859,6.7794992771290694,6.779516982691618
1025,1.209601935609756,-6.7875239392390565,0.015195830108558198,6.7875239392390565,6.7875409493421088
1026,1.2084229863547757,-6.7956577135110212,0.014896993818259735,6.7956577135110212,6.7956740415963646
1027,1.2072463330087633,-6.8039007633867552,0.014597654373050502,6.8039007633867552,6.8039164228794036
1028,1.2060719688715953,-6.8122532622423755,0.014297782156128952,6.8122532622423755,6.8122682665545753
1029,1.2048998872691934,-6.8207153933898823,0.013997347482431172,6.8207153933898823,6.8207297559251119
1030,1.203730081553398,-6.8292873500801576,0.013696320592178172,6.8292873500801576,6.8293010842371435
1031,1.2025625451018427,-6.837969335508955,0.013394671644391606,6.837969335508955,6.837982454685684
1032,1.2013972713178294,-6.8467615628246925,0.013092370710383668,6.8467615628246925,6.8467740804224322
1033,1.2002342536302033,-6.8556642551386613,0.012789387767209628,6.8556642551386613,6.8556761845659979
1034,1.1990734854932301,-6.8646776455374567,0.012485692691090386,6.8646776455374567,6.8646890002143328
1035,1.1979149603864734,-6.8738019770973739,0.012181255250795255,6.8738019770973739,6.8738127704591472
1036,1.1967586718146717,-6.8830375029015531,0.011876045100987262,6.8830375029015531,6.8830477484030643
1037,1.1956046133076181,-6.8923844860590577,0.01157003177552331,6.8923844860590577,6.8923941971787182
1038,1.1944527784200385,-6.9018431997259988,0.011263184680718508,6.9018431997259988,6.9018523899698954
1039,1.1933031607314726,-6.9114139271294057,0.010955473088556739,6.9114139271294057,6.9114226100354266
1040,1.1921557538461538,-6.921096961592907,0.010646866129857366,6.921096961592907,6.9211051507348849
1041,1.1910105513928915,-6.9308926065651075,0.010337332787390862,6.9308926065651075,6.9309003155569924
1042,1.189867547024952,-6.9408011756496144,0.01002684188893864,6.9408011756496144,6.9408084181496701
1043,1.1887267344199424,-6.9508229926382814,0.0097153621003015847,6.9508229926382814,6.9508297823533081
1044,1.1875881072796934,-6.9609583915456632,0.0094028619182459153,6.9609583915456632,6.9609647422352481
1045,1.1864516593301435,-6.9712077166466173,0.0090893096633908252,6.9712077166466173,6.9712136421274238
1046,1.1853173843212237,-6.9815713225156912,0.0087746734730313851,6.9815713225156912,6.9815768366657727
1047,1.1841852760267431,-6.9920495740693429,0.0084589212938972827,6.9920495740693429,6.9920546908324983
1048,1.1830553282442746,-7.0026428466098238,0.0081420208748371019,7.0026428466098238,7.0026475799999863
1049,1.1819275347950429,-7.0133515258721939,0.0078239397594382573,7.0133515258721939,7.0133558899778645
1050,1.1808018895238095,-7.0241760080728941,0.0075046452785658795,7.0241760080728941,7.0241800170616084
1051,1.179678386298763,-7.0351166999614616,0.0071841045428264229,7.0351166999614616,7.0351203680843106
1052,1.1785570190114067,-7.0461740188741242,0.0068622844349518763,7.0461740188741242,7.0461773604703133
1053,1.1774377815764481,-7.0573483927897698,0.0065391516020954672,7.0573483927897698,7.0573514222912284
1054,1.1763206679316887,-7.0686402603890333,0.0062146724480467742,7.0686402603890333,7.0686429923250742
1055,1.1752056720379147,-7.0800500711150498,0.0058888131253514442,7.0800500711150498,7.080052520117083
1056,1.1740927878787879,-7.0915782852368476,0.0055615395273395755,7.0915782852368476,7.0915804660431441
1057,1.1729820094607379,-7.1032253739156683,0.0052328172800588379,7.1032253739156683,7.1032273013761911
1058,1.1718733308128544,-7.1149918192734471,0.0049026117341039576,7.1149918192734471,7.1149935083547264
1059,1.1707667459867799,-7.1268781144638762,0.004570887956345613,7.1268781144638762,7.1268795802539611
1060,1.1696622490566038,-7.1388847637458213,0.0042376107215498331,7.1388847637458213,7.1388860214592906
1061,1.1685598341187557,-7.1510122825600568,0.0039027445038912409,7.1510122825600568,7.1510133475430919
1062,1.167459495291902,-7.1632611976077012,0.0035662534683444623,7.1632611976077012,7.1632620853432352
1063,1.1663612267168391,-7.175632046932046,0.0032281014619642296,7.175632046932046,7.1756327730449829
1064,1.165265022556391,-7.1881253800024147,0.0028882520050414508,7.1881253800024147,7.1881259602649212
1065,1.164170876995305,-7.2007417578013335,0.0025466682821285048,7.2007417578013335,7.2007422081382133
1066,1.16307878424015,-7.2134817529141415,0.0022033131329460033,7.2134817529141415,7.2134820894082807
1067,1.1619887385192127,-7.2263459496212423,0.0018581490431403783,7.2263459496212423,7.2263461885191473
1068,1.1609007340823969,-7.2393349439934376,0.0015111381349161949,7.2393349439934376,7.2393351017108563
1069,1.1598147652011224,-7.2524493439898432,0.0011622421575205573,7.2524493439898432,7.2524494371174733
1070,1.1587308261682243,-7.2656897695591152,0.00081142247757762069,7.2656897695591152,7.2656898148684013
1071,1.1576489112978523,-7.2790568527429151,0.00045864006927840654,7.2790568527429151,7.2790568671919509
1072,1.1565690149253731,-7.2925512377828916,0.0001038555044097153,7.2925512377828916,7.2925512385224112
1073,1.1554911314072693,-7.3061735812305528,-0.00025297105777773903,7.3061735812305528,7.3061735856100229
1074,1.1544152551210427,-7.3199245520599181,-0.00061187988086228336,7.3199245520599181,7.3199245776337465
1075,1.1533413804651163,-7.3338048317834303,-0.00097291166172007448,7.3338048317834303,7.3338048963172655
1076,1.1522695018587359,-7.3478151145711657,-0.001336107541167985,7.3478151145711657,7.3478152360483202
1077,1.1511996137418754,-7.3619561073727677,-0.0017015091147835168,7.3619561073727677,7.3619563040007545
1078,1.150131710575139,-7.3762285300431323,-0.0020691584439169221,7.3762285300431323,7.3762288202603195
1079,1.1490657868396663,-7.3906331154707701,-0.0024390980668885114,7.3906331154707701,7.3906335179531499
1080,1.1480018370370371,-7.4051706097100958,-0.0028113710103896653,7.4051706097100958,7.4051711433781966
1081,1.1469398556891766,-7.4198417721166212,-0.0031860208010799805,7.4198417721166212,7.4198424561425327
1082,1.1458798373382624,-7.4346473754858504,-0.0035630914773971544,7.4346473754858504,7.4346482293003966
1083,1.1448217765466298,-7.4495882061952443,-0.0039426276015813479,7.4495882061952443,7.4495892494952818
1084,1.143765667896679,-7.4646650643506831,-0.0043246742719187598,7.4646650643506831,7.4646663171065555
1085,1.1427115059907833,-7.4798787639349413,-0.0047092771352136254,7.4798787639349413,7.4798802463980696
1086,1.1416592854511969,-7.4952301329615736,-0.0050964823994917394,7.4952301329615736,7.4952318656722037
1087,1.1406090009199632,-7.5107200136312713,-0.0054863368469481406,7.5107200136312713,7.5107220174263754
1088,1.1395606470588235,-7.5263492624924915,-0.0058788878471390301,7.5263492624924915,7.5263515585138316
1089,1.1385142185491275,-7.5421187506057628,-0.0062741833704281821,7.5421187506057628,7.5421213603081192
1090,1.137469710091743,-7.5580293637124285,-0.0066722720016940355,7.5580293637124285,7.5580323088719963
1091,1.1364271164069659,-7.5740820024062359,-0.0070732029543083778,7.5740820024062359,7.5740853051292003
1092,1.1353864322344323,-7.5902775823104882,-0.007477026084389167,7.5902775823104882,7.5902812650417779
1093,1.1343476523330283,-7.6066170342581216,-0.0078837919053374641,7.6066170342581216,7.6066211197903524
1094,1.1333107714808044,-7.6231013044765206,-0.0082935516026677175,7.6231013044765206,7.6231058159591232
1095,1.1322757844748859,-7.63973135477654,-0.0087063570491376537,7.63973135477654,7.639736315725095
1096,1.1312426861313867,-7.656508162746043,-0.0091222608201874476,7.656508162746043,7.6565135970518101
1097,1.1302114712853235,-7.6734327219475738,-0.0095413162096973196,7.6734327219475738,7.6734386538872359
1098,1.1291821347905282,-7.6905060421208944,-0.0099635772460703598,7.6905060421208944,7.6905124963665141
1099,1.1281546715195632,-7.7077291493900439,-0.010389098708652542,7.7077291493900439,7.7077361510192439
1100,1.1271290763636364,-7.7251030864750696,-0.010817936144497869,7.7251030864750696,7.7251106609814384
1101,1.1261053442325157,-7.7426289129085788,-0.011250145885487759,7.7426289129085788,7.7426370862123148
1102,1.1250834700544463,-7.7603077052575138,-0.01168578506581696,7.7603077052575138,7.76031650371631
1103,1.1240634487760652,-7.7781405573493601,-0.012124911639853929,7.7781405573493601,7.7781500077695398
1104,1.1230452753623188,-7.7961285805039928,-0.012567584400388715,7.7961285805039928,7.7961387101518946
1105,1.12202894479638,-7.8142729037706289,-0.013013862997276408,7.8142729037706289,7.8142837403842682
1106,1.121014452079566,-7.8325746741698765,-0.013463807956490062,7.8325746741698765,7.8325862459708704
1107,1.1200017922312555,-7.8510350569415195,-0.013917480699592966,7.8510350569415195,7.8510473926472857
1108,1.1189909602888086,-7.8696552357979428,-0.014374943563644358,7.8696552357979428,7.8696683646342072
1109,1.1179819513074842,-7.8884364131827276,-0.014836259821547428,7.8884364131827276,7.8884503648963067
1110,1.1169747603603604,-7.9073798105355912,-0.015301493702854978,7.9073798105355912,7.907394615407493
1111,1.1159693825382537,-7.92648666856293,-0.015770710415046834,7.92648666856293,7.9265023574217688
1112,1.1149658129496403,-7.9457582475148847,-0.016243976165288481,7.9457582475148847,7.9457748517506133
1113,1.1139640467205749,-7.9651958274676247,-0.016721358182687093,7.9651958274676247,7.9652133790456077
1114,1.112964078994614,-7.9848007086133919,-0.017202924741062761,7.9848007086133919,7.984819240088818
1115,1.1119659049327353,-8.0045742115555143,-0.017688745182241436,8.0045742115555143,8.0045937560881697
1116,1.1109695197132616,-8.0245176776111151,-0.018178889939892522,8.0245176776111151,8.0245382689805123
1117,1.1099749185317815,-8.0446324691201632,-0.018673430563923871,8.0446324691201632,8.0446541417410469
1118,1.1089820966010733,-8.0649199697615401,-0.019172439745448175,8.0649199697615401,8.0649427586997948
1119,1.1079910491510276,-8.0853815848759076,-0.019675991342342179,8.0853815848759076,8.0854055258648447
1120,1.1070017714285714,-8.1060187417963832,-0.020184160405411447,8.1060187417963832,8.1060438712534406
1121,1.1060142586975914,-8.1268328901858879,-0.020697023205182026,8.1268328901858879,8.1268592452297757
1122,1.1050285062388592,-8.1478255023828581,-0.021214657259332768,8.1478255023828581,8.1478531208511065
1123,1.1040445093499553,-8.1689980737539791,-0.021737141360794104,8.1689980737539791,8.1690269942209621
1124,1.1030622633451956,-8.1903521230554297,-0.022264555606525356,8.1903521230554297,8.1903823848508406
1125,1.1020817635555555,-8.2118891928018947,-0.022796981426995294,8.2118891928018947,8.2119208360296998
1126,1.1011030053285966,-8.2336108496440694,-0.023334501616387081,8.2336108496440694,8.2336439152019576
1127,1.1001259840283939,-8.2555186847546764,-0.023877200363544911,8.2555186847546764,8.2555532143540074
1128,1.0991506950354608,-8.2776143142229905,-0.024425163283689294,8.2776143142229905,8.2776503504092744
1129,1.0981771337466784,-8.2998993794586831,-0.024978477450921167,8.2998993794586831,8.299936965632595
1130,1.0972052955752212,-8.3223755476044445,-0.025537231431539187,8.3223755476044445,8.3224147280433929
1131,1.0962351759504863,-8.3450445119581786,-0.02610151531819517,8.3450445119581786,8.3450853318384475
1132,1.0952667703180212,-8.367907992404767,-0.026671420764911011,8.367907992404767,8.3679504978242552
1133,1.0943000741394526,-8.3909677358577888,-0.02724704102298784,8.3909677358577888,8.3910119738593441
1134,1.0933350828924162,-8.4142255167109852,-0.027828470977826508,8.4142255167109852,8.4142715353063817
1135,1.0923717920704845,-8.4376831373005921,-0.02841580718669786,8.4376831373005921,8.4377309854951417
1136,1.0914101971830985,-8.4613424283776553,-0.029009147917480528,8.4613424283776553,8.4613921561955028
1137,1.0904502937554967,-8.4852052495919104,-0.029608593188405641,8.4852052495919104,8.4852569081020004
1138,1.0894920773286467,-8.5092734899859188,-0.030214244808831822,8.5092734899859188,8.5093271313286873
1139,1.0885355434591746,-8.5335490685018982,-0.030826206421089811,8.5335490685018982,8.5336047459166942
1140,1.0875806877192982,-8.5580339344986633,-0.031444583543421036,8.5580339344986633,8.558091702351927
1141,1.0866275056967571,-8.5827300682822063,-0.032069483614053318,8.5827300682822063,8.5827899820964255
1142,1.0856759929947459,-8.6076394816475243,-0.03270101603644239,8.6076394816475243,8.6077015981310048
1143,1.084726145231846,-8.6327642184334294,-0.033339292225718908,8.6327642184334294,8.6328285955108974
1144,1.083777958041958,-8.6581063550904211,-0.033984425656378978,8.6581063550904211,8.6581730519344742
1145,1.0828314270742356,-8.6836680012619922,-0.034636531911256138,8.6836680012619922,8.6837370783254535
1146,1.0818865479930191,-8.7094513003794027,-0.035295728731816273,8.7094513003794027,8.7095228194285816
1147,1.080943316477768,-8.7354584302704978,-0.035962136069817754,8.7354584302704978,8.7355324544193991
1148,1.0800017282229963,-8.761691603783067,-0.036635876140380219,8.761691603783067,8.7617681975285837
1149,1.0790617789382071,-8.7881530694230001,-0.037317073476506202,8.7881530694230001,8.7882322986811019
1150,1.0781234643478259,-8.8148451120077489,-0.038005854985105197,8.8148451120077489,8.8149270441507372
1151,1.0771867801911381,-8.8417700533351464,-0.038702350004564234,8.8417700533351464,8.8418547572299602
1152,1.0762517222222221,-8.8689302528686476,-0.039406690363921651,8.8689302528686476,8.8690177989163015
1153,1.0753182862098871,-8.8963281084386061,-0.040119010443688305,8.8963281084386061,8.8964185686147772
1154,1.0743864679376083,-8.9239660569610777,-0.040839447238377471,8.9239660569610777,8.9240595048578761
1155,1.0734562632034632,-8.9518465751732208,-0.041568140420795915,8.9518465751732208,8.9519430860421885
1156,1.072527667820069,-8.9799721803879287,-0.042305232408154356,8.9799721803879287,8.9800718311843273
1157,1.0716006776145202,-9.0083454312650275,-0.043050868430057856,9.0083454312650275,9.0084483006934128
1158,1.0706752884283246,-9.036968928603244,-0.043805196598440704,9.036968928603244,9.0370750971644309
1159,1.0697514961173424,-9.06584531615011,-0.044568367979508319,9.06584531615011,9.0659548661895091
1160,1.0688292965517241,-9.094977281433259,-0.04534053666775352,9.094977281433259,9.0950902971907013
1161,1.0679086856158484,-9.1243675566108955,-0.046121859862119682,9.1243675566108955,9.1244841242719374
1162,1.0669896592082615,-9.1540189193444164,-0.046912497944380877,9.1540189193444164,9.1541391270932131
1163,1.0660722132416165,-9.183934193692739,-0.04771261455981532,9.183934193692739,9.1840581317665269
1164,1.0651563436426117,-9.2141162510281482,-0.048522376700251571,9.2141162510281482,9.214244011773383
1165,1.0642420463519313,-9.244568010976522,-0.049341954789566878,9.244568010976522,9.244699688906767
1166,1.0633293173241851,-9.2752924423803194,-0.050171522771722959,9.2752924423803194,9.2754281342358915
1167,1.0624181525278491,-9.3062925642861494,-0.051011258201428919,9.3062925642861494,9.3064323690956332
1168,1.0615085479452053,-9.3375714469577353,-0.051861342337520155,9.3375714469577353,9.3377154661014075
1169,1.060600499572284,-9.3691322129146855,-0.052721960239148533,9.3691322129146855,9.3692805501899183
1170,1.0596940034188034,-9.4009780379979979,-0.053593300864884799,9.4009780379979979,9.4011307996867206
1171,1.0587890555081128,-9.4331121524625594,-0.054475557174832032,9.4331121524625594,9.4332694474008498
1172,1.0578856518771331,-9.4655378420985308,-0.055368926235862204,9.4655378420985308,9.4656997817484054
1173,1.0569837885763,-9.498258449381705,-0.056273609330080215,9.498258449381705,9.4984251479052038
1174,1.0560834616695058,-9.5312773746536621,-0.057189812066637633,9.5312773746536621,9.5314489489892882
1175,1.0551846672340426,-9.564598077332942,-0.058117744497011195,9.564598077332942,9.5647746472745734
1176,1.0542874013605441,-9.598224077158477,-0.059057621233875729,9.598224077158477,9.5984057654368033
1177,1.0533916601529312,-9.6321589554653748,-0.060009661573696513,9.6321589554653748,9.6323458878319972
1178,1.0524974397283531,-9.666406356494889,-0.060974089623182764,9.666406356494889,9.666598661809136
1179,1.051604736217133,-9.7009699887393772,-0.061951134429738097,9.7009699887393772,9.7011677990579681
1180,1.0507135457627117,-9.7358536263232516,-0.06294103011605956,9.7358536263232516,9.7360570769929087
1181,1.0498238645215918,-9.7710611104209839,-0.06394401601903571,9.7710611104209839,9.7712703401740963
1182,1.0489356886632826,-9.8065963507137823,-0.064960336833105314,9.8065963507137823,9.8068115017672461
1183,1.048049014370245,-9.8424633268852908,-0.06599024275824214,9.8424633268852908,9.842684545042637
1184,1.0471638378378378,-9.8786660901590402,-0.067033989652739406,9.8786660901590402,9.8788935249159788
1185,1.0462801552742615,-9.9152087648770681,-0.068091839190978692,9.9152087648770681,9.9154425695305921
1186,1.0453979629005059,-9.9520955501226993,-0.069164059026364882,9.9520955501226993,9.9523358818838616
1187,1.0445172569502947,-9.9893307213883844,-0.070250922959632867,9.9893307213883844,9.9895777414989109
1188,1.0436380336700335,-10.026918632289139,-0.071352711112724176,10.026918632289139,10.02717250614201
1189,1.0427602893187551,-10.064863716324897,-0.072469710108454294,10.064863716324897,10.065124613589074
1190,1.0418840201680672,-10.103170488691685,-0.073602213256190208,10.103170488691685,10.103438583441125
1191,1.041009222502099,-10.141843548144237,-0.074750520743775473,10.141843548144237,10.142119018991366
1192,1.0401358926174495,-10.180887578911552,-0.075914939835943107,10.180887578911552,10.181170609145385
1193,1.0392640268231348,-10.220307352666982,-0.077095785079477869,10.220307352666982,10.220598130396077
1194,1.038393621440536,-10.260107730554505,-0.078293378515388035,10.260107730554505,10.260406448854923
1195,1.0375246728033471,-10.30029366527425,-0.079508049898371541,10.30029366527425,10.300600522342739
1196,1.036657177257525,-10.340870203227315,-0.080740136923860256,10.340870203227315,10.341185402539933
1197,1.0357911311612364,-10.381842486723929,-0.08198998546295716,10.381842486723929,10.382166237200323
1198,1.0349265308848079,-10.423215756255633,-0.083257949805576409,10.423215756255633,10.423548272429189
1199,1.0340633728106754,-10.464995352835,-0.084544392912123428,10.464995352835,10.465336855029133
1200,1.0332016533333332,-10.507186720403539,-0.085849686674064452,10.507186720403539,10.507537434914354
1201,1.032341368859284,-10.549795408312452,-0.087174212183749877,10.549795408312452,10.550155567598061
1202,1.0314825158069882,-10.592827073875991,-0.088518360013873365,10.592827073875991,10.59319691675274
1203,1.0306250906068162,-10.636287485003496,-0.089882530506965846,10.636287485003496,10.636667256849409
1204,1.0297690897009966,-10.680182522909014,-0.091267134075348477,10.680182522909014,10.680572475874758
1205,1.0289145095435683,-10.724518184904671,-0.09267259151197843,10.724518184904671,10.724918578132353
1206,1.0280613466003317,-10.769300587278536,-0.094099334312650967,10.769300587278536,10.769711687128671
1207,1.0272095973487987,-10.814535968261296,-0.09554780501003976,10.814535968261296,10.814958048548293
1208,1.0263592582781456,-10.860230691084698,-0.097018457520082535,10.860230691084698,10.860664033321241
1209,1.0255103258891645,-10.906391247134408,-0.098511757501239694,10.906391247134408,10.906836140785099
1210,1.0246627966942148,-10.953024259201936,-0.10002818272718875,10.953024259201936,10.953481001946633
1211,1.0238166672171758,-11.000136484838837,-0.10156822347353386,11.000136484838837,11.000605382846077
1212,1.0229719339933994,-11.047734819816021,-0.10313238291914406,11.047734819816021,11.048216188027004
1213,1.022128593569662,-11.09582630169443,-0.10472117756277172,11.09582630169443,11.096320464118007
1214,1.0212866425041185,-11.144418113508049,-0.10633513765561647,11.144418113508049,11.144925403527228
1215,1.0204460773662551,-11.193517587567481,-0.10797480765055503,11.193517587567481,11.194038348257955
1216,1.019606894736842,-11.243132209384775,-0.10964074666878301,11.243132209384775,11.24366679384601
1217,1.0187690912078882,-11.293269621726896,-0.11133352898464796,11.293269621726896,11.293818393426367
1218,1.0179326633825942,-11.343937628801431,-0.11305374452950842,11.343937628801431,11.344500961932578
1219,1.0170976078753076,-11.395144200581033,-0.11480199941548216,11.395144200581033,11.3957224804356
1220,1.0162639213114752,-11.44689747726974,-0.11657891648000102,11.44689747726974,11.447491100625149
1221,1.0154316003276003,-11.499205773919655,-0.11838513585213301,11.499205773919655,11.499815149442092
1222,1.0146006415711948,-11.552077585201207,-0.12022131554169013,11.552077585201207,11.552703133865197
1223,1.0137710417007357,-11.605521590335719,-0.12208813205218277,11.605521590335719,11.606163745860925
1224,1.0129427973856209,-11.659546658194511,-0.12398628101874909,11.659546658194511,11.660205867500611
1225,1.0121159053061224,-11.714161852572715,-0.1259164778722503,11.714161852572715,11.714838576253177
1226,1.0112903621533442,-11.769376437644535,-0.12787945853077148,11.769376437644535,11.770071150460243
1227,1.0104661646291768,-11.82519988360713,-0.12987598011985491,11.82519988360713,11.82591307500077
1228,1.009643309446254,-11.881641872521467,-0.13190682172285606,11.881641872521467,11.882374047153728
1229,1.0088217933279089,-11.938712304357963,-0.13397278516288558,11.938712304357963,11.939463982666583
1230,1.00800161300813,-11.99642130325514,-0.13607469581789894,11.99642130325514,11.997193022037933
1231,1.0071827652315191,-12.054779224001226,-0.13821340347055261,12.054779224001226,12.055571537024303
1232,1.0063652467532467,-12.113796658747543,-0.14038978319458428,12.113796658747543,12.11461013737993
1233,1.0055490543390104,-12.173484443963034,-0.1426047362795152,12.173484443963034,12.174319677839058
1234,1.0047341847649918,-12.233853667641561,-0.14485919119563567,12.233853667641561,12.234711265352393
1235,1.0039206348178138,-12.294915676772479,-0.14715410460130346,12.294915676772479,12.295796266588296
1236,1.0031084012944984,-12.356682085084518,-0.14949046239472696,12.356682085084518,12.357586315708891
1237,1.0022974810024252,-12.419164781077953,-0.15186928081252088,12.419164781077953,12.420093322436088
1238,1.0014878707592891,-12.48237593635454,-0.15429160757746646,12.48237593635454,12.483329480417142
1239,1.0006795673930589,-12.546328014261313,-0.15675852309804605,12.546328014261313,12.547307275905938
1240,0.99987256774193545,-12.611033778859873,-0.15927114172247642,12.611033778859873,12.61203949677174
1241,0.99906686865431094,-12.676506304237812,-0.16183061305013496,12.676506304237812,12.677539241852148
1242,0.99826246698872778,-12.742758984177168,-0.16443812330343999,12.742758984177168,12.743819930665353
1243,0.99745935961383747,-12.809805542195384,-0.16709489676344541,12.809805542195384,12.810895313497179
1244,0.9966575434083601,-12.877660041977549,-0.16980219727260254,12.877660041977549,12.878779481881962
1245,0.99585701526104409,-12.946336898217439,-0.1725613298083567,12.946336898217439,12.947486879494861
1246,0.99505777207062596,-13.015850887885367,-0.17537364213147916,13.015850887885367,13.017032313473788
1247,0.99425981074578984,-13.086217161945786,-0.17824052651329259,13.086217161945786,13.087430966194098
1248,0.99346312820512817,-13.157451257542959,-0.18116342154618054,13.157451257542959,13.158698407514517
1249,0.99266772137710158,-13.229569110679584,-0.18414381404209101,13.229569110679584,13.230850607519432
1250,0.99187358719999996,-13.302587069409917,-0.18718324102402512,13.302587069409917,13.30390394977926
1251,0.99108072262190239,-13.376521907575395,-0.1902832918158382,13.376521907575395,13.37787524515716
1252,0.99028912460063889,-13.451390839106509,-0.19344561023601586,13.451390839106509,13.452781746186107
1253,0.98949879010375097,-13.527211532920671,-0.19667189690149117,13.527211532920671,13.528641162046275
1254,0.98870971610845293,-13.604002128445419,-0.19996391164793909,13.604002128445419,13.605471674172456
1255,0.9879218996015936,-13.68178125179794,-0.20332347607344653,13.68178125179794,13.683291952522691
1256,0.9871353375796178,-13.760568032655474,-0.20675247621290871,13.760568032655474,13.76212117254313
1257,0.98635002704852814,-13.840382121849728,-0.21025286535101428,13.840382121849728,13.841979032862531
1258,0.9855659650238473,-13.921243709725452,-0.21382666698221764,13.921243709725452,13.922885773756933
1259,0.9847831485305798,-14.003173545300289,-0.21747597792668971,14.003173545300289,14.004862196422105
1260,0.9840015746031745,-14.086192956269784,-0.22120297161186103,14.086192956269784,14.087929683098025
1261,0.98322124028548763,-14.170323869900777,-0.22500990152986067,14.170323869900777,14.172110218089125
1262,0.98244214263074481,-14.255588834862284,-0.22889910488188908,14.255588834862284,14.25742640972998
1263,0.9816642787015043,-14.342011044042081,-0.23287300642135472,14.342011044042081,14.343901513345132
1264,0.98088764556962016,-14.429614358405278,-0.23693412250846779,14.429614358405278,14.431559455260011
1265,0.98011224031620547,-14.518423331948341,-0.24108506538991814,14.518423331948341,14.520424857917074
1266,0.97933806003159551,-14.608463237813375,-0.24532854771827795,14.608463237813375,14.610523066162635
1267,0.97856510181531164,-14.699760095622864,-0.24966738732684601,14.699760095622864,14.701880174765433
1268,0.97779336277602513,-14.792340700107538,-0.25410451227686381,14.792340700107538,14.794523057240388
1269,0.97702284003152085,-14.886232651097252,-0.2586429661953038,14.886232651097252,14.888479396048348
1270,0.97625353070866139,-14.981464384956443,-0.2632859139228344,14.981464384956443,14.983777714254456
1271,0.97548543194335158,-15.078065207544022,-0.26803664749308864,15.078065207544022,15.08044740872594
1272,0.97471854088050303,-15.17606532878964,-0.27289859246602177,15.17606532878964,15.178518784962547
1273,0.97395285467399839,-15.275495898979756,-0.27787531463994908,15.275495898979756,15.278023093654284
1274,0.97318837048665618,-15.376389046856843,-0.28297052716880788,15.376389046856843,15.378992569071137
1275,0.97242508549019602,-15.478777919637906,-0.2881880981133379,15.478777919637906,15.481460469392548
1276,0.97166299686520374,-15.582696725072452,-0.29353205845722607,15.582696725072452,15.585461119098333
1277,0.97090210180109626,-15.688180775661209,-0.2990066106217929,15.688180775661209,15.691029953544206
1278,0.97014239749608755,-15.795266535171898,-0.30461613751560956,15.795266535171898,15.798203565860142
1279,0.9693838811571539,-15.903991667593665,-0.310365212158492,15.903991667593665,15.90701975631535
1280,0.96862654999999998,-16.014395088685703,-0.31625860792265781,16.014395088685703,16.017517584307686
1281,0.96787040124902413,-16.126517020284915,-0.32230130943752788,16.126517020284915,16.129737423144995
1282,0.96711543213728546,-16.240399047548969,-0.32849852420863435,16.240399047548969,16.243721017797512
1283,0.96636163990646917,-16.356084179329414,-0.33485569500561285,16.356084179329414,16.359511545819078
1284,0.96560902180685348,-16.473616911875894,-0.34137851307902289,16.473616911875894,16.477153681641607
1285,0.96485757509727621,-16.593043296098614,-0.3480729322711712,16.593043296098614,16.596693664473747
1286,0.96410729704510101,-16.714411008623493,-0.35494518409201337,16.714411008623493,16.718179370042193
1287,0.96335818492618486,-16.83776942690055,-0.36200179383765285,16.83776942690055,16.841660386440779
1288,0.96261023602484463,-16.963169708643342,-0.36924959783625766,16.963169708643342,16.967188094370183
1289,0.96186344763382459,-17.09066487590087,-0.37669576191404475,17.09066487590087,17.094815752075121
1290,0.96111781705426347,-17.220309904087216,-0.38434780118287926,17.220309904087216,17.224598585310439
1291,0.96037334159566223,-17.352161816320709,-0.39221360126070581,17.352161816320709,17.356593882694622
1292,0.95963001857585128,-17.486279783457363,-0.40030144104686283,17.486279783457363,17.490861096842941
1293,0.95888784532095894,-17.622725230229264,-0.40862001718633123,17.622725230229264,17.627461951699242
1294,0.95814681916537858,-17.761561947940663,-0.41717847037031552,17.761561947940663,17.766460556528255
1295,0.95740693745173744,-17.902856214208065,-0.4259864136353555,17.902856214208065,17.907923527065055
1296,0.95666819753086418,-18.04667692027914,-0.43505396283980846,18.04667692027914,18.051920114367846
1297,0.95593059676175784,-18.193095706505275,-0.44439176951490011,18.193095706505275,18.198522341961539
1298,0.95519413251155616,-18.342187106600974,-0.45401105630828209,18.342187106600974,18.347805151919648
1299,0.95445880215550416,-18.494028701377964,-0.46392365526108681,18.494028701377964,18.499846560588082
1300,0.95372460307692297,-18.648701282704991,-0.47414204918535019,18.648701282704991,18.654727824719622
1301,0.95299153266717906,-18.806289028514357,-0.48467941643774759,18.806289028514357,18.812533618860005
1302,0.95225958832565283,-18.966879689756766,-0.49554967941824524,18.966879689756766,18.973352224909526
1303,0.95152876745970827,-19.130564790286449,-0.50676755715897981,19.130564790286449,19.137275734867188
1304,0.95079906748466247,-19.297439840761115,-0.51834862241016899,19.297439840761115,19.304400267870246
1305,0.95007048582375475,-19.467604567742157,-0.53030936367662518,19.467604567742157,19.474826202746417
1306,0.94934301990811631,-19.641163159301932,-0.54266725271134697,19.641163159301932,19.648658427421569
1307,0.94861666717674054,-19.81822452857557,-0.55544081803264111,19.81822452857557,19.826006606661142
1308,0.94789142507645252,-19.998902596844694,-0.56864972509927503,19.998902596844694,20.006985469778723
1309,0.94716729106187925,-20.183316597900578,-0.58231486385552578,20.183316597900578,20.191715120111915
1310,0.94644426259541981,-20.371591405626191,-0.59645844444609297,20.371591405626191,20.380321368264386
1311,0.94572233714721576,-20.563857886936631,-0.61110410200142429,20.563857886936631,20.572936091321747
1312,0.94500151219512185,-20.760253282455999,-0.62627701150898041,20.760253282455999,20.769697620496785
1313,0.94428178522467621,-20.960921617567777,-0.64200401391770634,20.960921617567777,20.970751159930028
1314,0.94356315372907151,-21.166014146773122,-0.65831375477416576,21.166014146773122,21.176249239681816
1315,0.94284561520912535,-21.375689834625,-0.67523683686286406,21.375689834625,21.386352206300799
1316,0.94212916717325224,-21.59011587688245,-0.69280598852375941,21.59011587688245,21.601228754747865
1317,0.9414138071374335,-21.809468265962593,-0.71105624955197611,21.809468265962593,21.821056505908604
1318,0.94069953262518957,-22.033932405245622,-0.7300251768529924,22.033932405245622,22.046022634429377
1319,0.93998634116755109,-22.263703777352134,-0.74975307233854949,22.263703777352134,22.276324552204855
1320,0.93927423030303026,-22.498988672133855,-0.77028323591126591,22.498988672133855,22.512170653500597
1321,0.93856319757759266,-22.740004980846763,-0.7916622468093788,22.740004980846763,22.753781128462119
1322,0.93785324054462926,-22.986983063796927,-0.8139402770784947,22.986983063796927,23.001388852630996
1323,0.93714435676492813,-23.240166699698356,-0.83717144151844125,23.240166699698356,23.255240361094152
1324,0.93643654380664643,-23.499814126072771,-0.86141418913719159,23.499814126072771,23.515596917050949
1325,0.93572979924528299,-23.766199181273699,-0.88673174195073567,23.766199181273699,23.782735685916322
1326,0.93502412066365004,-24.039612560173779,-0.91319258792305291,24.039612560173779,24.056951027632376
1327,0.93431950565184618,-24.320363197227437,-0.94087103597420496,24.320363197227437,24.338555921652169
1328,0.93361595180722889,-24.608779792580911,-0.96984784233574595,24.608779792580911,24.627883541161669
1329,0.93291345673438664,-24.905212499168023,-1.0002109191473409,24.905212499168023,24.925288995546207
1330,0.93221201804511267,-25.210034791384118,-1.0320561381253905,25.210034791384118,25.231151262973313
1331,0.93151163335837706,-25.523645539038078,-1.0654882444666995,25.523645539038078,25.54587533833114
1332,0.93081230030030027,-25.846471313920944,-1.1006218989682122,25.846471313920944,25.869894625719422
1333,0.93011401650412595,-26.178968960629192,-1.1375828697636048,26.178968960629192,26.20367360938474
1334,0.92941677961019487,-26.521628468336033,-1.1765093992436344,26.521628468336033,26.547710842537082
1335,0.92872058726591755,-26.87497618621726,-1.2175537768252869,26.87497618621726,26.902542300109971
1336,0.92802543712574848,-27.239578432356033,-1.2608841545007521,27.239578432356033,27.268745149411387
1337,0.92733132685115927,-27.616045554457145,-1.306686649835898,27.616045554457145,27.646942002086085
1338,0.92663825411061274,-28.005036510857408,-1.3551677906912412,28.005036510857408,28.037805722192022
1339,0.92594621657953691,-28.407264052514435,-1.4065573679179835,28.407264052514435,28.442064878952145
1340,0.92525521194029847,-28.823500601329137,-1.4611117773055842,28.823500601329137,28.860509949420546
1341,0.92456523788217737,-29.254584937883706,-1.5191179510052897,29.254584937883706,29.294000396615669
1342,0.92387629210134126,-29.701429833162216,-1.580898002693401,29.701429833162216,29.743472773520889
1343,0.92318837230081896,-30.165030784939397,-1.6468147414253194,30.165030784939397,30.209950033869923
1344,0.92250147619047618,-30.646476051387793,-1.7172782485608327,30.646476051387793,30.694552268297802
1345,0.92181560148698882,-31.14695821344381,-1.792753763152338,31.14695821344381,31.198509131131757
1346,0.9211307459138186,-31.667787545307505,-1.8737711876559415,31.667787545307505,31.723174281247818
1347,0.92044690720118771,-32.210407531287231,-1.960936613096723,32.210407531287231,32.270042233194985
1348,0.9197640830860534,-32.776412939695319,-2.0549463783194204,32.776412939695319,32.840768106291229
1349,0.91908227131208298,-33.367570953892425,-2.156604332107718,33.367570953892425,33.437190874957054
1350,0.91840146962962954,-33.985845970780403,-2.2668431745273212,33.985845970780403,34.061360870163597
1351,0.91772167579570685,-34.63342881256402,-2.3867510359787314,34.63342881256402,34.715572468600961
1352,0.91704288757396446,-35.312771263351237,-2.5176048397177508,35.312771263351237,35.402403144797034
1353,0.91636510273466365,-36.026627042834619,-2.6609125307552643,36.026627042834619,36.124760367092172
1354,0.91568831905465287,-36.778100567857862,-2.818467007288243,36.778100567857862,36.885938210253499
1355,0.91501253431734308,-37.570705127116369,-2.9924156592757614,37.570705127116369,37.689686059008331
1356,0.91433774631268427,-38.408432390964663,-3.185350952705325,38.408432390964663,38.54029241486375
1357,0.91366395283714064,-39.295835458303912,-3.4004297279714715,39.295835458303912,39.442687620152959
1358,0.91299115169366707,-40.23812781359554,-3.6415321643288436,40.23812781359554,40.402570295057863
1359,0.91231934069168497,-41.241300427063109,-3.9134762608620095,41.241300427063109,41.426563426859417
1360,0.91164851764705879,-42.312258351564665,-4.2223110863967719,42.312258351564665,42.522407242768637
1361,0.91097868038207197,-43.458975653925705,-4.5757233704050702,43.458975653925705,43.699196894805489
1362,0.91030982672540373,-44.69066149382742,-4.9836094908360309,44.69066149382742,44.967672702876449
1363,0.90964195451210561,-46.017916695156828,-5.4588920763765216,46.017916695156828,46.340567105549326
1364,0.90897506158357766,-47.452830899228161,-6.0187025265847112,47.452830899228161,47.833000537853152
1365,0.90830914578754574,-49.008907472686744,-6.6861146639004438,49.008907472686744,49.462886500538914
1366,0.90764420497803799,-50.700568243924465,-7.4927060539456374,50.700568243924465,51.251226953778144
1367,0.90698023701536201,-52.541700389746907,-8.4823323132084241,52.541700389746907,53.221990204403575
1368,0.90631723976608181,-54.542093617766184,-9.7165470382002326,54.542093617766184,55.400823663143569
1369,0.90565521110299485,-56.699370586748515,-11.281759400923725,56.699370586748515,57.810870259093782
1370,0.90499414890510943,-58.981816940114882,-13.29639834272399,58.981816940114882,60.46196274059929
1371,0.9043340510576221,-61.295286456253322,-15.910099765661407,61.295286456253322,63.326482740694289
1372,0.90367491545189493,-63.432656653958475,-19.271837699026435,63.432656653958475,66.295593054716676
1373,0.9030167399854333,-65.040267632860861,-23.43001218317464,65.040267632860861,69.131771890049805
1374,0.90235952256186314,-65.70207731353139,-28.184030043742496,65.70207731353139,71.491975163789093
1375,0.90170326109090904,-65.174066977773862,-33.061751537328902,65.174066977773862,73.080355918259073
1376,0.90104795348837208,-63.553287658108815,-37.52788015594102,63.553287658108815,73.806247439854303
1377,0.90039359767610738,-61.208965614085542,-41.245806871984058,61.208965614085542,73.808902281955881
1378,0.8997401915820028,-58.54466168964386,-44.166062600574662,58.54466168964386,73.335656388913122
1379,0.89908773313995638,-55.835183338585736,-46.40874947272772,55.835183338585736,72.60399249404874
1380,0.89843622028985504,-53.220329474514045,-48.130588553724138,53.220329474514045,71.756233345290013
1381,0.89778565097755247,-50.755516075624826,-49.465985386779224,50.755516075624826,70.873169270098728
1382,0.89713602315484797,-48.453875542312488,-50.515896060406831,48.453875542312488,69.997384307242044
1383,0.89648733477946485,-46.309844210743634,-51.352749267663839,46.309844210743634,69.149884513069836
1384,0.89583958381502882,-44.310644396452389,-52.028117386043874,44.310644396452389,68.340019063245933
1385,0.89519276823104688,-42.441682969523669,-52.578993586219411,42.441682969523669,67.571051640663825
1386,0.8945468860028859,-40.688766787809143,-53.032151350486245,40.688766787809143,66.84298631549612
1387,0.89390193511175187,-39.038870743960928,-53.407288728620685,39.038870743960928,66.154152691315929
1388,0.89325791354466855,-37.480477947269634,-53.719139657559424,37.480477947269634,65.502154107358479
1389,0.89261481929445641,-36.003546372487747,-53.978761289426245,36.003546372487747,64.884220128909135
1390,0.89197265035971218,-34.599297563400953,-54.194523458124181,34.599297563400953,64.297416470134579
1391,0.89133140474478789,-33.260160522781675,-54.372799099345315,33.260160522781675,63.738838708427778
1392,0.89069108045977008,-31.979698811759647,-54.518297140309471,31.979698811759647,63.205584082183258
1393,0.89005167552045938,-30.7525241414303,-54.634368357704645,30.7525241414303,62.6947521481233
1394,0.88941318794835,-29.574484531932036,-54.723331720174599,29.574484531932036,62.203642738072453
1395,0.88877561577060926,-28.442995174131447,-54.786847933743957,28.442995174131447,61.730079223915226
1396,0.8881389570200573,-27.357151001491445,-54.826822885110289,27.357151001491445,61.273111709734941
1397,0.88750320973514663,-26.317069468581778,-54.8467490769779,26.317069468581778,60.833823073411516
1398,0.88686837195994273,-25.322086091436944,-54.852050670345093,25.322086091436944,60.414861638211576
1399,0.88623444174410282,-24.369189089549849,-54.848636143501949,24.369189089549849,60.018582653079235
1400,0.88560141714285712,-23.453238465652717,-54.840915760860412,23.453238465652717,59.645456122126859
1401,0.88496929621698783,-22.568726660947682,-54.830820630440698,22.568726660947682,59.293897781341137
1402,0.8843380770328102,-21.711225276891604,-54.818498586978436,21.711225276891604,58.961386435144945
1403,0.88370775766215248,-20.877599210676195,-54.803489611310439,20.877599210676195,58.645516643462507
1404,0.88307833618233611,-20.065672460300895,-54.785350605318854,20.065672460300895,58.344372926888056
1405,0.88244981067615647,-19.273844098169313,-54.763792431292757,19.273844098169313,58.056472746613309
1406,0.88182217923186335,-18.500816653882673,-54.738692510321755,18.500816653882673,57.780660039498841
1407,0.88119543994314142,-17.745489877400999,-54.710073874419294,17.745489877400999,57.516037714131159
1408,0.88056959090909082,-17.006908265589665,-54.678033821116912,17.006908265589665,57.261874849653566
1409,0.87994463023420855,-16.284195994638424,-54.642706258903857,16.284195994638424,57.017544549801933
1410,0.87932055602836878,-15.576540041627688,-54.604267856571695,15.576540041627688,56.782520794877186
1411,0.87869736640680363,-14.883202033192177,-54.562913707556476,14.883202033192177,56.556354682909593
1412,0.87807505949008491,-14.203494332017044,-54.518829972229327,14.203494332017044,56.338637477139002
1413,0.87745363340410465,-13.536761615647858,-54.472207777479397,13.536761615647858,56.129006183895363
1414,0.87683308628005652,-12.882396732833961,-54.42324639381944,12.882396732833961,55.927148091284892
1415,0.87621341625441684,-12.239837297425865,-54.372131523083581,12.239837297425865,55.732775845376267
1416,0.87559462146892653,-11.60854425665968,-54.319038912971735,11.60854425665968,55.545623483653188
1417,0.8749767000705716,-10.98800712799671,-54.264149155833721,10.98800712799671,55.365460209877021
1418,0.87435965021156548,-10.37775282982961,-54.207636860514256,10.37775282982961,55.192079574866725
1419,0.87374347004933051,-9.7773308331707369,-54.149662932274907,9.7773308331707369,55.025286858863886
1420,0.87312815774647878,-9.1863062635913941,-54.090387618581076,9.1863062635913941,54.864909145070555
1421,0.87251371147079515,-8.6042699116665773,-54.029972421082817,8.6042699116665773,54.71079765947286
1422,0.87190012939521799,-8.0308351184758671,-53.968569361257437,8.0308351184758671,54.562815099672051
1423,0.87128740969782148,-7.4656260259051983,-53.906324390262256,7.4656260259051983,54.420835910769107
1424,0.87067555056179768,-6.908280027517236,-53.843386019534222,6.908280027517236,54.284754314514188
1425,0.87006455017543849,-6.3584525886336536,-53.779900537699035,6.3584525886336536,54.154479234562885
1426,0.86945440673211771,-5.8158099262694396,-53.716007239822034,5.8158099262694396,54.029927622449279
1427,0.86884511843027323,-5.2800235610655069,-53.651844379767709,5.2800235610655069,53.911029058590763
1428,0.86823668347338934,-4.7507741818602351,-53.587551983657178,4.7507741818602351,53.797728417919188
1429,0.86762910006997895,-4.227751667846313,-53.523266746915652,4.227751667846313,53.689980139933589
1430,0.86702236643356634,-3.7106486185647114,-53.459121087922171,3.7106486185647114,53.587746180107089
1431,0.86641648078266942,-3.1991582511813395,-53.39524734908737,3.1991582511813395,53.490999738145888
1432,0.86581144134078203,-2.6929764990451144,-53.331777489170989,2.6929764990451144,53.399724836171721
1433,0.86520724633635726,-2.1917998906375402,-53.268839143380603,2.1917998906375402,53.313911978431634
1434,0.86460389400278936,-1.6953205852829178,-53.206555241657725,1.6953205852829178,53.23355739165342
1435,0.8640013825783972,-1.2032247678229453,-53.145045445129242,1.2032247678229453,53.158664441525936
1436,0.86339971030640661,-0.71519265367573848,-53.084423945565916,0.71519265367573848,53.089241529376217
1437,0.86279887543493383,-0.23089553470866964,-53.024795120549499,0.23089553470866964,53.025297833432276
1438,0.862198876216968,0.25000859992954627,-52.966250672507101,0.25000859992954627,52.966840708153413
1439,0.86159971091035437,0.72787751947522494,-52.908866529174972,0.72787751947522494,52.913873068273965
1440,0.86100137777777774,1.2030863253824164,-52.852696131393245,1.2030863253824164,52.866387289692042
1441,0.86040387508674521,1.6760303307245317,-52.797760249473797,1.6760303307245317,52.82435579380428
1442,0.85980720110956999,2.1471280098201175,-52.744034270076412,2.1471280098201175,52.787719308315914
1443,0.85921135412335403,2.6168211352770339,-52.691430797769783,2.6168211352770339,52.756370538260065
1444,0.85861633240997226,3.0855701763902097,-52.639773701224883,3.0855701763902097,52.730129135339645
1445,0.85802213425605534,3.5538417582294421,-52.588760597850239,3.5538417582294421,52.708704522692841
1446,0.85742875795297369,4.0220793194854076,-52.537911292725681,4.0220793194854076,52.691643028610756
1447,0.85683620179682096,4.4906389355442204,-52.486500531884531,4.4906389355442204,52.678255249513917
1448,0.85624446408839772,4.9596584758336988,-52.433482014662999,4.9596584758336988,52.667525557775136
1449,0.85565354313319519,5.4288097490900258,-52.377442037688624,5.4288097490900258,52.658032717746366
1450,0.85506343724137923,5.8968823666859924,-52.316701969189097,5.8968823666859924,52.647986918584898
1451,0.85447414472777394,6.3612603685475779,-52.249830223005361,6.3612603685475779,52.63563803934877
1452,0.85388566391184562,6.8177580671108675,-52.176844211747166,6.8177580671108675,52.620384804356853
1453,0.8532979931176875,7.2617515879417116,-52.100664710615632,7.2617515879417116,52.604299248378574
1454,0.85271113067400273,7.6905666931021948,-52.027132638319983,7.6905666931021948,52.592464732377707
1455,0.85212507491408929,8.1050373929158379,-51.963053482495312,8.1050373929158379,52.591354407024284
1456,0.85153982417582408,8.5093307459651069,-51.913868248273602,8.5093307459651069,52.606638613803646
1457,0.85095537680164712,8.9091695725623445,-51.881955548558423,8.9091695725623445,52.641339401797737
1458,0.85037173113854592,9.3095451919644177,-51.867018056759889,9.3095451919644177,52.695874542334764
1459,0.84978888553803966,9.7138887014533832,-51.867543220818902,9.7138887014533832,52.769325118554818
1460,0.84920683835616428,10.124335320296682,-51.881911546514857,10.124335320296682,52.860523185059364
1461,0.84862558795345644,10.542260774266818,-51.908782072630174,10.542260774266818,52.96848986422453
1462,0.84804513269493842,10.968672264138061,-51.947188268825656,10.968672264138061,53.092580840216179
1463,0.8474654709501025,11.404436055236214,-51.996445164530527,11.404436055236214,53.232428758098216
1464,0.84688660109289615,11.850415089037977,-52.056096245100903,11.850415089037977,53.387915243636428
1465,0.84630852150170643,12.307517682167816,-52.125814250689785,12.307517682167816,53.559084222886852
1466,0.84573123055934507,12.776755743318542,-52.205359785857226,12.776755743318542,53.746116861548444
1467,0.84515472665303337,13.259239244487254,-52.294516512946572,13.259239244487254,53.949271382154855
1468,0.84457900817438691,13.756214907560576,-52.393050697556632,13.756214907560576,54.168858304192938
1469,0.84400407351940088,14.269044176159873,-52.500663100686651,14.269044176159873,54.405195043423959
1470,0.84342992108843529,14.799225559743299,-52.616927551656943,14.799225559743299,54.658559642058584
1471,0.8428565492861998,15.348354729481056,-52.741235615979662,15.348354729481056,54.929135503867755
1472,0.84228395652173904,15.918096550025194,-52.87269493500024,15.918096550025194,55.216914686222047
1473,0.84171214120841809,16.510071289755992,-53.010046967760729,16.510071289755992,55.521595199679055
1474,0.84114110176390766,17.125658903761629,-53.151544200910479,17.125658903761629,55.842410798866212
1475,0.8405708366101694,17.765626012089424,-53.294944827924468,17.765626012089424,56.178008257795518
1476,0.84000134417344163,18.429538231182988,-53.437731130057898,18.429538231182988,56.526445030118374
1477,0.83943262288422471,19.115148176258991,-53.577996948697532,19.115148176258991,56.885768403309619
1478,0.83886467117726649,19.818480139476769,-53.716172602223921,19.818480139476769,57.255561774125901
1479,0.83829748749154831,20.53578993018467,-53.856729650396019,20.53578993018467,57.639101282831604
1480,0.83773107027027016,21.26672267285322,-54.007647550347244,21.26672267285322,58.043944448724176
1481,0.83716541796083721,22.016022587263954,-54.177654824797571,22.016022587263954,58.480112285099359
1482,0.83660052901484472,22.793132767482412,-54.373273716839293,22.793132767482412,58.957440548605973
1483,0.83603640188806472,23.609864099092455,-54.596699820788103,23.609864099092455,59.482983399446752
1484,0.83547303504043124,24.477541475292526,-54.846387356134912,24.477541475292526,60.060604747986524
1485,0.83491042693602691,25.406083926535011,-55.118857797480146,25.406083926535011,60.692318998214091
1486,0.83434857604306856,26.404451008184587,-55.410072841739876,26.404451008184587,61.37972959675318
1487,0.83378748083389365,27.48151221851051,-55.715819847736071,27.48151221851051,62.124762334527475
1488,0.83322713978494622,28.64675509841728,-56.031695913168008,28.64675509841728,62.930020853122436
1489,0.83266755137676285,29.910858986070892,-56.352731391043548,29.910858986070892,63.798823033937886
1490,0.8321087140939597,31.28617580877075,-56.672977920023101,31.28617580877075,64.735239422286355
1491,0.83155062642521793,32.787182622823693,-56.98484463513546,32.787182622823693,65.743987272091417
1492,0.83099328686327067,34.430977281421221,-57.278301518068957,34.430977281421221,66.830352545445734
1493,0.83043669390488939,36.237766616274016,-57.539659011781794,36.237766616274016,67.999912415588199
1494,0.82988084605087009,38.231375279016362,-57.749875203447615,38.231375279016362,69.258112461564806
1495,0.82932574180602003,40.439550294392561,-57.881988412851513,40.439550294392561,70.609360644592883
1496,0.82877137967914427,42.893820666442295,-57.897358651712238,42.893820666442295,72.055423045110985
1497,0.82821775818303267,45.628087372279225,-57.74010560953775,45.628087372279225,73.592405539246499
1498,0.82766487583444592,48.674518439752802,-57.329244139214666,48.674518439752802,75.205391953739024
1499,0.82711273115410266,52.053681723874448,-56.548465708100764,52.053681723874448,76.859057728745725
1500,0.8265613226666666,55.753784422101987,-55.235808884426305,55.753784422101987,78.482348719333643
1501,0.82601064890073284,59.691980968222595,-53.18190514934426,59.691980968222595,79.946529801014492
1502,0.8254607083888148,63.656145513118645,-50.15901519264132,63.656145513118645,81.043393726342416
1503,0.8249114996673319,67.254038702800756,-46.016187496985751,67.254038702800756,81.489847426508106
1504,0.82436302127659566,69.955230719200529,-40.844342716350681,69.955230719200529,81.006139501319808
1505,0.82381527176079727,71.310262391804798,-35.086422426620274,71.310262391804798,79.474590663225769
1506,0.82326824966799461,71.223922299351642,-29.393951770237308,71.223922299351642,77.050966952888501
1507,0.82272195355009947,69.984772208649446,-24.299317371124957,69.984772208649446,74.083231340156914
1508,0.82217638196286469,68.034104290238531,-20.033225134398826,68.034104290238531,70.92227757101827
1509,0.82163153346587137,65.749642406985458,-16.583283699083125,65.749642406985458,67.808707220317487
1510,0.82108740662251645,63.377057866109425,-13.827446211872079,63.377057866109425,64.867940714241868
1511,0.82054399999999994,61.051544325855744,-11.623842121098615,61.051544325855744,62.148248327914729
1512,0.82000131216931216,58.837866680110963,-9.8479522766405907,58.837866680110963,59.656321706165407
1513,0.81945934170522139,56.761321965148568,-8.4011941542545188,56.761321965148568,57.379680501452235
1514,0.81891808718626147,54.826714514716684,-7.2086691916420733,54.826714514716684,55.298585298294704
1515,0.81837754719471945,53.028938705615431,-6.2142518416734447,53.028938705615431,53.391808980363834
1516,0.81783772031662261,51.358567069045606,-5.3759089785357936,51.358567069045606,51.639159643928728
1517,0.81729860514172703,49.804730236963437,-4.6619641041810116,49.804730236963437,50.022445594806456
1518,0.8167602002635046,48.356525804420926,-4.048333357998338,48.356525804420926,48.525690009015932
1519,0.8162225042791309,47.003675767654642,-3.5165037920956976,47.003675767654642,47.135032985992787
1520,0.81568551578947368,45.736789812615299,-3.0520995591546054,45.736789812615299,45.838512782182868
1521,0.81514923339907952,44.547424357154441,-2.6438328880400874,44.547424357154441,44.625809451440531
1522,0.81461365571616284,43.428058626440333,-2.28275892604338,43.428058626440333,43.488012881436298
1523,0.81407878135259348,42.372011678523904,-1.9617249961158727,42.372011678523904,42.417399008488864
1524,0.81354460892388447,41.373363206128985,-1.674968018899186,41.373363206128985,41.407254205641351
1525,0.81301113704918027,40.426857105566071,-1.4178217565317013,40.426857105566071,40.451711879315475
1526,0.81247836435124499,39.527824225983366,-1.1864908593647172,39.527824225983366,39.545627427056878
1527,0.81194628945645053,38.672108164221484,-0.9778962168652896,38.672108164221484,38.684470151162799
1528,0.81141491099476437,37.856003999458096,-0.78955030843251972,37.856003999458096,37.864236800661033
1529,0.81088422759973833,37.076217286429184,-0.61948006409444467,37.076217286429184,37.081392150515612
1530,0.8103542379084967,36.329833806533657,-0.46616983203886964,36.329833806533657,36.332824535434334
1531,0.80982494056172427,35.614329638047153,-0.32852841733084936,35.614329638047153,35.615844879610499
1532,0.80929633420365532,34.927614915261827,-0.20586550609787668,34.927614915261827,34.928221601957084
1533,0.8087684174820613,34.268148393859178,-0.097837420476574621,34.268148393859178,34.26828805914294
1534,0.80824118904823983,33.635117136812212,-0.0043071824068006137,33.635117136812212,33.635117412592734
1535,0.80771464755700317,33.028617204191633,0.07501426128995714,33.028617204191633,33.028702389897497
1536,0.80718879166666657,32.44959480180998,0.14120743937116753,32.44959480180998,32.449902039029134
1537,0.80666362003903702,31.8991464113316,0.19681218390285959,31.8991464113316,31.899753554021419
1538,0.80613913133940174,31.377227391465851,0.24573801505693638,31.377227391465851,31.37818965376746
1539,0.80561532423651716,30.881814705219298,0.29198668324183963,30.881814705219298,30.883195037280217
1540,0.8050921974025973,30.409472990799081,0.33822735196006626,30.409472990799081,30.411353888305474
1541,0.80456974951330296,29.956636983221081,0.38545993065892503,29.956636983221081,29.959116787759822
1542,0.80404797924773019,29.52042431574263,0.43358923576102004,29.52042431574263,29.523608373755003
1543,0.80352688528839922,29.09876798503776,0.48208736895328297,29.09876798503776,29.102761148701386
1544,0.80300646632124351,28.69022916879846,0.53037912977513546,28.69022916879846,28.695131151111244
1545,0.80248672103559859,28.293779169426031,0.57799217425701244,28.293779169426031,28.299682235702729
1546,0.80196764812419141,27.908640158958704,0.62458399453552804,27.908640158958704,27.915628251724382
1547,0.80144924628312852,27.534185038762168,0.66992664557398474,27.534185038762168,27.542333732987199
1548,0.80093151421188624,27.169880955353278,0.71388060654356567,27.169880955353278,27.17925783844121
1549,0.80041445061329886,26.815255852819696,0.75637010208899014,26.815255852819696,26.825921087327366
1550,0.79989805419354831,26.469880167019355,0.79736494560606452,26.469880167019355,26.481887147876112
1551,0.79938232366215334,26.133356475305924,0.83686578548818291,26.133356475305924,26.146752475371294
1552,0.79886725773195866,25.805312572448194,0.8748943050310336,25.805312572448194,25.820139368460595
1553,0.79835285511912424,25.485398127702886,0.9114862090220659,25.485398127702886,25.501692587684435
1554,0.79783911454311451,25.1732818159361,0.94668577652348418,25.1732818159361,25.191076422892515
1555,0.79732603472668806,24.868649469725462,0.98054278188184929,24.868649469725462,24.887972810077905
1556,0.79681361439588683,24.571202997513652,1.0131097689272532,24.571202997513652,24.592080191576308
1557,0.79630185228002559,24.280658940873955,1.044440345059382,24.280658940873955,24.303112027833599
1558,0.79579074711168163,23.996747747374243,1.074588196866247,23.996747747374243,24.020796036850133
1559,0.79528029762668373,23.719212909922064,1.1036060334654019,23.719212909922064,23.744873285476064
1560,0.79477050256410253,23.447810062829731,1.1315452205910126,23.447810062829731,23.475097259197494
1561,0.79426136066623954,23.182306462383622,1.1584554101753395,23.182306462383622,23.211233311766055
1562,0.79375287067861711,22.922480190030996,1.1843842245549581,22.922480190030996,22.953057836674787
1563,0.79324503134996793,22.668119544239623,1.2093772870118167,22.668119544239623,22.700357642431065
1564,0.79273784143222503,22.41902253508951,1.2334780721331846,22.41902253508951,22.452929420975
1565,0.79223129968051109,22.17499621004427,1.2567279109846887,22.17499621004427,22.210579054984713
1566,0.79172540485312892,21.935856202205606,1.2791660991100651,21.935856202205606,21.973121153649398
1567,0.79122015571155069,21.701426241669431,1.3008298559669744,21.701426241669431,21.740378544008696
1568,0.79071555102040814,21.471537612743987,1.3217544439856175,21.471537612743987,21.512181717940084
1569,0.79021158954748238,21.246028784831836,1.3419732740729549,21.246028784831836,21.288368453083226
1570,0.78970827006369426,21.024744969698752,1.3615179222109535,21.024744969698752,21.068783355793819
1571,0.78920559134309354,20.807537682234383,1.3804182702877981,20.807537682234383,20.853277416237194
1572,0.78870355216284982,20.594264421299201,1.3987026004251595,20.594264421299201,20.641707681750223
1573,0.78820215130324212,20.384788285086117,1.4163976366527662,20.384788285086117,20.433936862310695
1574,0.78770138754764929,20.178977602904418,1.4335286729190562,20.178977602904418,20.229832959137333
1575,0.78720125968253962,19.976705649094143,1.4501196597111095,19.976705649094143,20.029268973630327
1576,0.78670176649746182,19.777850311539929,1.4661932531148083,19.777850311539929,19.832122569234983
1577,0.78620290678503479,19.58229376919337,1.4817709194774633,19.58229376919337,19.63827574714233
1578,0.78570467934093779,19.389922225272151,1.4968730145168985,19.389922225272151,19.447614576695312
1579,0.78520708296390118,19.20062561376092,1.5115188309642171,19.20062561376092,19.260028897594399
1580,0.78471011645569611,19.014297303508272,1.5257266778800456,19.014297303508272,19.075412022858032
1581,0.78421377862112585,18.830833837134193,1.5395139478175577,18.830833837134193,18.8936604763948
1582,0.78371806826801516,18.650134655610785,1.5528971564315102,18.650134655610785,18.714673714785079
1583,0.78322298420720149,18.472101811113475,1.5658919953191979,18.472101811113475,18.538353839031835
1584,0.78272852525252523,18.296639696768892,1.5785133799149365,18.296639696768892,18.364605323391782
1585,0.78223469022082015,18.123654767655047,1.5907754727460173,18.123654767655047,18.193334733957816
1586,0.78174147793190407,17.953055242886357,1.6026917048627605,17.953055242886357,18.024450428652884
1587,0.78124888720856955,17.784750807368219,1.6142747931523314,17.784750807368219,17.857862256944181
1588,0.78075691687657423,17.618652303739601,1.6255367348830927,17.618652303739601,17.693481248090304
1589,0.7802655657646318,17.454671399143081,1.6364887867099331,17.454671399143081,17.531219273087963
1590,0.77977483270440251,17.292720233258287,1.6471414327074079,17.292720233258287,17.37098868703454
1591,0.77928471653048392,17.132711046460386,1.6575043279105495,17.132711046460386,17.212701949390397
1592,0.77879521608040192,16.974555773624431,1.6675862122498892,16.974555773624431,17.05627120701276
1593,0.77830633019460127,16.8181655980123,1.6773947967149012,16.8181655980123,16.901607834351459
1594,0.77781805771643653,16.663450463089241,1.6869366123948066,16.663450463089241,16.748621927492039
1595,0.77733039749216293,16.510318529939127,1.6962168086329314,16.510318529939127,16.597221738048212
1596,0.77684334837092728,16.358675565512783,1.705238890825691,16.358675565512783,16.447313030780723
1597,0.77635690920475886,16.208424250490467,1.7140043836895738,16.208424250490467,16.298798351755707
1598,0.77587107884856066,16.059463391442456,1.7225123955588764,16.059463391442456,16.151576188531397
1599,0.77538585616010003,15.911687015001817,1.7307590532305346,15.911687015001817,16.005539996005034
1600,0.77490123999999994,15.764983319600724,1.7387367692160502,15.764983319600724,15.860577058225623
1601,0.77441722923173006,15.619233458464507,1.746433287238436,15.619233458464507,15.716567152428407
1602,0.77393382272159794,15.474310122246052,1.7538304299073597,15.474310122246052,15.573380973196402
1603,0.77345101933873983,15.330075885206597,1.7609024451712203,15.330075885206597,15.430878266242749
1604,0.77296881795511219,15.186381278882571,1.7676138090077149,15.186381278882571,15.288905615687142
1605,0.77248721744548277,15.043062562071277,1.7739162840032232,15.043062562071277,15.147293825269326
1606,0.77200621668742209,14.899939169841055,1.7797449516363963,14.899939169841055,15.005854835957829
1607,0.77152581456129432,14.756810858431756,1.7850128205983391,14.756810858431756,14.864378139741662
1608,0.77104600995024875,14.61345463622294,1.789603448633033,14.61345463622294,14.722626698667089
1609,0.7705668017402113,14.469621715745468,1.7933607815093346,14.469621715745468,14.580332488987642
1610,0.77008818881987573,14.325034998501344,1.7960750886668726,14.325034998501344,14.437192020348627
1611,0.76961017008069521,14.1793881244628,1.7974634442639188,14.1793881244628,14.292862639010485
1612,0.7691327444168734,14.032348081215499,1.7971426778445703,14.032348081215499,14.146961316018457
1613,0.76865591072535644,13.883565122122057,1.794592212768797,13.883565122122057,13.999069315862913
1614,0.76817966790582404,13.732696864381538,1.7891041089582069,13.732696864381538,13.848749282216271
1615,0.76770401486068107,13.579458761254717,1.7797189998483323,13.579458761254717,13.695586879248316
1616,0.76722895049504947,13.423721471366438,1.7651520957081892,13.423721471366438,13.539278417323699
1617,0.76675447371675942,13.26568622879568,1.7437287613118277,13.26568622879568,13.379798993777351
1618,0.76628058343634109,13.106174709674413,1.7133845537987766,13.106174709674413,13.217696552338666
1619,0.76580727856701658,12.947043545529347,1.6718496829702905,12.947043545529347,13.054540127184909
1620,0.7653345580246913,12.791615180836743,1.6172105731859623,12.791615180836743,12.893439764959446
1621,0.76486242072794564,12.644749916874961,1.5489870782394415,12.644749916874961,12.739272405787627
1622,0.76439086559802705,12.511940557187494,1.4694121200109187,12.511940557187494,12.597929531674176
1623,0.76391989155884155,12.39724872722309,1.3838155565479631,12.39724872722309,12.474242321647381
1624,0.7634494975369458,12.301310780599152,1.2990907120018333,12.301310780599152,12.369716391206969
1625,0.76297968246153836,12.221231394951175,1.2210551212394716,12.221231394951175,12.282079319807597
1626,0.76251044526445255,12.152365384281023,1.1528220313931816,12.152365384281023,12.206923571036937
1627,0.76204178488014751,12.090248620404701,1.0949679886398298,12.090248620404701,12.139730911323518
1628,0.76157370024570015,12.031533480654648,1.0465740099089804,12.031533480654648,12.076966301780043
1629,0.76110619030079796,11.974056771094354,1.0061612332319136,11.974056771094354,12.016255489321509
1630,0.76063925398773002,11.916556050742532,0.97222229991337228,11.916556050742532,11.956150062245676
1631,0.76017289025137946,11.858357366487258,0.94343850165910426,11.858357366487258,11.89582765669272
1632,0.75970709803921566,11.799140157670745,0.91873057849847839,11.799140157670745,11.834854216940172
1633,0.75924187630128592,11.738784266558795,0.89724070206019824,11.738784266558795,11.773024120175826
1634,0.75877722399020797,11.677277119433711,0.87829383321230037,11.677277119433711,11.710260500155787
1635,0.75831314006116202,11.614659493646563,0.86135825894708051,11.614659493646563,11.646555422252993
1636,0.75784962347188256,11.550994572339359,0.84601183611641306,11.550994572339359,11.581934710447232
1637,0.75738667318265118,11.486350636544472,0.83191504746151179,11.486350636544472,11.516437539093349
1638,0.75692428815628809,11.420791610800553,0.81879008168065925,11.420791610800553,11.450104725075267
1639,0.75646246735814515,11.354372076338652,0.80640468680509425,11.354372076338652,11.38297209725299
1640,0.75600120975609753,11.287134791843414,0.79455959794814068,11.287134791843414,11.315066803334993
1641,0.75554051432053615,11.219109596485204,0.78307853420160134,11.219109596485204,11.246405298079637
1642,0.75508038002436051,11.150313059034609,0.77179995647045474,11.150313059034609,11.176992282688825
1643,0.75462080584297009,11.080748529556327,0.76056993377096227,11.080748529556327,11.106820183987002
1644,0.75416179075425782,11.010406435908433,0.74923557083628423,11.010406435908433,11.035868965536887
1645,0.75370333373860177,10.939264802046928,0.73763850662909547,10.939264802046928,10.964106209617126
1646,0.75324543377885778,10.867290088412496,0.7256080058275709,10.867290088412496,10.891487540452385
1647,0.75278808986035206,10.79443860152389,0.71295313746392674,10.79443860152389,10.817957612150673
1648,0.75233130097087375,10.7206589320121,0.69945347142943526,10.7206589320121,10.743452103268554
1649,0.75187506610066701,10.645896220461879,0.68484763760641454,10.645896220461879,10.667901509836861
1650,0.75141938424242416,10.570099620477933,0.66881902821205952,10.570099620477933,10.591238118337547
1651,0.75096425439127801,10.4932352788428,0.65097800904337444,10.4932352788428,10.513408533173681
1652,0.75050967554479409,10.415308668143108,0.63084053096807868,10.415308668143108,10.434395738527893
1653,0.75005564670296421,10.336402370565061,0.60780460637700506,10.336402370565061,10.354257115107586
1654,0.74960216686819825,10.256738389430016,0.58113002596912455,10.256738389430016,10.273188136907176
1655,0.74914923504531716,10.176776571424423,0.5499354171939782,10.176776571424423,10.191624519563961
1656,0.74869685024154586,10.097357943545468,0.51324371914145595,10.097357943545468,10.110393491616383
1657,0.74824501146650568,10.019880772330879,0.47013281104073718,10.019880772330879,10.030904024650177
1658,0.74779371773220737,9.9464350704413,0.42006495714061659,9.9464350704413,9.9553013605175291
1659,0.7473429680530439,9.8797108103750659,0.36341367106178596,9.8797108103750659,9.886392425599773
1660,0.74689276144578309,9.8224363398006496,0.3019864314031932,9.8224363398006496,9.8270774625108146
1661,0.74644309692956046,9.7763578737811834,0.23904322643780385,9.7763578737811834,9.7792798784138064
1662,0.74599397352587238,9.7413662654811475,0.17843715354079959,9.7413662654811475,9.7430003867401052
1663,0.74554539025856881,9.7155448107572404,0.12331391019679139,9.7155448107572404,9.7163273560682377
1664,0.74509734615384615,9.6960943192190996,0.075323989305293604,9.6960943192190996,9.696386891546652
1665,0.74464984024024017,9.6803344149070512,0.034708935503251714,9.6803344149070512,9.6803966393241137
1666,0.74420287154861942,9.6662210917728366,0.00084622816715651528,9.6662210917728366,9.666221128814307
1667,0.74375643911217748,9.6524082904511843,-0.027232041227686632,9.6524082904511843,9.6524467048329363
1668,0.74331054196642676,9.6381017013319372,-0.050524214208451879,9.6381017013319372,9.638234127755922
1669,0.74286517914919104,9.6228811226777076,-0.069919009742114402,9.6228811226777076,9.6231351320196215
1670,0.74242034970059878,9.6065589342007343,-0.086155853867485921,9.6065589342007343,9.6069452682643934
1671,0.74197605266307598,9.5890839404746835,-0.099830504855282443,9.5890839404746835,9.589603586549817
1672,0.74153228708133967,9.5704809389600385,-0.11141633289708419,9.5704809389600385,9.5711294527988517
1673,0.74108905200239084,9.5508143468097089,-0.12128797641379707,9.5508143468097089,9.5515844476426395
1674,0.74064634647550776,9.5301669196394165,-0.12974241524277352,9.5301669196394165,9.5310500266498686
1675,0.74020416955223878,9.5086276063076838,-0.13701618600117693,9.5086276063076838,9.5096147340816533
1676,0.73976252028639611,9.4862848288559292,-0.1432988973758621,9.4862848288559292,9.4873670967329655
1677,0.73932139773404881,9.4632229446408935,-0.14874364717907929,9.4632229446408935,9.4643918543429937
1678,0.73888080095351605,9.4395205542279825,-0.15347499343410065,9.4395205542279825,9.4407681290932128
1679,0.73844072900536029,9.415249864061753,-0.15759504764851362,9.415249864061753,9.4165687063684818
1680,0.73800118095238088,9.3904766375191215,-0.16118814477347843,9.3904766375191215,9.3918599381489898
1681,0.73756215585960727,9.3652604603629754,-0.16432443922008988,9.3652604603629754,9.3667019815815173
1682,0.73712365279429248,9.3396551606944946,-0.16706269036087995,9.3396551606944946,9.3411492046320461
1683,0.73668567082590608,9.3137092911926871,-0.16945243445772873,9.3137092911926871,9.3152506615974993
1684,0.7362482090261282,9.2874666216176394,-0.17153568988910917,9.2874666216176394,9.2890505833786641
1685,0.73581126646884265,9.2609666133623598,-0.1733483053477558,9.2609666133623598,9.2625888524094186
1686,0.73537484223013039,9.234244861881642,-0.174921033178429,9.234244861881642,9.2359014469100806
1687,0.73493893538826316,9.2073335009982245,-0.17628038971728743,9.2073335009982245,9.2090208477559159
1688,0.73450354502369664,9.1802615677627131,-0.17744934946722557,9.1802615677627131,9.1819764062083848
1689,0.73406867021906452,9.1530553290971071,-0.17844790878095007,9.1530553290971071,9.1547946734845596
1690,0.73363431005917157,9.125738572774452,-0.17929354639529715,9.125738572774452,9.1274996945714832
1691,0.73320046363098756,9.0983328658611313,-0.18000160190827463,9.0983328658611313,9.1001132693334306
1692,0.73276713002364058,9.0708577838919382,-0.18058558857415974,9.0708577838919382,9.0726551841450274
1693,0.73233430832841107,9.0433311139787413,-0.18105745320839606,9.0433311139787413,9.0451434172387959
1694,0.73190199763872488,9.0157690348227852,-0.18142779325721536,9.0157690348227852,9.0175943207396259
1695,0.73147019705014749,8.9881862763663278,-0.18170603898299342,8.9881862763663278,8.9900227821325824
1696,0.73103890566037733,8.9605962615104424,-0.18190060708855893,8.9605962615104424,8.9624423676057248
1697,0.73060812256923979,8.9330112320745449,-0.18201903083895732,8.9330112320745449,8.9348654494601956
1698,0.7301778468786807,8.9054423609013718,-0.18206807074670706,8.9054423609013718,8.9073033195082143
1699,0.7297480776927604,8.8778998517884773,-0.18205380910929647,8.8778998517884773,8.8797662901563488
1700,0.72931881411764699,8.8503930287076003,-0.18198173106953364,8.8503930287076003,8.8522637846507468
1701,0.72889005526161077,8.8229304155968613,-0.18185679437920532,8.8229304155968613,8.8248044177832092
1702,0.72846180023501761,8.7955198078386019,-0.18168348965518999,8.7955198078386019,8.7973960681837262
1703,0.72803404815032291,8.7681683364020664,-0.18146589260063883,8.7681683364020664,8.7700459431898725
1704,0.72760679812206563,8.7408825254996358,-0.18120770941134179,8.7408825254996358,8.742760637152033
1705,0.72718004926686208,8.7136683445015599,-0.18091231637971461,8.7136683445015599,8.7155461839282591
1706,0.72675380070339968,8.6865312547550459,-0.1805827945416642,8.6865312547550459,8.6884081042225887
1707,0.72632805155243108,8.6594762518837065,-0.18022196007406116,8.6594762518837065,8.6613514483497802
1708,0.72590280093676807,8.6325079040558137,-0.17983239103747328,8.6325079040558137,8.6343808349210747
1709,0.72547804798127558,8.6056303866693717,-0.17941645096596204,8.6056303866693717,8.6075004859043975
1710,0.72505379181286544,8.5788475138310005,-0.17897630972864248,8.5788475138310005,8.5807142584407519
1711,0.72463003156049088,8.5521627669689693,-0.17851396202346326,8.5521627669689693,8.554025673761311
1712,0.72420676635514014,8.5255793208807304,-0.1780312438107402,8.5255793208807304,8.5274379435092893
1713,0.72378399532983062,8.4991000674759576,-0.17752984694867618,8.4991000674759576,8.5009539937307874
1714,0.72336171761960322,8.4727276374511078,-0.17701133225610111,8.4727276374511078,8.4745764867735378
1715,0.72293993236151599,8.4464644200989802,-0.176477141195788,8.4464644200989802,8.448307841299501
1716,0.72251863869463862,8.4203125814390987,-0.17592860634511298,8.4203125814390987,8.4221502505994348
1717,0.72209783576004649,8.394274080831746,-0.17536696079817637,8.394274080831746,8.3961056993741607
1718,0.72167752270081487,8.3683506862187329,-0.17479334662414192,8.3683506862187329,8.3701759791274171
1719,0.72125769866201273,8.3425439881230403,-0.17420882249026898,8.3425439881230403,8.3443627023039522
1720,0.72083836279069757,8.3168554125227452,-0.17361437054440015,8.3168554125227452,8.3186673152896553
1721,0.72041951423590933,8.2912862326995338,-0.17301090263873981,8.2912862326995338,8.2930911103752312
1722,0.72000115214866434,8.2658375801605821,-0.17239926596763994,8.2658375801605821,8.2676352367833168
1723,0.71958327568195002,8.240510454709522,-0.17178024818230592,8.240510454709522,8.2423007108356909
1724,0.71916588399071923,8.2153057337484334,-0.17115458203792272,8.2153057337484334,8.2170884253433982
1725,0.71874897623188405,8.1902241808734821,-0.17052294962236164,8.1902241808734821,8.191999158283199
1726,0.71833255156431053,8.1652664538258932,-0.16988598620938489,8.1652664538258932,8.1670335808226469
1727,0.71791660914881295,8.1404331118562077,-0.16924428377463563,8.1404331118562077,8.1421922647524934
1728,0.71750114814814814,8.1157246225449953,-0.16859839420801609,8.1157246225449953,8.1174756893699804
1729,0.71708616772700973,8.0911413681307565,-0.16794883225268414,8.0911413681307565,8.0928842478644096
1730,0.71667166705202312,8.0666836513834141,-0.16729607819693071,8.0666836513834141,8.0684182532437259
1731,0.71625764529173885,8.0423517010584682,-0.16664058034305512,8.0423517010584682,8.0440779438376353
1732,0.71584410161662815,8.0181456769698123,-0.1659827572740209,8.0181456769698123,8.0198634884156217
1733,0.71543103519907669,7.9940656747043981,-0.16532299993699912,7.9940656747043981,7.9957749909433566
1734,0.71501844521337943,7.9701117300149242,-0.16466167356067118,7.9701117300149242,7.9718124950139977
1735,0.71460633083573477,7.9462838229089918,-0.16399911942124007,7.9462838229089918,7.9479759879730434
1736,0.71419469124423962,7.9225818814621931,-0.16333565647110349,7.9225818814621931,7.9242654047645242
1737,0.71378352561888303,7.8990057853721041,-0.16267158284195482,7.8990057853721041,7.900680631515633
1738,0.71337283314154198,7.8755553692777873,-0.16200717723368618,7.8755553692777873,7.8772215088846789
1739,0.71296261299597463,7.8522304258553746,-0.16134270019878455,7.8522304258553746,7.853887835183051
1740,0.71255286436781606,7.8290307087140043,-0.16067839533113643,7.8290307087140043,7.8306793692956855
1741,0.71214358644457199,7.8059559350996643,-0.16001449036753368,7.8059559350996643,7.8075958334076994
1742,0.71173477841561417,7.7830057884247488,-0.1593511982089108,7.7830057884247488,7.7846369155551338
1743,0.71132643947217433,7.7601799206350144,-0.15868871786812244,7.7601799206350144,7.7618022720116668
1744,0.71091856880733939,7.7374779544246515,-0.15802723535020741,7.7374779544246515,7.7390915295220486
1745,0.71051116561604577,7.7148994853103936,-0.15736692447054823,7.7148994853103936,7.7165042873933452
1746,0.71010422909507442,7.6924440835747987,-0.15670794761595891,7.6924440835747987,7.6940401194542085
1747,0.70969775844304517,7.6701112960873878,-0.15605045645315979,7.6701112960873878,7.6716985758909084
1748,0.70929175286041179,7.6479006480125271,-0.15539459258876065,7.6479006480125271,7.6494791849691479
1749,0.70888621154945675,7.6258116444098789,-0.1547404881845183,7.6258116444098789,7.6273814546475167
1750,0.70848113371428567,7.6038437717370009,-0.15408826653121688,7.6038437717370009,7.6054048740922511
1751,0.70807651856082232,7.5819964992594997,-0.15343804258445681,7.5819964992594997,7.5835489150987527
1752,0.70767236529680355,7.5602692803743032,-0.15278992346500408,7.5602692803743032,7.561813033425504
1753,0.70726867313177411,7.5386615538517887,-0.15214400892653362,7.5386615538517887,7.5401966700461669
1754,0.70686544127708095,7.5171727450035455,-0.15150039179297531,7.5171727450035455,7.518699252326666
1755,0.70646266894586884,7.4958022667797088,-0.15085915836786612,7.4958022667797088,7.4973201951312767
1756,0.7060603553530751,7.474549520797698,-0.15022038881748023,7.474549520797698,7.4760589018595605
1757,0.70565849971542394,7.4534138983117053,-0.14958415752989762,7.4534138983117053,7.4549147654235473
1758,0.70525710125142205,7.4323947811231825,-0.14895053345146964,7.4323947811231825,7.4338871691654438
1759,0.70485615918135303,7.4114915424361243,-0.14831958040240817,7.4114915424361243,7.4129754877196889
1760,0.70445567272727272,7.3907035476624543,-0.14769135737283923,7.3907035476624543,7.3921790878247133
1761,0.70405564111300389,7.3700301551789558,-0.14706591880080649,7.3700301551789558,7.3714973290858543
1762,0.70365606356413157,7.3494707170385425,-0.14644331483329687,7.3494707170385425,7.3509295646922368
1763,0.70325693930799771,7.3290245796405848,-0.14582359157160463,7.3290245796405848,7.3304751420924061
1764,0.70285826757369607,7.3086910843605004,-0.14520679130185393,7.3086910843605004,7.3101334036288863
1765,0.70246004759206793,7.2884695681424354,-0.14459295271196804,7.2884695681424354,7.2899036871355403
1766,0.70206227859569648,7.2683593640565256,-0.14398211109565601,7.2683593640565256,7.2697853264992451
1767,0.70166495981890209,7.2483598018233764,-0.14337429854457484,7.2483598018233764,7.2497776521885244
1768,0.70126809049773753,7.2284702083076517,-0.14276954412914133,7.2284702083076517,7.2298799917510461
1769,0.70087166986998295,7.2086899079818458,-0.14216787406897419,7.2086899079818458,7.2100916702810807
1770,0.70047569717514124,7.1890182233629183,-0.14156931189343258,7.1890182233629183,7.1904120108596077
1771,0.70008017165443248,7.169454475422782,-0.14097387859306298,7.169454475422782,7.1708403349680934
1772,0.69968509255079003,7.1499979839739751,-0.14038159276230983,7.1499979839739751,7.1513759628772418
1773,0.69929045910885501,7.1306480680336861,-0.13979247073424883,7.1306480680336861,7.1320182140139359
1774,0.69889627057497172,7.1114040461642318,-0.13920652670768446,7.1114040461642318,7.1127664073044761
1775,0.698502526197183,7.092265236793434,-0.13862377286716265,7.092265236793434,7.0936198614975527
1776,0.69810922522522523,7.0732309585173532,-0.13804421949628626,7.0732309585173532,7.0745778954694298
1777,0.6977163669105233,7.0543005303823207,-0.13746787508476671,7.0543005303823207,7.0556398285082986
1778,0.69732395050618667,7.0354732721511848,-0.13689474642956773,7.0354732721511848,7.0368049805827164
1779,0.6969319752670039,7.0167485045529627,-0.13632483873052931,7.0167485045529627,7.0180726725933207
1780,0.69654044044943819,6.9981255495174839,-0.13575815568073413,6.9981255495174839,6.9994422266094336
1781,0.69614934531162265,6.9796037303943468,-0.13519469955201685,6.9796037303943468,6.9809129660898686
1782,0.6957586891133557,6.961182372160037,-0.13463447127579725,6.961182372160037,6.9624842160917932
1783,0.69536847111609645,6.9428608016103848,-0.13407747051960683,6.9428608016103848,6.9441553034648456
1784,0.69497869058295958,6.9246383475416557,-0.13352369575949952,6.9246383475416557,6.925925557033783
1785,0.69458934677871143,6.9065143409196139,-0.13297314434856328,6.9065143409196139,6.9077943077690316
1786,0.6942004389697648,6.8884881150384167,-0.13242581258186703,6.8884881150384167,6.8897608889469808
1787,0.69381196642417453,6.8705590056683956,-0.13188169575786945,6.8705590056683956,6.8718246362990865
1788,0.69342392841163303,6.8527263511941392,-0.13134078823665857,6.8527263511941392,6.8539848881512109
1789,0.69303632420346561,6.8349894927438459,-0.13080308349511316,6.8349894927438459,6.8362409855541673
1790,0.69264915307262565,6.8173477743094022,-0.13026857417914522,6.8173477743094022,6.8185922724049153
1791,0.69226241429369062,6.7998005428585166,-0.12973725215323623,6.7998005428585166,6.8010380955597691
1792,0.69187610714285708,6.7823471484388289,-0.12920910854738932,6.7823471484388289,6.783577804939509
1793,0.69149023089793638,6.7649869442746517,-0.12868413380163618,6.7649869442746517,6.7662107536270826
1794,0.69110478483835003,6.7477192868566895,-0.12816231770823894,6.7477192868566895,6.7489362979582266
1795,0.69071976824512527,6.7305435360254613,-0.12764364945172041,6.7305435360254613,6.7317537976057533
1796,0.69033518040089081,6.7134590550476076,-0.12712811764680676,6.7134590550476076,6.7146626156566596
1797,0.68995102058987201,6.6964652106874265,-0.12661571037445563,6.6964652106874265,6.6976621186844474
1798,0.68956728809788648,6.67956137327179,-0.12610641521598098,6.67956137327179,6.6807516768147535
1799,0.68918398221234012,6.6627469167501978,-0.12560021928549681,6.6627469167501978,6.6639306637861138
1800,0.68880110222222213,6.6460212187498353,-0.12509710926063461,6.6460212187498353,6.6471984570056586
1801,0.68841864741810099,6.6293836606253489,-0.12459707141174292,6.6293836606253489,6.6305544375995238
1802,0.68803661709211983,6.6128336275050827,-0.1241000916295516,6.6128336275050827,6.6139979904596657
1803,0.68765501053799216,6.5963705083322139,-0.12360615545149128,6.5963705083322139,6.5975285042855623
1804,0.68727382705099771,6.5799936959019369,-0.12311524808659352,6.5799936959019369,6.5811453716219219
1805,0.68689306592797783,6.5637025868953636,-0.1226273544391801,6.5637025868953636,6.5648479888930895
1806,0.68651272646733108,6.5474965819092557,-0.12214245913134814,6.5474965819092557,6.5486357564332458
1807,0.68613280796900933,6.5313750854825781,-0.12166054652426733,6.5313750854825781,6.5325080785134233
1808,0.68575330973451321,6.5153375061197245,-0.12118160073845285,6.5153375061197245,6.5164643633651469
1809,0.68537423106688777,6.4993832563104199,-0.12070560567297689,6.4993832563104199,6.5005040232007483
1810,0.6849955712707182,6.4835117525480968,-0.12023254502368913,6.4835117525480968,6.4846264742321251
1811,0.68461732965212585,6.4677224153430846,-0.11976240230056351,6.4677224153430846,6.4688311366842921
1812,0.68423950551876378,6.4520146692359059,-0.11929516084410791,6.4520146692359059,6.4531174348090197
1813,0.68386209817981247,6.4363879428055153,-0.11883080384097633,6.4363879428055153,6.4374847968934041
1814,0.68348510694597564,6.4208416686779941,-0.11836931433876374,6.4208416686779941,6.4219326552688667
1815,0.68310853112947656,6.4053752835302085,-0.1179106752600651,6.4053752835302085,6.4064604463151094
1816,0.68273237004405285,6.3899882280939941,-0.11745486941578914,6.3899882280939941,6.3910676104645701
1817,0.68235662300495314,6.3746799471563484,-0.1170018795178307,6.3746799471563484,6.3757535922028836
1818,0.68198128932893287,6.3594498895591638,-0.1165516881910551,6.3594498895591638,6.3605178400688605
1819,0.68160636833424959,6.3442975081965276,-0.11610427798468337,6.3442975081965276,6.3453598066520236
1820,0.68123185934065933,6.3292222600104164,-0.11565963138310575,6.3292222600104164,6.330278948588524
1821,0.68085776166941236,6.3142236059854895,-0.11521773081609216,6.3142236059854895,6.3152747265561464
1822,0.68048407464324911,6.2993010111413756,-0.11477855866853998,6.2993010111413756,6.3003466052667916
1823,0.68011079758639603,6.2844539445244862,-0.11434209728963729,6.2844539445244862,6.2854940534584838
1824,0.67973792982456138,6.2696818791983286,-0.11390832900162656,6.2696818791983286,6.2707165438858601
1825,0.67936547068493147,6.2549842922320931,-0.11347723610804078,6.2549842922320931,6.2560135533089234
1826,0.67899341949616643,6.2403606646888417,-0.11304880090155212,6.2403606646888417,6.2413845624813922
1827,0.6786217755883962,6.2258104816121413,-0.1126230056713774,6.2258104816121413,6.2268290561374862
1828,0.67825053829321658,6.211333232012036,-0.11219983271031736,6.211333232012036,6.2123465229780361
1829,0.67787970694368505,6.1969284088496082,-0.11177926432138907,6.1969284088496082,6.197936455655185
1830,0.67750928087431694,6.1825955090211639,-0.11136128282412189,6.1825955090211639,6.183598350756693
1831,0.67713925942108133,6.1683340333411198,-0.11094587056050986,6.1683340333411198,6.1693317087889481
1832,0.67676964192139732,6.1541434865245535,-0.11053300990062975,6.1541434865245535,6.1551360341596251
1833,0.67640042771412978,6.1400233771687613,-0.1101226832479611,6.1400233771687613,6.1410108351593555
1834,0.67603161613958551,6.1259732177342077,-0.10971487304441463,6.1259732177342077,6.1269556239427709
1835,0.67566320653950951,6.1119925245247515,-0.10930956177505952,6.1119925245247515,6.1129699165088249
1836,0.67529519825708051,6.0980808176675758,-0.10890673197261069,6.0980808176675758,6.0990532326808067
1837,0.67492759063690799,6.0842376210923383,-0.10850636622164778,6.0842376210923383,6.0852050960855859
1838,0.67456038302502719,6.0704624625093331,-0.10810844716259604,6.0704624625093331,6.0714250341318374
1839,0.67419357476889608,6.0567548733886216,-0.10771295749545284,6.0567548733886216,6.057712577989256
1840,0.67382716521739128,6.0431143889371715,-0.10731987998334633,6.0431143889371715,6.0440672625657577
1841,0.67346115372080384,6.0295405480760422,-0.1069291974558309,6.0295405480760422,6.0304886264847291
1842,0.67309553963083602,6.0160328934181848,-0.1065408928120187,6.0160328934181848,6.0169762120628958
1843,0.67273032230059682,6.002590971244457,-0.10615494902349551,6.002590971244457,6.0035295652863789
1844,0.67236550108459869,5.9892143314803192,-0.10577134913708153,5.9892143314803192,5.9901482357874523
1845,0.67200107533875331,5.9759025276713142,-0.1053900762773845,5.9759025276713142,5.9768317768200694
1846,0.67163704442036831,5.9626551169598354,-0.1050111136492255,5.9626551169598354,5.9635797452366779
1847,0.67127340768814292,5.9494716600599347,-0.10463444453988696,5.9494716600599347,5.9503917014630625
1848,0.67091016450216445,5.9363517212329544,-0.10426005232122282,5.9363517212329544,5.937267209474026
1849,0.67054731422390479,5.9232948682628752,-0.10388792045159506,5.9232948682628752,5.9242058367687616
1850,0.67018485621621615,5.910300672431271,-0.10351803247771835,5.910300672431271,5.9112071543458518
